10006
4926 4926
8893 8893
3011 3011
5351 5351
9729 9729
1452 1452
5523 5523
9141 9141
5350 5350
7766 7766
1357 1357
8039 8039
5104 5104
5656 5656
8985 8985
4094 4094
4618 4618
2095 2095
6945 6945
5240 5240
3976 3976
4162 4162
3292 3292
7041 7041
2217 2217
3413 3413
653 653
2298 2298
5972 5972
7720 7720
7753 7753
897 897
7692 7692
763 763
6249 6249
7420 7420
2216 2216
2850 2850
7639 7639
7566 7566
1695 1695
8997 8997
6684 6684
6799 6799
4652 4652
6747 6747
1971 1971
348 348
8842 8842
8916 8916
6667 6667
3896 3896
3077 3077
9959 9959
2016 2016
6374 6374
4450 4450
3748 3748
8672 8672
421 421
2547 2547
7503 7503
2398 2398
238 238
8267 8267
9726 9726
8737 8737
1561 1561
2575 2575
6376 6376
205 205
4270 4270
6451 6451
6889 6889
2148 2148
2181 2181
4715 4715
5198 5198
2529 2529
3556 3556
5193 5193
9196 9196
8532 8532
9349 9349
232 232
547 547
5722 5722
4683 4683
5374 5374
5473 5473
7921 7921
2975 2975
7502 7502
8159 8159
2320 2320
7227 7227
6896 6896
4960 4960
9803 9803
4350 4350
5166 5166
5151 5151
800 800
3133 3133
8378 8378
2981 2981
7848 7848
3576 3576
6589 6589
2483 2483
8769 8769
6863 6863
1014 1014
8117 8117
7095 7095
2640 2640
4918 4918
1777 1777
8014 8014
1469 1469
6882 6882
7014 7014
4444 4444
5462 5462
6251 6251
7844 7844
2689 2689
4225 4225
2803 2803
3570 3570
8575 8575
9048 9048
9800 9800
9375 9375
8178 8178
3434 3434
1107 1107
1753 1753
1101 1101
3590 3590
1600 1600
7964 7964
5683 5683
795 795
5059 5059
8323 8323
5713 5713
7915 7915
7416 7416
7182 7182
5875 5875
5508 5508
2705 2705
1337 1337
1758 1758
548 548
5105 5105
5984 5984
4430 4430
9754 9754
4558 4558
4557 4557
9553 9553
5012 5012
6738 6738
8809 8809
9525 9525
7845 7845
1640 1640
626 626
2514 2514
3240 3240
8590 8590
8197 8197
4036 4036
4727 4727
6520 6520
827 827
2642 2642
5014 5014
9089 9089
8517 8517
521 521
1793 1793
932 932
3358 3358
3420 3420
7116 7116
9342 9342
8929 8929
6869 6869
4979 4979
3485 3485
7501 7501
9991 9991
1301 1301
6309 6309
9515 9515
9147 9147
7950 7950
140 140
1660 1660
2268 2268
9810 9810
935 935
7383 7383
4536 4536
8534 8534
8211 8211
8257 8257
3547 3547
7853 7853
5147 5147
170 170
8785 8785
8506 8506
4669 4669
5901 5901
8926 8926
3597 3597
3848 3848
3904 3904
8162 8162
1348 1348
4973 4973
9463 9463
7658 7658
4488 4488
9688 9688
6686 6686
5707 5707
2426 2426
8954 8954
5516 5516
3362 3362
1131 1131
1895 1895
6705 6705
9388 9388
6522 6522
5082 5082
8319 8319
1668 1668
6331 6331
7104 7104
1252 1252
2078 2078
4083 4083
1257 1257
6754 6754
9010 9010
5161 5161
4915 4915
358 358
1213 1213
4378 4378
9095 9095
5701 5701
5144 5144
6859 6859
2486 2486
7571 7571
6891 6891
8003 8003
4306 4306
212 212
2827 2827
1010 1010
9600 9600
7171 7171
7919 7919
2096 2096
3501 3501
6101 6101
4427 4427
5579 5579
1262 1262
5684 5684
2333 2333
271 271
1924 1924
8327 8327
1708 1708
3137 3137
3783 3783
1881 1881
9917 9917
8928 8928
8740 8740
2402 2402
6498 6498
5631 5631
1483 1483
7430 7430
9937 9937
1335 1335
2026 2026
2374 2374
1763 1763
9197 9197
1371 1371
4938 4938
3777 3777
7472 7472
9365 9365
434 434
9813 9813
6128 6128
3846 3846
1162 1162
8052 8052
2173 2173
2871 2871
2267 2267
7035 7035
5831 5831
2183 2183
5962 5962
4571 4571
5664 5664
2459 2459
201 201
7148 7148
967 967
1216 1216
9922 9922
3382 3382
4321 4321
2295 2295
5145 5145
4597 4597
4745 4745
82 82
8374 8374
525 525
9887 9887
3107 3107
6653 6653
3733 3733
5783 5783
6985 6985
8220 8220
8050 8050
4019 4019
4050 4050
1311 1311
1060 1060
9700 9700
6976 6976
3519 3519
979 979
5202 5202
5566 5566
3275 3275
6202 6202
8948 8948
7596 7596
9577 9577
5171 5171
2192 2192
6332 6332
1644 1644
7617 7617
6857 6857
1531 1531
723 723
3510 3510
6343 6343
6072 6072
371 371
4406 4406
5370 5370
8422 8422
9504 9504
499 499
9733 9733
563 563
198 198
7787 7787
5162 5162
2257 2257
4067 4067
727 727
5532 5532
753 753
3127 3127
924 924
7003 7003
5320 5320
5245 5245
3334 3334
8043 8043
2861 2861
1269 1269
9574 9574
4664 4664
5858 5858
6995 6995
1814 1814
6230 6230
1400 1400
7185 7185
5730 5730
904 904
7684 7684
6541 6541
2546 2546
8961 8961
4328 4328
7708 7708
1217 1217
9474 9474
9514 9514
6749 6749
1900 1900
1345 1345
955 955
2824 2824
8348 8348
6275 6275
9149 9149
2760 2760
5396 5396
3088 3088
4030 4030
4970 4970
8831 8831
966 966
3043 3043
645 645
7196 7196
7830 7830
2925 2925
6427 6427
6592 6592
9467 9467
51 51
6631 6631
4873 4873
7760 7760
7849 7849
5425 5425
8352 8352
5676 5676
7326 7326
9698 9698
1228 1228
8045 8045
3984 3984
1455 1455
1884 1884
9381 9381
4544 4544
5914 5914
5429 5429
3374 3374
7959 7959
8472 8472
5155 5155
3994 3994
2927 2927
9159 9159
1499 1499
597 597
9704 9704
1551 1551
7229 7229
5655 5655
389 389
6156 6156
2159 2159
8741 8741
2910 2910
9517 9517
9542 9542
1791 1791
7562 7562
4604 4604
3247 3247
9446 9446
5063 5063
8870 8870
6438 6438
1570 1570
2243 2243
4396 4396
1121 1121
7342 7342
629 629
5115 5115
268 268
867 867
7694 7694
866 866
570 570
323 323
9174 9174
7305 7305
712 712
5329 5329
9464 9464
531 531
8239 8239
26 26
48 48
8859 8859
2896 2896
8689 8689
4542 4542
7222 7222
9213 9213
683 683
6091 6091
5650 5650
2254 2254
8335 8335
1124 1124
3375 3375
6755 6755
2833 2833
8490 8490
8102 8102
3700 3700
7262 7262
8968 8968
5349 5349
7585 7585
9220 9220
2653 2653
9376 9376
4548 4548
3195 3195
9908 9908
3866 3866
3221 3221
1034 1034
2724 2724
7197 7197
9723 9723
8345 8345
4418 4418
13 13
9029 9029
509 509
5663 5663
1282 1282
9923 9923
7866 7866
4657 4657
6677 6677
698 698
4778 4778
4398 4398
2566 2566
4825 4825
9748 9748
150 150
4044 4044
3479 3479
9527 9527
9672 9672
6675 6675
512 512
3537 3537
974 974
2625 2625
7340 7340
8171 8171
2347 2347
6764 6764
2589 2589
3439 3439
5792 5792
3098 3098
180 180
7074 7074
4099 4099
8046 8046
2809 2809
1854 1854
8745 8745
8113 8113
6632 6632
4221 4221
678 678
2535 2535
5047 5047
1908 1908
7659 7659
8527 8527
1434 1434
7330 7330
6280 6280
3025 3025
1945 1945
7254 7254
9285 9285
9076 9076
7127 7127
2918 2918
2190 2190
2694 2694
1070 1070
7368 7368
1818 1818
4958 4958
9222 9222
562 562
3071 3071
5853 5853
5863 5863
4828 4828
9468 9468
1988 1988
6736 6736
7126 7126
1593 1593
9249 9249
4455 4455
7873 7873
2273 2273
7479 7479
5127 5127
7923 7923
6763 6763
1630 1630
8077 8077
3890 3890
722 722
590 590
7887 7887
3991 3991
4363 4363
8958 8958
1358 1358
6182 6182
4994 4994
579 579
7823 7823
8065 8065
7511 7511
3685 3685
3972 3972
6978 6978
6753 6753
707 707
5182 5182
8346 8346
1035 1035
715 715
6219 6219
3308 3308
8194 8194
2424 2424
2310 2310
6036 6036
4054 4054
386 386
1004 1004
4776 4776
2056 2056
8891 8891
8767 8767
6419 6419
8927 8927
124 124
2600 2600
3921 3921
1782 1782
423 423
3064 3064
5187 5187
7036 7036
8429 8429
1939 1939
8823 8823
3610 3610
285 285
9858 9858
4326 4326
7583 7583
4244 4244
2519 2519
6 6
6554 6554
8555 8555
4060 4060
8020 8020
9559 9559
9915 9915
75 75
9529 9529
8681 8681
6494 6494
8455 8455
9884 9884
173 173
2375 2375
2744 2744
596 596
5440 5440
3115 3115
6862 6862
3554 3554
1543 1543
8802 8802
2376 2376
6233 6233
165 165
3312 3312
558 558
7748 7748
7557 7557
4156 4156
7754 7754
5189 5189
2711 2711
2892 2892
3208 3208
3348 3348
2806 2806
3283 3283
2876 2876
1486 1486
856 856
2410 2410
2448 2448
1029 1029
5864 5864
5192 5192
2704 2704
1303 1303
8307 8307
9566 9566
5937 5937
929 929
9392 9392
7162 7162
689 689
8437 8437
1339 1339
2954 2954
7269 7269
6528 6528
6744 6744
160 160
9737 9737
92 92
2966 2966
4098 4098
4047 4047
5531 5531
4954 4954
6457 6457
9058 9058
7062 7062
2321 2321
4249 4249
9766 9766
4703 4703
3635 3635
410 410
1718 1718
4564 4564
9856 9856
1110 1110
2804 2804
545 545
4893 4893
1602 1602
60 60
6232 6232
4556 4556
2759 2759
1300 1300
8569 8569
3574 3574
1392 1392
2614 2614
7673 7673
6518 6518
8145 8145
3705 3705
7203 7203
767 767
6375 6375
2530 2530
532 532
1077 1077
6165 6165
2021 2021
2796 2796
1807 1807
2956 2956
4985 4985
4611 4611
9878 9878
6213 6213
4640 4640
7188 7188
1848 1848
3048 3048
9947 9947
3148 3148
1617 1617
4600 4600
5619 5619
4231 4231
3351 3351
2136 2136
3454 3454
7056 7056
6190 6190
1735 1735
2564 2564
5345 5345
9435 9435
4721 4721
1509 1509
8596 8596
5490 5490
3580 3580
85 85
69 69
7378 7378
4710 4710
1723 1723
9226 9226
7758 7758
1669 1669
2373 2373
453 453
7348 7348
9071 9071
4684 4684
2285 2285
9218 9218
7755 7755
8476 8476
952 952
6656 6656
2118 2118
7376 7376
7169 7169
6839 6839
8886 8886
5434 5434
4360 4360
4445 4445
5263 5263
4628 4628
1822 1822
9973 9973
6351 6351
2126 2126
9100 9100
4499 4499
9263 9263
6447 6447
4648 4648
5025 5025
8225 8225
6934 6934
5321 5321
7058 7058
5409 5409
7353 7353
4792 4792
8606 8606
4728 4728
1961 1961
5445 5445
3613 3613
1664 1664
1957 1957
9052 9052
7936 7936
3129 3129
3497 3497
3198 3198
7757 7757
6398 6398
4108 4108
8525 8525
4137 4137
4286 4286
4102 4102
3399 3399
1811 1811
8751 8751
9503 9503
35 35
4824 4824
8172 8172
3250 3250
2176 2176
2964 2964
1855 1855
6904 6904
4925 4925
8379 8379
1596 1596
7668 7668
336 336
647 647
5603 5603
3465 3465
5223 5223
9881 9881
2300 2300
2700 2700
4129 4129
7487 7487
1224 1224
8266 8266
1772 1772
6405 6405
2743 2743
4663 4663
6234 6234
3325 3325
5777 5777
2996 2996
9228 9228
3949 3949
7325 7325
1403 1403
6913 6913
9181 9181
9386 9386
1837 1837
8638 8638
2060 2060
583 583
52 52
3787 3787
6186 6186
4596 4596
6066 6066
6897 6897
2788 2788
1274 1274
5091 5091
618 618
8314 8314
1496 1496
4441 4441
2976 2976
8753 8753
2884 2884
6993 6993
2701 2701
208 208
9475 9475
692 692
467 467
9939 9939
3608 3608
9106 9106
1999 1999
4191 4191
9158 9158
5786 5786
1456 1456
3754 3754
5874 5874
7522 7522
1729 1729
8663 8663
9875 9875
7191 7191
3753 3753
493 493
5504 5504
6328 6328
4934 4934
8480 8480
5137 5137
3778 3778
8312 8312
8021 8021
770 770
1012 1012
9308 9308
1323 1323
2784 2784
854 854
1261 1261
6392 6392
9960 9960
3260 3260
195 195
9046 9046
2039 2039
5028 5028
4920 4920
639 639
6757 6757
4661 4661
514 514
3948 3948
8414 8414
2086 2086
530 530
4742 4742
8099 8099
9011 9011
957 957
1876 1876
8401 8401
56 56
3725 3725
9413 9413
442 442
5048 5048
1296 1296
9668 9668
1255 1255
648 648
250 250
772 772
3368 3368
7558 7558
5692 5692
5086 5086
4315 4315
1431 1431
6679 6679
9846 9846
8765 8765
950 950
5666 5666
9961 9961
7702 7702
9818 9818
9440 9440
3542 3542
9932 9932
9279 9279
3206 3206
575 575
5978 5978
2873 2873
2909 2909
6626 6626
4202 4202
5439 5439
7398 7398
7570 7570
4076 4076
4169 4169
2656 2656
9470 9470
5600 5600
413 413
8811 8811
6524 6524
9179 9179
839 839
3268 3268
7120 7120
1879 1879
969 969
6938 6938
1318 1318
9806 9806
479 479
1249 1249
9085 9085
148 148
4456 4456
9660 9660
7205 7205
7329 7329
3647 3647
4909 4909
9087 9087
3385 3385
179 179
3162 3162
8633 8633
3914 3914
2631 2631
4233 4233
2520 2520
1835 1835
4585 4585
4438 4438
1704 1704
6317 6317
7152 7152
9721 9721
7636 7636
6958 6958
1279 1279
8885 8885
7121 7121
2506 2506
3340 3340
6780 6780
9711 9711
1748 1748
1505 1505
4619 4619
3279 3279
591 591
8004 8004
4537 4537
4832 4832
6637 6637
9531 9531
8542 8542
1948 1948
3858 3858
2140 2140
4862 4862
8443 8443
6579 6579
1044 1044
1225 1225
2895 2895
2025 2025
3304 3304
9416 9416
3353 3353
5810 5810
3834 3834
1211 1211
6599 6599
5582 5582
2716 2716
9940 9940
4387 4387
299 299
4477 4477
9219 9219
8015 8015
4007 4007
8840 8840
1041 1041
8944 8944
6983 6983
8465 8465
8637 8637
8027 8027
768 768
2611 2611
7302 7302
2793 2793
3141 3141
3534 3534
7176 7176
6887 6887
2985 2985
8549 8549
9177 9177
9584 9584
4130 4130
1893 1893
5149 5149
7359 7359
3258 3258
704 704
7656 7656
1272 1272
5790 5790
6495 6495
3393 3393
4733 4733
8554 8554
375 375
4276 4276
7190 7190
8402 8402
5044 5044
879 879
5704 5704
8917 8917
4021 4021
316 316
6092 6092
8735 8735
8283 8283
9078 9078
7283 7283
7459 7459
9740 9740
2492 2492
430 430
2698 2698
7641 7641
7789 7789
5956 5956
9424 9424
5213 5213
3018 3018
1699 1699
1024 1024
1571 1571
2074 2074
5300 5300
9841 9841
1555 1555
1422 1422
719 719
8338 8338
338 338
5819 5819
8654 8654
6431 6431
5633 5633
6936 6936
5474 5474
6326 6326
7565 7565
9024 9024
6284 6284
4772 4772
6058 6058
1295 1295
4365 4365
919 919
5392 5392
6064 6064
3022 3022
8322 8322
7883 7883
1851 1851
9745 9745
9681 9681
188 188
9921 9921
6513 6513
3290 3290
3099 3099
8363 8363
504 504
5928 5928
1470 1470
606 606
2211 2211
7321 7321
6665 6665
8998 8998
8616 8616
5087 5087
2939 2939
8468 8468
2339 2339
2090 2090
318 318
2849 2849
1585 1585
3245 3245
9428 9428
2585 2585
836 836
3796 3796
520 520
5015 5015
5008 5008
6598 6598
8087 8087
6478 6478
7204 7204
1376 1376
3799 3799
3868 3868
373 373
3493 3493
5976 5976
1369 1369
8580 8580
5227 5227
5387 5387
3694 3694
7726 7726
4877 4877
4013 4013
888 888
7727 7727
5212 5212
8233 8233
9262 9262
2029 2029
9782 9782
3220 3220
5267 5267
5868 5868
3425 3425
7022 7022
5808 5808
8303 8303
1968 1968
1795 1795
8630 8630
1454 1454
4250 4250
4016 4016
4241 4241
9023 9023
2820 2820
9119 9119
3035 3035
3708 3708
7924 7924
9713 9713
9999 9999
8974 8974
8205 8205
8185 8185
9835 9835
1424 1424
3451 3451
6781 6781
1242 1242
9343 9343
4770 4770
8508 8508
2389 2389
951 951
1382 1382
1412 1412
9581 9581
3915 3915
6741 6741
4675 4675
8156 8156
5764 5764
7495 7495
8353 8353
2282 2282
6276 6276
668 668
2280 2280
3511 3511
721 721
484 484
555 555
1909 1909
6226 6226
7336 7336
4230 4230
8621 8621
3572 3572
9957 9957
7128 7128
7040 7040
1986 1986
8510 8510
8453 8453
2645 2645
6272 6272
7320 7320
1659 1659
3114 3114
4815 4815
1090 1090
2992 2992
7097 7097
8446 8446
3660 3660
455 455
1956 1956
4381 4381
2019 2019
4730 4730
6015 6015
5007 5007
2034 2034
9237 9237
3050 3050
3887 3887
1256 1256
926 926
243 243
845 845
457 457
3967 3967
3269 3269
7809 7809
1287 1287
6007 6007
922 922
7181 7181
8177 8177
5356 5356
6622 6622
5811 5811
8578 8578
4113 4113
8909 8909
4386 4386
128 128
6421 6421
5637 5637
8687 8687
2977 2977
1021 1021
122 122
4299 4299
1866 1866
1658 1658
6215 6215
632 632
2221 2221
1468 1468
7813 7813
1476 1476
6461 6461
3168 3168
8098 8098
6193 6193
57 57
306 306
8967 8967
1513 1513
2881 2881
8561 8561
7150 7150
7112 7112
3281 3281
6915 6915
7386 7386
7337 7337
8587 8587
1636 1636
881 881
245 245
981 981
7096 7096
1869 1869
1613 1613
395 395
3337 3337
9426 9426
1872 1872
877 877
3672 3672
9970 9970
7070 7070
3729 3729
8803 8803
2695 2695
942 942
9968 9968
581 581
7117 7117
4846 4846
3862 3862
5110 5110
2231 2231
1198 1198
4125 4125
818 818
3913 3913
5006 5006
2142 2142
4894 4894
2101 2101
4011 4011
7586 7586
2496 2496
7349 7349
8090 8090
4368 4368
8226 8226
1761 1761
5417 5417
6570 6570
4219 4219
3750 3750
9265 9265
6240 6240
4796 4796
5920 5920
6821 6821
1913 1913
765 765
4038 4038
3305 3305
7952 7952
8311 8311
3924 3924
1490 1490
1046 1046
1510 1510
5066 5066
9434 9434
8778 8778
2440 2440
5929 5929
5152 5152
88 88
1226 1226
9981 9981
9353 9353
7466 7466
6352 6352
5365 5365
7768 7768
8196 8196
5870 5870
2271 2271
1164 1164
9175 9175
7165 7165
194 194
8565 8565
5279 5279
4118 4118
1133 1133
6707 6707
6199 6199
5799 5799
6712 6712
4577 4577
2071 2071
4946 4946
9709 9709
1423 1423
2411 2411
5563 5563
8854 8854
7777 7777
3331 3331
7050 7050
4902 4902
9201 9201
399 399
7145 7145
9454 9454
7339 7339
9097 9097
2843 2843
2536 2536
230 230
247 247
321 321
6429 6429
6047 6047
8786 8786
3140 3140
1702 1702
6860 6860
2509 2509
2839 2839
1805 1805
3296 3296
4263 4263
5295 5295
4195 4195
2189 2189
1244 1244
9053 9053
1389 1389
7276 7276
1922 1922
287 287
4615 4615
1018 1018
4209 4209
8230 8230
2327 2327
5536 5536
8551 8551
9836 9836
2661 2661
8105 8105
913 913
6872 6872
944 944
2718 2718
167 167
6286 6286
9093 9093
9026 9026
480 480
2163 2163
2294 2294
4762 4762
5527 5527
9571 9571
6893 6893
5264 5264
8782 8782
2187 2187
2043 2043
2022 2022
376 376
9380 9380
4998 4998
4739 4739
8564 8564
6990 6990
9508 9508
787 787
3935 3935
9880 9880
4040 4040
7352 7352
3121 3121
6334 6334
1234 1234
1095 1095
6761 6761
6065 6065
3653 3653
2407 2407
7640 7640
5834 5834
5900 5900
9827 9827
2470 2470
9022 9022
1849 1849
3926 3926
9481 9481
7926 7926
8665 8665
8044 8044
5994 5994
2433 2433
6368 6368
5501 5501
6660 6660
407 407
2852 2852
860 860
4087 4087
7355 7355
1926 1926
3419 3419
7774 7774
5580 5580
6905 6905
5413 5413
1413 1413
3883 3883
6318 6318
4962 4962
2904 2904
9246 9246
8888 8888
2384 2384
8250 8250
8632 8632
427 427
1064 1064
135 135
7432 7432
5636 5636
8764 8764
8919 8919
9568 9568
9624 9624
5653 5653
6659 6659
1475 1475
4505 4505
2238 2238
8380 8380
996 996
2262 2262
7315 7315
771 771
9659 9659
5889 5889
8290 8290
132 132
432 432
2235 2235
5907 5907
998 998
7862 7862
1700 1700
5678 5678
1285 1285
8678 8678
7945 7945
152 152
9611 9611
7912 7912
7071 7071
5226 5226
7842 7842
8118 8118
2864 2864
7500 7500
7826 7826
9832 9832
7961 7961
1042 1042
9311 9311
3278 3278
7323 7323
5218 5218
5355 5355
6263 6263
1770 1770
1941 1941
3056 3056
5733 5733
4351 4351
2079 2079
6965 6965
1265 1265
4419 4419
6575 6575
1489 1489
5481 5481
9331 9331
8723 8723
9425 9425
7910 7910
6548 6548
9256 9256
5587 5587
298 298
4236 4236
4898 4898
4655 4655
1559 1559
1194 1194
9 9
7822 7822
7065 7065
841 841
7099 7099
3877 3877
256 256
1920 1920
7537 7537
4676 4676
8495 8495
6713 6713
2194 2194
5496 5496
2697 2697
4484 4484
5448 5448
1952 1952
340 340
3329 3329
4576 4576
5933 5933
9063 9063
6135 6135
8206 8206
9073 9073
5036 5036
2248 2248
7216 7216
5877 5877
9348 9348
2171 2171
682 682
4091 4091
9685 9685
5358 5358
2586 2586
7476 7476
2602 2602
2764 2764
748 748
1665 1665
3445 3445
7113 7113
6477 6477
4000 4000
8148 8148
884 884
8576 8576
5159 5159
9948 9948
3364 3364
98 98
825 825
5613 5613
7314 7314
7781 7781
6039 6039
9486 9486
1007 1007
7800 7800
691 691
4237 4237
8320 8320
9247 9247
1084 1084
9995 9995
2749 2749
4519 4519
9675 9675
9862 9862
995 995
3674 3674
2958 2958
2249 2249
5326 5326
2905 2905
9770 9770
3003 3003
9943 9943
1396 1396
3578 3578
1960 1960
1377 1377
6615 6615
1580 1580
5614 5614
4935 4935
826 826
2452 2452
6019 6019
1899 1899
9546 9546
9847 9847
6418 6418
786 786
8492 8492
953 953
1450 1450
6222 6222
5339 5339
6361 6361
3588 3588
912 912
5163 5163
8245 8245
3951 3951
4972 4972
9622 9622
565 565
7631 7631
6315 6315
8457 8457
3676 3676
1435 1435
3522 3522
9690 9690
5388 5388
7424 7424
3662 3662
6341 6341
9953 9953
962 962
2620 2620
6465 6465
7380 7380
5981 5981
3740 3740
4414 4414
7972 7972
9982 9982
2658 2658
6033 6033
3359 3359
3567 3567
3663 3663
752 752
145 145
3199 3199
3822 3822
4634 4634
1067 1067
8423 8423
3565 3565
757 757
3810 3810
2067 2067
5498 5498
151 151
7539 7539
3850 3850
9564 9564
5756 5756
5544 5544
9738 9738
169 169
4595 4595
797 797
3907 3907
6517 6517
7909 7909
1572 1572
1308 1308
5850 5850
6209 6209
1562 1562
1840 1840
5710 5710
9521 9521
8274 8274
252 252
750 750
7791 7791
5679 5679
934 934
6479 6479
4603 4603
2683 2683
1073 1073
6480 6480
7669 7669
8669 8669
4388 4388
6013 6013
7039 7039
5109 5109
2218 2218
2888 2888
6960 6960
8427 8427
8800 8800
5215 5215
656 656
4735 4735
8930 8930
3806 3806
6564 6564
300 300
3322 3322
1235 1235
6463 6463
4756 4756
8793 8793
1065 1065
7439 7439
7545 7545
5107 5107
9613 9613
3012 3012
2198 2198
522 522
50 50
8386 8386
2740 2740
5346 5346
2245 2245
5224 5224
8540 8540
202 202
8779 8779
4353 4353
9132 9132
2584 2584
917 917
511 511
5260 5260
4239 4239
2825 2825
1722 1722
73 73
2696 2696
8592 8592
3640 3640
2490 2490
4777 4777
4331 4331
5502 5502
5552 5552
6440 6440
8673 8673
9570 9570
1785 1785
1997 1997
8038 8038
8089 8089
1615 1615
8240 8240
6867 6867
5968 5968
8451 8451
9451 9451
6885 6885
40 40
5789 5789
2202 2202
2865 2865
3355 3355
5561 5561
1946 1946
279 279
6723 6723
4610 4610
447 447
542 542
5999 5999
294 294
5569 5569
4081 4081
3370 3370
4685 4685
2169 2169
4003 4003
114 114
3532 3532
644 644
6433 6433
2197 2197
7516 7516
3944 3944
4155 4155
6400 6400
8577 8577
4434 4434
6379 6379
123 123
1155 1155
1744 1744
3117 3117
5517 5517
8612 8612
6487 6487
1280 1280
780 780
2550 2550
5284 5284
1974 1974
4582 4582
9895 9895
2618 2618
3467 3467
9051 9051
982 982
2994 2994
3405 3405
6217 6217
472 472
3060 3060
650 650
9439 9439
1852 1852
5767 5767
594 594
5716 5716
5124 5124
6714 6714
1232 1232
3735 3735
4280 4280
3592 3592
5595 5595
6830 6830
8876 8876
7569 7569
8770 8770
186 186
7067 7067
3315 3315
5377 5377
3310 3310
9404 9404
3782 3782
5175 5175
3524 3524
3575 3575
8772 8772
9240 9240
9778 9778
3513 3513
843 843
5143 5143
9108 9108
5097 5097
6676 6676
4945 4945
7941 7941
9389 9389
9340 9340
7177 7177
4716 4716
1565 1565
5869 5869
7388 7388
489 489
709 709
4184 4184
3470 3470
6963 6963
8787 8787
8124 8124
6813 6813
7902 7902
3377 3377
1414 1414
5299 5299
6878 6878
4051 4051
3053 3053
8276 8276
6373 6373
9077 9077
6216 6216
6840 6840
8416 8416
4471 4471
4210 4210
6037 6037
1597 1597
2463 2463
741 741
3386 3386
4212 4212
1427 1427
6512 6512
2335 2335
8241 8241
5617 5617
236 236
2729 2729
6916 6916
4229 4229
4329 4329
2046 2046
7282 7282
2604 2604
8419 8419
6359 6359
9899 9899
5258 5258
5449 5449
9642 9642
63 63
9894 9894
2739 2739
6106 6106
634 634
6125 6125
3831 3831
7553 7553
1421 1421
8261 8261
8497 8497
4390 4390
8620 8620
5555 5555
9608 9608
6980 6980
9239 9239
9105 9105
4417 4417
215 215
5441 5441
270 270
6743 6743
333 333
9307 9307
4975 4975
3072 3072
5412 5412
5610 5610
276 276
1534 1534
8908 8908
1743 1743
9795 9795
6858 6858
9371 9371
6425 6425
1675 1675
3986 3986
8309 8309
4673 4673
928 928
8626 8626
6424 6424
6694 6694
5584 5584
4300 4300
8106 8106
5970 5970
354 354
1381 1381
5964 5964
3612 3612
2782 2782
4525 4525
9377 9377
4385 4385
8821 8821
6880 6880
8635 8635
1574 1574
865 865
9883 9883
5538 5538
5669 5669
8509 8509
394 394
2092 2092
9866 9866
4991 4991
7971 7971
227 227
3521 3521
2387 2387
6303 6303
964 964
7437 7437
1906 1906
414 414
7892 7892
6291 6291
313 313
4771 4771
6004 6004
1887 1887
6716 6716
744 744
2848 2848
3332 3332
6413 6413
1356 1356
3726 3726
863 863
9450 9450
5955 5955
487 487
7015 7015
6911 6911
8727 8727
1614 1614
9299 9299
3644 3644
7917 7917
1341 1341
2160 2160
901 901
2834 2834
1130 1130
7192 7192
4226 4226
6981 6981
4275 4275
6113 6113
3696 3696
5019 5019
8107 8107
2511 2511
2912 2912
2259 2259
1544 1544
9293 9293
8895 8895
42 42
6308 6308
5806 5806
9001 9001
6183 6183
3492 3492
6918 6918
8603 8603
5652 5652
8898 8898
1436 1436
7861 7861
5662 5662
4841 4841
1443 1443
2853 2853
8537 8537
7541 7541
6644 6644
5367 5367
9556 9556
3225 3225
7627 7627
7963 7963
4769 4769
7998 7998
7937 7937
4812 4812
5384 5384
3742 3742
4659 4659
1003 1003
8151 8151
2381 2381
9606 9606
4881 4881
1278 1278
2742 2742
8447 8447
7782 7782
9890 9890
1713 1713
7199 7199
4921 4921
9640 9640
1051 1051
9757 9757
8713 8713
2532 2532
3138 3138
6274 6274
7523 7523
7277 7277
9904 9904
3373 3373
1181 1181
80 80
7194 7194
9629 9629
5855 5855
4132 4132
184 184
6338 6338
903 903
7389 7389
4607 4607
4847 4847
9204 9204
3559 3559
5977 5977
9242 9242
9115 9115
8504 8504
7444 7444
7619 7619
5405 5405
1446 1446
8801 8801
5485 5485
9719 9719
4426 4426
5574 5574
1182 1182
5079 5079
9706 9706
1367 1367
2495 2495
9838 9838
2270 2270
5805 5805
4084 4084
1656 1656
914 914
8652 8652
9612 9612
1634 1634
1176 1176
9491 9491
8199 8199
895 895
2624 2624
7548 7548
1259 1259
8332 8332
2626 2626
1277 1277
8169 8169
5975 5975
2239 2239
3692 3692
4170 4170
1425 1425
9497 9497
8082 8082
5509 5509
8116 8116
156 156
9786 9786
6902 6902
1812 1812
1778 1778
3132 3132
1542 1542
1390 1390
5845 5845
2719 2719
880 880
5122 5122
4693 4693
9879 9879
8825 8825
2240 2240
1137 1137
8686 8686
1650 1650
4842 4842
9820 9820
3280 3280
4590 4590
7144 7144
4705 4705
5165 5165
5225 5225
1292 1292
5381 5381
1078 1078
2340 2340
8273 8273
2856 2856
6551 6551
9815 9815
5325 5325
2396 2396
6206 6206
8597 8597
9384 9384
7163 7163
7422 7422
2702 2702
8300 8300
6107 6107
4220 4220
5251 5251
6115 6115
1506 1506
4337 4337
7291 7291
6084 6084
9562 9562
8583 8583
443 443
6022 6022
739 739
4294 4294
9335 9335
10000 10000
6205 6205
2485 2485
3367 3367
9907 9907
1964 1964
2745 2745
7092 7092
5318 5318
1567 1567
5237 5237
6824 6824
8570 8570
9136 9136
4855 4855
5157 5157
5594 5594
3955 3955
529 529
1347 1347
3289 3289
6795 6795
7178 7178
6673 6673
8631 8631
9663 9663
8978 8978
5822 5822
7739 7739
4135 4135
9019 9019
181 181
958 958
1504 1504
9756 9756
7231 7231
1152 1152
2085 2085
5126 5126
7679 7679
6278 6278
6734 6734
9027 9027
646 646
3528 3528
7824 7824
8294 8294
3159 3159
9212 9212
8350 8350
8029 8029
4722 4722
5005 5005
4819 4819
6265 6265
4200 4200
7402 7402
6020 6020
5989 5989
4594 4594
1114 1114
3352 3352
7155 7155
2378 2378
7801 7801
6703 6703
4814 4814
6346 6346
4186 4186
9230 9230
6636 6636
368 368
8336 8336
6452 6452
7906 7906
3185 3185
5694 5694
187 187
4725 4725
288 288
2143 2143
6919 6919
4719 4719
377 377
9257 9257
3084 3084
5271 5271
9154 9154
3384 3384
535 535
9462 9462
20 20
4149 4149
9830 9830
5763 5763
3563 3563
7360 7360
3669 3669
7796 7796
76 76
7933 7933
9430 9430
9892 9892
696 696
5695 5695
3918 3918
2613 2613
790 790
4295 4295
9538 9538
8966 8966
4631 4631
2049 2049
6345 6345
1203 1203
5053 5053
664 664
5073 5073
2108 2108
1573 1573
1915 1915
5671 5671
8933 8933
6663 6663
9009 9009
3975 3975
9979 9979
9300 9300
4671 4671
5674 5674
5372 5372
9366 9366
6162 6162
3963 3963
6207 6207
8594 8594
1055 1055
8256 8256
8479 8479
9459 9459
6395 6395
6437 6437
1202 1202
8545 8545
2775 2775
4461 4461
1707 1707
1123 1123
8762 8762
6797 6797
3815 3815
1773 1773
8487 8487
7447 7447
3626 3626
8155 8155
3196 3196
7073 7073
2869 2869
7406 7406
5866 5866
604 604
3843 3843
7068 7068
921 921
8761 8761
2629 2629
893 893
5503 5503
8355 8355
5944 5944
902 902
5802 5802
3693 3693
436 436
7509 7509
7279 7279
2837 2837
9783 9783
3172 3172
6850 6850
6287 6287
7772 7772
7172 7172
1479 1479
9144 9144
3648 3648
8061 8061
6415 6415
6966 6966
3295 3295
4504 4504
8180 8180
6988 6988
9633 9633
9869 9869
1204 1204
7226 7226
4529 4529
3010 3010
4005 4005
1260 1260
7572 7572
5484 5484
403 403
1219 1219
4623 4623
9394 9394
1037 1037
5327 5327
4333 4333
9912 9912
2399 2399
5930 5930
7175 7175
2031 2031
536 536
7043 7043
4314 4314
9060 9060
8400 8400
5575 5575
6285 6285
734 734
2518 2518
7017 7017
2180 2180
6523 6523
8277 8277
9752 9752
3085 3085
9759 9759
2050 2050
231 231
411 411
9825 9825
4559 4559
6818 6818
4157 4157
5549 5549
1402 1402
7635 7635
2558 2558
9656 9656
745 745
3094 3094
6698 6698
2153 2153
6176 6176
1712 1712
9518 9518
2446 2446
2035 2035
8279 8279
5705 5705
9638 9638
5457 5457
2722 2722
8586 8586
8703 8703
1333 1333
4341 4341
968 968
8296 8296
4203 4203
3526 3526
7951 7951
4948 4948
6621 6621
5728 5728
1086 1086
9853 9853
1903 1903
2798 2798
9370 9370
3165 3165
2484 2484
2523 2523
2028 2028
2121 2121
1236 1236
4843 4843
7149 7149
9490 9490
7225 7225
4117 4117
5332 5332
2412 2412
9536 9536
1442 1442
4483 4483
7103 7103
7170 7170
6955 6955
8368 8368
7404 7404
4691 4691
6719 6719
3087 3087
9234 9234
5283 5283
19 19
587 587
5203 5203
4852 4852
8343 8343
70 70
2934 2934
5632 5632
1115 1115
9112 9112
8070 8070
9264 9264
1726 1726
6552 6552
4738 4738
6417 6417
7518 7518
2735 2735
4214 4214
1683 1683
3066 3066
5899 5899
1307 1307
1829 1829
5027 5027
4838 4838
1251 1251
8851 8851
2114 2114
2887 2887
9966 9966
5167 5167
1568 1568
6745 6745
6306 6306
9041 9041
8602 8602
7025 7025
2087 2087
7717 7717
5421 5421
7006 7006
1498 1498
5307 5307
6525 6525
8189 8189
6558 6558
3780 3780
8084 8084
976 976
1833 1833
7198 7198
2544 2544
8726 8726
3943 3943
9929 9929
3113 3113
8969 8969
2134 2134
4128 4128
8367 8367
627 627
2110 2110
3026 3026
3760 3760
8333 8333
1212 1212
1949 1949
5969 5969
4992 4992
67 67
4570 4570
6428 6428
4374 4374
1449 1449
9169 9169
9216 9216
8121 8121
1350 1350
5487 5487
4304 4304
6114 6114
218 218
4965 4965
9630 9630
2313 2313
7993 7993
5598 5598
8384 8384
8060 8060
1317 1317
1120 1120
7289 7289
8013 8013
5690 5690
4795 4795
7252 7252
6244 6244
7499 7499
8629 8629
8056 8056
6715 6715
1066 1066
7256 7256
6553 6553
3745 3745
5043 5043
154 154
7186 7186
4672 4672
3546 3546
5178 5178
3009 3009
3237 3237
1587 1587
1605 1605
898 898
7930 7930
2040 2040
4802 4802
6508 6508
669 669
3936 3936
3222 3222
1191 1191
3444 3444
9367 9367
3830 3830
4190 4190
2882 2882
6682 6682
9233 9233
4115 4115
3905 3905
7662 7662
5254 5254
670 670
7920 7920
5878 5878
6046 6046
8598 8598
6776 6776
7606 7606
8817 8817
8326 8326
564 564
3378 3378
4532 4532
1857 1857
8362 8362
7397 7397
2323 2323
4079 4079
7246 7246
2229 2229
9150 9150
7483 7483
5848 5848
6481 6481
9636 9636
5078 5078
3762 3762
8397 8397
3643 3643
7876 7876
6984 6984
6289 6289
3417 3417
1516 1516
6161 6161
956 956
4174 4174
1779 1779
2498 2498
796 796
804 804
5974 5974
9955 9955
3288 3288
2901 2901
3544 3544
9769 9769
5706 5706
4259 4259
5925 5925
5286 5286
8498 8498
9687 9687
4801 4801
9125 9125
4930 4930
8219 8219
1719 1719
5458 5458
9632 9632
7034 7034
4439 4439
7935 7935
4882 4882
4393 4393
1222 1222
7783 7783
9017 9017
2069 2069
3488 3488
7994 7994
9854 9854
8760 8760
6321 6321
5194 5194
2329 2329
7563 7563
4171 4171
1746 1746
9419 9419
9859 9859
8571 8571
6024 6024
2510 2510
3059 3059
1473 1473
5998 5998
6930 6930
8227 8227
4175 4175
5626 5626
9035 9035
751 751
7361 7361
6597 6597
4922 4922
9107 9107
9804 9804
8965 8965
146 146
8972 8972
7731 7731
8718 8718
4995 4995
2458 2458
4399 4399
4968 4968
5873 5873
2044 2044
3231 3231
8975 8975
1336 1336
5724 5724
6590 6590
2428 2428
3636 3636
5959 5959
1462 1462
5467 5467
9139 9139
1467 1467
3505 3505
5153 5153
2349 2349
3549 3549
1320 1320
6175 6175
7395 7395
4816 4816
9784 9784
1828 1828
141 141
6242 6242
2556 2556
1965 1965
3478 3478
9146 9146
4394 4394
6935 6935
6073 6073
2305 2305
8556 8556
8684 8684
9876 9876
7270 7270
4810 4810
5950 5950
142 142
5673 5673
2860 2860
8887 8887
4080 4080
5129 5129
460 460
8173 8173
3938 3938
5781 5781
3645 3645
2131 2131
580 580
6870 6870
3076 3076
6634 6634
1631 1631
4269 4269
8720 8720
5342 5342
5735 5735
1231 1231
1684 1684
1076 1076
5623 5623
5483 5483
9703 9703
7249 7249
5943 5943
5422 5422
959 959
9067 9067
9647 9647
1039 1039
7709 7709
7379 7379
4342 4342
7415 7415
7904 7904
7214 7214
6111 6111
2948 2948
2502 2502
5712 5712
5324 5324
1334 1334
806 806
2116 2116
1868 1868
7828 7828
9533 9533
7290 7290
3809 3809
7435 7435
8161 8161
5075 5075
6680 6680
5539 5539
2100 2100
4032 4032
330 330
1789 1789
1245 1245
1898 1898
8979 8979
5273 5273
4400 4400
6320 6320
984 984
7978 7978
1643 1643
3397 3397
3675 3675
5543 5543
1355 1355
3911 3911
1221 1221
1346 1346
5256 5256
9984 9984
585 585
1409 1409
7742 7742
6124 6124
2757 2757
9842 9842
2710 2710
2480 2480
1688 1688
8832 8832
463 463
9088 9088
9816 9816
9520 9520
1809 1809
3212 3212
3194 3194
5338 5338
883 883
9817 9817
4806 4806
71 71
9099 9099
5328 5328
9083 9083
7816 7816
6737 6737
7903 7903
5018 5018
572 572
8824 8824
6253 6253
1533 1533
9812 9812
801 801
8643 8643
2343 2343
4466 4466
9537 9537
2941 2941
3827 3827
6136 6136
2692 2692
7031 7031
1836 1836
7962 7962
4757 4757
2980 2980
5330 5330
311 311
1393 1393
1201 1201
6773 6773
4291 4291
2317 2317
458 458
7233 7233
8593 8593
4285 4285
4447 4447
2363 2363
8996 8996
2870 2870
5471 5471
7678 7678
4765 4765
5698 5698
7900 7900
3579 3579
454 454
7859 7859
7638 7638
7719 7719
9028 9028
8010 8010
191 191
228 228
9958 9958
6964 6964
1150 1150
359 359
2687 2687
2559 2559
8953 8953
6972 6972
8085 8085
2394 2394
7046 7046
640 640
6112 6112
4681 4681
1728 1728
1832 1832
6386 6386
3366 3366
1518 1518
5102 5102
315 315
5208 5208
9317 9317
506 506
5436 5436
352 352
7665 7665
5680 5680
351 351
9318 9318
8940 8940
8403 8403
8482 8482
9122 9122
870 870
5364 5364
6312 6312
7005 7005
9120 9120
8838 8838
4784 4784
6584 6584
2203 2203
7381 7381
1686 1686
7696 7696
6894 6894
3906 3906
9282 9282
3409 3409
4258 4258
2152 2152
1016 1016
8896 8896
2504 2504
334 334
8914 8914
1985 1985
8816 8816
1326 1326
7433 7433
9016 9016
2797 2797
5000 5000
5526 5526
2109 2109
3477 3477
8243 8243
3795 3795
8067 8067
1768 1768
1972 1972
6298 6298
6256 6256
7309 7309
8408 8408
5181 5181
911 911
9739 9739
5174 5174
6500 6500
1408 1408
9727 9727
853 853
6133 6133
283 283
3486 3486
1145 1145
3768 3768
8642 8642
6108 6108
6404 6404
1488 1488
3781 3781
7744 7744
6468 6468
6152 6152
5872 5872
7405 7405
8142 8142
6689 6689
2578 2578
2117 2117
3525 3525
1009 1009
9888 9888
4917 4917
8685 8685
4748 4748
8406 8406
342 342
972 972
1093 1093
8717 8717
7561 7561
6347 6347
4868 4868
4511 4511
3752 3752
4088 4088
1199 1199
6330 6330
7520 7520
808 808
4646 4646
695 695
7905 7905
2874 2874
1944 1944
2821 2821
659 659
9356 9356
990 990
777 777
1962 1962
5979 5979
1757 1757
7076 7076
6625 6625
1586 1586
7157 7157
1792 1792
2786 2786
4565 4565
7997 7997
1384 1384
2130 2130
9885 9885
6030 6030
1784 1784
3934 3934
4658 4658
3603 3603
6756 6756
419 419
2883 2883
533 533
1304 1304
1310 1310
6208 6208
8973 8973
693 693
559 559
5703 5703
4424 4424
4573 4573
4779 4779
3996 3996
4224 4224
1002 1002
620 620
3503 3503
2713 2713
8671 8671
4807 4807
4023 4023
5625 5625
2390 2390
4598 4598
4163 4163
6476 6476
6236 6236
2179 2179
1738 1738
8743 8743
8037 8037
8625 8625
5446 5446
5011 5011
1629 1629
9235 9235
9855 9855
5734 5734
4436 4436
8152 8152
9243 9243
3253 3253
9683 9683
5947 5947
6722 6722
2247 2247
1623 1623
8724 8724
5055 5055
1981 1981
675 675
3797 3797
17 17
378 378
2999 2999
5333 5333
5646 5646
8231 8231
5257 5257
6580 6580
1015 1015
2899 2899
6474 6474
7235 7235
9483 9483
9986 9986
4837 4837
8923 8923
9598 9598
4768 4768
9976 9976
5089 5089
4053 4053
1500 1500
1127 1127
9760 9760
437 437
6096 6096
5884 5884
4106 4106
7086 7086
6899 6899
4638 4638
9315 9315
1873 1873
7677 7677
7110 7110
2434 2434
2917 2917
1904 1904
7260 7260
4265 4265
7236 7236
3853 3853
420 420
2367 2367
6432 6432
3063 3063
9302 9302
540 540
8249 8249
6387 6387
8519 8519
6333 6333
1025 1025
8912 8912
568 568
3977 3977
8758 8758
6411 6411
1783 1783
8129 8129
5779 5779
1111 1111
1330 1330
4543 4543
5376 5376
8566 8566
6875 6875
2012 2012
5906 5906
9501 9501
1642 1642
2182 2182
2970 2970
1984 1984
9303 9303
949 949
8359 8359
9707 9707
5554 5554
4766 4766
2568 2568
4761 4761
8837 8837
3969 3969
2326 2326
3443 3443
1823 1823
9781 9781
8120 8120
4502 4502
2638 2638
4252 4252
5702 5702
6031 6031
9790 9790
8934 8934
7238 7238
9588 9588
3083 3083
3234 3234
1406 1406
1919 1919
2660 2660
8357 8357
6629 6629
5879 5879
9421 9421
1821 1821
3999 3999
7716 7716
5741 5741
5952 5952
2851 2851
4883 4883
1730 1730
4764 4764
4298 4298
47 47
5430 5430
3130 3130
8664 8664
2348 2348
1324 1324
705 705
9294 9294
7953 7953
1388 1388
3349 3349
8025 8025
3429 3429
8524 8524
4305 4305
12 12
3731 3731
3100 3100
5754 5754
762 762
9684 9684
5645 5645
408 408
6179 6179
1460 1460
5838 5838
7122 7122
5581 5581
1797 1797
1253 1253
5936 5936
3720 3720
5518 5518
5039 5039
6903 6903
3562 3562
1208 1208
8289 8289
4308 4308
90 90
5775 5775
4864 4864
2582 2582
3666 3666
6664 6664
2123 2123
5835 5835
2599 2599
5844 5844
2431 2431
4072 4072
2279 2279
1621 1621
5854 5854
7008 7008
7048 7048
9990 9990
2822 2822
4853 4853
1091 1091
83 83
6975 6975
4262 4262
7296 7296
2942 2942
9245 9245
684 684
1368 1368
8662 8662
8291 8291
3080 3080
3441 3441
5359 5359
2070 2070
66 66
134 134
8193 8193
8141 8141
2093 2093
4977 4977
9232 9232
2177 2177
3030 3030
6439 6439
1404 1404
649 649
7431 7431
1144 1144
3096 3096
6093 6093
5507 5507
2465 2465
8265 8265
9771 9771
3946 3946
7976 7976
2897 2897
6238 6238
9121 9121
3031 3031
6948 6948
3154 3154
5088 5088
9407 9407
9210 9210
4319 4319
2662 2662
3318 3318
4723 4723
7604 7604
5034 5034
2863 2863
9547 9547
2205 2205
8371 8371
3090 3090
469 469
8036 8036
239 239
4215 4215
8325 8325
4969 4969
1767 1767
7811 7811
809 809
887 887
8413 8413
9530 9530
7338 7338
4526 4526
2393 2393
7810 7810
1842 1842
1052 1052
8280 8280
4017 4017
8097 8097
4892 4892
5472 5472
5266 5266
3216 3216
3875 3875
828 828
5774 5774
7367 7367
5797 5797
5177 5177
4506 4506
3706 3706
3396 3396
4593 4593
5478 5478
1082 1082
6397 6397
971 971
8892 8892
2023 2023
4897 4897
9763 9763
7590 7590
3638 3638
8418 8418
5293 5293
2507 2507
878 878
7292 7292
4324 4324
4274 4274
2963 2963
8278 8278
3041 3041
6943 6943
2913 2913
44 44
1266 1266
6399 6399
6163 6163
7241 7241
2027 2027
445 445
2961 2961
6817 6817
220 220
7695 7695
1197 1197
3047 3047
4160 4160
6504 6504
1325 1325
1210 1210
623 623
6000 6000
9992 9992
9276 9276
3179 3179
2468 2468
7242 7242
6906 6906
7897 7897
11 11
456 456
9080 9080
2814 2814
4182 4182
8342 8342
7319 7319
2577 2577
630 630
7942 7942
1577 1577
4561 4561
667 667
356 356
3536 3536
3390 3390
2214 2214
9274 9274
1645 1645
2258 2258
8771 8771
7519 7519
1132 1132
22 22
6939 6939
3678 3678
7471 7471
3333 3333
126 126
4059 4059
3602 3602
7139 7139
6261 6261
1607 1607
6613 6613
8890 8890
9951 9951
775 775
7469 7469
798 798
4476 4476
3055 3055
8889 8889
2643 2643
701 701
2947 2947
1366 1366
538 538
4931 4931
6248 6248
5591 5591
240 240
6229 6229
9653 9653
4336 4336
5510 5510
7345 7345
7515 7515
5842 5842
190 190
4643 4643
5463 5463
3531 3531
1466 1466
550 550
2004 2004
6560 6560
8252 8252
5136 5136
6801 6801
3029 3029
9619 9619
9720 9720
7133 7133
8093 8093
3251 3251
5423 5423
1416 1416
5590 5590
7421 7421
1606 1606
233 233
3962 3962
2371 2371
3146 3146
3837 3837
3697 3697
6921 6921
3024 3024
8160 8160
7057 7057
1165 1165
1349 1349
783 783
2147 2147
121 121
7916 7916
3339 3339
7474 7474
8795 8795
9845 9845
1940 1940
3681 3681
1680 1680
3744 3744
6973 6973
7932 7932
5108 5108
84 84
9333 9333
2623 2623
8135 8135
1480 1480
3823 3823
7130 7130
1720 1720
8275 8275
468 468
4142 4142
475 475
1459 1459
9037 9037
4698 4698
6220 6220
3500 3500
9465 9465
5403 5403
6566 6566
3147 3147
267 267
4627 4627
4090 4090
9347 9347
7426 7426
2365 2365
6557 6557
6507 6507
8123 8123
4242 4242
4356 4356
9582 9582
3034 3034
1546 1546
4780 4780
6534 6534
2089 2089
1689 1689
3015 3015
8820 8820
6583 6583
9731 9731
5017 5017
2862 2862
8461 8461
4279 4279
497 497
4967 4967
6726 6726
1017 1017
4168 4168
6453 6453
4829 4829
6585 6585
6488 6488
1299 1299
118 118
5839 5839
725 725
3020 3020
2731 2731
8139 8139
2084 2084
8827 8827
2603 2603
7287 7287
5443 5443
2253 2253
7540 7540
6422 6422
3992 3992
1250 1250
1655 1655
8548 8548
3243 3243
8614 8614
4440 4440
6699 6699
417 417
7461 7461
3347 3347
4227 4227
6678 6678
5431 5431
339 339
7977 7977
849 849
6595 6595
93 93
2422 2422
3321 3321
6459 6459
8063 8063
7429 7429
5622 5622
5100 5100
8154 8154
6367 6367
8012 8012
8493 8493
5988 5988
5537 5537
2583 2583
3336 3336
3119 3119
6837 6837
8648 8648
2437 2437
1340 1340
1360 1360
5117 5117
4288 4288
4911 4911
4695 4695
8108 8108
1089 1089
1780 1780
8815 8815
9742 9742
2057 2057
3403 3403
6473 6473
8731 8731
3309 3309
6408 6408
1290 1290
7124 7124
3709 3709
1481 1481
8728 8728
9320 9320
5551 5551
4470 4470
9641 9641
5856 5856
8224 8224
9044 9044
2447 2447
2256 2256
1372 1372
9272 9272
9057 9057
1734 1734
3081 3081
9178 9178
9938 9938
7870 7870
1737 1737
3256 3256
2357 2357
2565 2565
9637 9637
6267 6267
6633 6633
2122 2122
4856 4856
1058 1058
2969 2969
3899 3899
2186 2186
7425 7425
9634 9634
5050 5050
759 759
1005 1005
5401 5401
2551 2551
61 61
7135 7135
6711 6711
317 317
7072 7072
4580 4580
1407 1407
1525 1525
7653 7653
8507 8507
219 219
595 595
3244 3244
3701 3701
2877 2877
2991 2991
5540 5540
9471 9471
8091 8091
5023 5023
6605 6605
5880 5880
6420 6420
1539 1539
6122 6122
5304 5304
4890 4890
217 217
7685 7685
7676 7676
1515 1515
8281 8281
2352 2352
1524 1524
1493 1493
4362 4362
7033 7033
5123 5123
6544 6544
2081 2081
4042 4042
7351 7351
3620 3620
3595 3595
4592 4592
9717 9717
3067 3067
4569 4569
3952 3952
9036 9036
5865 5865
5172 5172
3599 3599
6954 6954
600 600
1865 1865
8223 8223
3381 3381
1980 1980
2265 2265
1810 1810
6402 6402
3363 3363
7734 7734
3285 3285
7237 7237
9952 9952
3254 3254
6627 6627
947 947
1798 1798
4546 4546
9543 9543
4704 4704
3239 3239
6383 6383
4605 4605
9266 9266
6197 6197
7949 7949
1075 1075
2875 2875
4887 4887
6002 6002
155 155
6327 6327
107 107
2953 2953
2133 2133
176 176
5830 5830
6164 6164
2461 2461
9691 9691
8844 8844
4527 4527
3176 3176
103 103
2476 2476
5331 5331
2978 2978
7363 7363
3886 3886
295 295
1062 1062
5727 5727
5120 5120
8143 8143
5882 5882
7568 7568
4469 4469
4348 4348
4524 4524
4330 4330
1766 1766
781 781
471 471
9341 9341
5860 5860
115 115
4481 4481
6344 6344
8538 8538
4785 4785
9332 9332
6926 6926
6137 6137
5068 5068
3628 3628
3446 3446
7403 7403
5394 5394
7901 7901
7343 7343
3203 3203
1108 1108
4635 4635
8531 8531
9843 9843
4251 4251
4395 4395
6390 6390
1352 1352
7468 7468
566 566
6109 6109
7004 7004
731 731
6120 6120
2255 2255
8841 8841
5313 5313
3792 3792
2655 2655
9569 9569
6937 6937
8644 8644
6987 6987
4357 4357
6596 6596
1175 1175
8608 8608
1428 1428
3849 3849
8897 8897
5201 5201
857 857
1309 1309
6138 6138
6441 6441
2832 2832
573 573
2902 2902
6567 6567
5916 5916
4520 4520
8170 8170
2828 2828
676 676
1057 1057
9573 9573
2957 2957
2993 2993
113 113
4266 4266
1933 1933
1386 1386
1867 1867
8071 8071
5993 5993
9387 9387
2219 2219
5426 5426
5317 5317
5568 5568
361 361
9652 9652
8698 8698
2479 2479
286 286
234 234
7423 7423
9860 9860
3191 3191
415 415
7458 7458
9509 9509
844 844
2855 2855
2951 2951
2415 2415
3854 3854
6593 6593
7759 7759
4584 4584
5290 5290
7369 7369
7063 7063
1654 1654
7297 7297
9493 9493
9645 9645
2919 2919
3161 3161
2669 2669
1374 1374
1846 1846
3514 3514
4462 4462
4702 4702
7413 7413
4247 4247
3719 3719
6129 6129
8863 8863
829 829
7939 7939
9423 9423
724 724
2508 2508
3307 3307
3786 3786
9327 9327
2401 2401
7819 7819
6648 6648
3707 3707
8567 8567
8434 8434
3767 3767
5628 5628
4636 4636
3654 3654
1860 1860
6588 6588
2006 2006
6849 6849
2936 2936
5337 5337
2304 2304
7701 7701
7743 7743
1747 1747
7611 7611
6772 6772
3118 3118
5277 5277
14 14
6203 6203
4849 4849
2594 2594
4760 4760
8977 8977
2014 2014
5592 5592
4313 4313
6008 6008
4788 4788
248 248
2001 2001
822 822
272 272
2080 2080
8962 8962
8471 8471
4234 4234
9156 9156
36 36
9013 9013
7009 7009
4404 4404
4096 4096
2858 2858
8884 8884
1963 1963
1293 1293
2587 2587
3864 3864
2644 2644
3807 3807
8002 8002
3356 3356
855 855
2420 2420
1970 1970
4475 4475
1451 1451
2061 2061
1484 1484
6074 6074
401 401
2438 2438
8584 8584
9168 9168
7455 7455
4518 4518
139 139
2770 2770
7387 7387
6868 6868
2454 2454
2421 2421
4984 4984
2451 2451
1043 1043
3538 3538
8263 8263
7925 7925
449 449
365 365
5366 5366
7263 7263
8125 8125
5961 5961
4480 4480
9494 9494
1079 1079
3801 3801
2840 2840
3142 3142
2959 2959
1520 1520
3324 3324
2517 2517
502 502
9286 9286
9625 9625
4651 4651
7966 7966
3855 3855
5840 5840
4486 4486
2879 2879
2372 2372
6700 6700
4211 4211
5682 5682
500 500
720 720
9602 9602
3639 3639
3311 3311
8042 8042
9385 9385
3813 3813
7327 7327
4980 4980
4516 4516
3057 3057
2481 2481
6912 6912
3341 3341
5700 5700
241 241
3423 3423
6051 6051
2812 2812
9433 9433
2413 2413
3242 3242
1223 1223
6052 6052
9031 9031
4093 4093
8415 8415
505 505
4473 4473
5021 5021
8582 8582
3545 3545
7101 7101
2854 2854
3044 3044
6178 6178
1756 1756
8990 8990
1188 1188
4793 4793
3491 3491
9104 9104
4783 4783
9609 9609
7281 7281
8869 8869
5709 5709
842 842
4290 4290
8539 8539
5639 5639
2737 2737
6739 6739
6670 6670
9383 9383
2916 2916
8622 8622
1138 1138
2984 2984
3406 3406
6045 6045
6155 6155
7079 7079
7767 7767
9298 9298
6369 6369
3475 3475
3908 3908
46 46
1059 1059
5886 5886
7799 7799
5269 5269
7486 7486
5857 5857
404 404
891 891
2400 2400
7529 7529
7788 7788
9635 9635
9555 9555
4867 4867
7055 7055
3712 3712
7187 7187
7396 7396
7109 7109
2383 2383
8299 8299
9974 9974
5242 5242
8970 8970
2857 2857
5905 5905
9018 9018
9511 9511
9557 9557
4058 4058
1487 1487
3327 3327
6851 6851
5750 5750
8719 8719
2388 2388
8692 8692
9565 9565
470 470
5013 5013
9826 9826
3821 3821
2773 2773
5275 5275
7671 7671
5910 5910
2674 2674
9969 9969
3458 3458
7080 7080
6819 6819
2053 2053
2789 2789
908 908
7803 7803
8449 8449
2472 2472
8347 8347
6910 6910
3585 3585
7438 7438
6807 6807
2712 2712
931 931
4629 4629
8623 8623
2903 2903
8382 8382
9670 9670
9330 9330
8375 8375
2995 2995
5101 5101
5352 5352
3552 3552
4454 4454
4879 4879
8214 8214
1799 1799
4787 4787
3027 3027
1438 1438
2728 2728
5420 5420
2397 2397
2859 2859
3667 3667
6662 6662
8051 8051
6907 6907
3092 3092
8705 8705
9575 9575
2274 2274
598 598
697 697
2767 2767
1105 1105
6563 6563
6873 6873
3622 3622
680 680
120 120
4854 4854
2979 2979
269 269
4120 4120
1478 1478
8217 8217
1676 1676
2209 2209
3817 3817
1993 1993
8215 8215
1745 1745
7769 7769
8874 8874
3543 3543
106 106
4223 4223
3577 3577
5056 5056
4078 4078
9926 9926
7221 7221
4821 4821
5435 5435
1991 1991
6733 6733
8260 8260
9712 9712
7393 7393
6979 6979
6729 6729
4650 4650
9972 9972
784 784
1674 1674
6448 6448
2008 2008
1599 1599
4320 4320
9229 9229
5742 5742
3075 3075
4001 4001
7374 7374
7852 7852
38 38
6879 6879
5244 5244
4402 4402
4297 4297
7161 7161
6604 6604
588 588
3051 3051
2596 2596
8450 8450
7858 7858
3713 3713
8646 8646
7867 7867
2646 2646
7675 7675
6319 6319
3197 3197
5654 5654
6141 6141
3922 3922
2161 2161
9850 9850
406 406
4641 4641
278 278
3587 3587
1698 1698
9033 9033
9906 9906
3274 3274
7825 7825
3103 3103
1173 1173
4947 4947
7011 7011
7751 7751
2167 2167
2938 2938
1672 1672
8878 8878
3833 3833
5231 5231
5514 5514
8147 8147
6442 6442
5571 5571
2162 2162
5749 5749
7400 7400
388 388
1752 1752
9292 9292
2926 2926
309 309
5862 5862
3954 3954
9718 9718
4645 4645
9580 9580
422 422
8550 8550
4035 4035
7944 7944
6191 6191
105 105
9822 9822
7547 7547
9014 9014
8305 8305
4057 4057
9694 9694
9363 9363
5072 5072
8833 8833
7391 7391
9644 9644
5375 5375
3652 3652
1921 1921
7301 7301
621 621
1943 1943
1327 1327
7300 7300
5809 5809
1020 1020
5131 5131
985 985
9496 9496
1584 1584
4863 4863
616 616
690 690
9837 9837
7651 7651
4865 4865
2336 2336
1954 1954
4884 4884
357 357
6357 6357
7907 7907
5235 5235
8109 8109
2534 2534
4996 4996
253 253
274 274
6956 6956
1184 1184
6484 6484
8068 8068
8747 8747
5363 5363
235 235
6053 6053
9142 9142
1141 1141
4025 4025
6658 6658
1931 1931
347 347
7797 7797
4759 4759
5737 5737
7331 7331
5562 5562
5602 5602
8660 8660
1193 1193
3771 3771
7125 7125
5915 5915
8158 8158
1733 1733
3631 3631
6492 6492
1815 1815
7066 7066
1678 1678
6201 6201
5529 5529
4408 4408
7914 7914
8392 8392
2296 2296
5038 5038
5385 5385
3880 3880
8008 8008
4621 4621
5004 5004
3415 3415
9092 9092
144 144
7211 7211
4490 4490
742 742
2723 2723
6923 6923
345 345
1716 1716
6393 6393
7600 7600
7478 7478
4489 4489
4910 4910
5010 5010
4318 4318
9914 9914
8425 8425
9400 9400
9006 9006
3143 3143
8913 8913
3402 3402
8444 8444
6446 6446
2838 2838
9289 9289
7967 7967
8866 8866
2456 2456
9161 9161
4077 4077
153 153
8048 8048
4555 4555
1190 1190
5560 5560
2291 2291
7492 7492
8822 8822
2714 2714
9362 9362
262 262
8650 8650
5957 5957
6616 6616
7745 7745
207 207
7504 7504
8695 8695
6742 6742
837 837
2392 2392
2380 2380
6482 6482
8513 8513
2758 2758
9886 9886
9004 9004
6856 6856
6302 6302
3472 3472
1284 1284
6509 6509
4701 4701
8788 8788
7556 7556
8393 8393
2607 2607
7534 7534
5460 5460
6444 6444
9102 9102
7807 7807
9639 9639
2467 2467
7573 7573
4751 4751
8370 8370
2338 2338
6825 6825
8236 8236
9682 9682
9008 9008
2515 2515
8341 8341
9393 9393
5427 5427
7508 7508
8005 8005
886 886
4179 4179
7693 7693
2236 2236
4896 4896
1238 1238
685 685
2469 2469
7245 7245
6515 6515
6693 6693
4928 4928
305 305
2715 2715
4609 4609
9313 9313
4028 4028
7792 7792
6559 6559
2503 2503
1589 1589
6149 6149
4642 4642
6158 6158
7564 7564
6040 6040
8756 8756
1788 1788
4707 4707
5065 5065
5816 5816
5195 5195
7875 7875
3897 3897
5216 5216
4422 4422
1364 1364
9064 9064
736 736
5941 5941
7220 7220
2441 2441
4583 4583
6173 6173
8001 8001
819 819
5908 5908
6836 6836
6353 6353
1302 1302
7088 7088
655 655
5035 5035
1405 1405
5912 5912
7827 7827
9793 9793
6410 6410
3734 3734
2762 2762
3298 3298
3202 3202
5033 5033
8096 8096
6025 6025
6721 6721
1724 1724
987 987
1312 1312
5323 5323
2657 2657
9665 9665
7491 7491
8016 8016
4644 4644
1271 1271
2974 2974
9109 9109
5804 5804
9072 9072
2302 2302
9007 9007
852 852
516 516
1843 1843
5967 5967
5747 5747
1156 1156
4666 4666
7576 7576
4662 4662
2072 2072
2408 2408
3122 3122
8212 8212
3272 3272
5688 5688
6407 6407
8746 8746
5773 5773
7259 7259
7775 7775
4208 4208
6687 6687
7940 7940
4066 4066
7988 7988
3169 3169
9145 9145
9734 9734
3582 3582
8900 8900
6968 6968
8191 8191
7207 7207
8317 8317
1306 1306
708 708
3604 3604
9728 9728
7670 7670
8396 8396
1564 1564
8473 8473
3387 3387
2251 2251
1061 1061
6997 6997
6969 6969
9551 9551
1902 1902
7624 7624
297 297
5846 5846
8659 8659
2940 2940
8210 8210
7621 7621
349 349
7285 7285
6071 6071
7142 7142
7680 7680
1883 1883
7833 7833
3116 3116
4352 4352
3410 3410
774 774
2215 2215
6788 6788
9839 9839
4015 4015
5276 5276
2132 2132
2681 2681
9753 9753
435 435
9301 9301
4453 4453
6642 6642
5272 5272
994 994
96 96
5821 5821
8628 8628
8074 8074
9325 9325
8680 8680
1448 1448
9116 9116
8310 8310
1610 1610
465 465
324 324
7462 7462
7224 7224
6089 6089
4986 4986
3661 3661
4213 4213
5248 5248
586 586
3108 3108
9935 9935
45 45
3512 3512
2894 2894
6283 6283
6751 6751
8302 8302
5477 5477
65 65
6929 6929
8454 8454
3267 3267
3550 3550
8559 8559
1094 1094
9567 9567
7806 7806
5281 5281
4831 4831
159 159
263 263
8321 8321
6573 6573
9596 9596
5827 5827
4712 4712
7577 7577
4720 4720
7448 7448
1808 1808
7623 7623
8200 8200
7894 7894
1013 1013
6214 6214
416 416
8132 8132
3527 3527
6654 6654
3404 3404
5309 5309
4940 4940
3835 3835
7193 7193
874 874
7044 7044
8057 8057
5206 5206
8826 8826
4199 4199
4339 4339
992 992
2208 2208
1214 1214
4976 4976
4513 4513
3776 3776
6354 6354
8428 8428
6674 6674
6110 6110
7733 7733
9677 9677
5667 5667
1521 1521
3894 3894
2736 2736
5505 5505
2222 2222
1838 1838
5002 5002
9271 9271
1375 1375
4616 4616
7851 7851
6246 6246
7357 7357
7899 7899
7780 7780
6710 6710
5077 5077
5833 5833
2923 2923
4089 4089
5524 5524
5081 5081
1560 1560
2423 2423
8358 8358
2772 2772
7612 7612
811 811
2036 2036
2819 2819
3571 3571
7365 7365
7724 7724
8163 8163
6505 6505
4521 4521
1853 1853
681 681
5368 5368
490 490
2345 2345
8007 8007
4924 4924
4255 4255
7208 7208
8222 8222
5369 5369
5945 5945
2449 2449
1901 1901
7091 7091
4034 4034
2691 2691
1143 1143
3372 3372
8488 8488
5717 5717
5597 5597
4491 4491
3319 3319
8653 8653
2943 2943
7271 7271
147 147
8373 8373
8361 8361
5020 5020
3189 3189
7093 7093
5179 5179
6170 6170
2769 2769
5736 5736
9445 9445
226 226
3842 3842
7999 7999
1032 1032
2494 2494
2020 2020
9382 9382
5046 5046
7020 7020
9978 9978
6450 6450
3931 3931
5156 5156
2619 2619
4261 4261
8356 8356
2466 2466
9661 9661
6942 6942
758 758
2650 2650
9964 9964
9288 9288
8304 8304
5885 5885
8805 8805
5040 5040
1440 1440
5138 5138
4572 4572
541 541
9805 9805
2777 2777
4111 4111
2601 2601
7683 7683
651 651
9126 9126
4116 4116
2368 2368
6635 6635
5103 5103
4944 4944
3178 3178
6301 6301
7184 7184
4700 4700
1591 1591
5553 5553
1485 1485
4235 4235
1353 1353
3361 3361
4916 4916
4601 4601
7284 7284
5190 5190
3466 3466
4292 4292
8041 8041
1671 1671
5464 5464
8856 8856
9278 9278
6062 6062
3718 3718
350 350
4256 4256
9138 9138
1092 1092
4957 4957
9768 9768
9304 9304
4591 4591
4674 4674
2935 2935
4377 4377
8452 8452
3395 3395
2165 2165
8543 8543
713 713
1764 1764
2563 2563
7119 7119
2129 2129
5668 5668
9554 9554
3293 3293
5770 5770
1601 1601
3583 3583
8072 8072
7354 7354
1714 1714
1540 1540
3703 3703
1157 1157
8690 8690
9751 9751
8982 8982
6469 6469
9443 9443
4105 4105
117 117
4018 4018
3054 3054
1831 1831
5659 5659
8083 8083
6587 6587
9579 9579
5949 5949
3058 3058
7704 7704
6779 6779
2395 2395
8725 8725
9448 9448
6388 6388
5548 5548
8175 8175
977 977
4912 4912
7856 7856
674 674
4198 4198
4630 4630
374 374
3677 3677
1200 1200
5577 5577
4562 4562
5380 5380
6586 6586
5828 5828
6805 6805
838 838
2900 2900
6527 6527
755 755
7201 7201
7682 7682
4903 4903
2312 2312
461 461
2283 2283
9268 9268
5960 5960
9667 9667
9605 9605
9369 9369
2891 2891
2232 2232
5294 5294
6132 6132
1492 1492
6643 6643
2720 2720
3506 3506
1365 1365
1711 1711
8369 8369
2178 2178
8287 8287
7546 7546
6075 6075
5070 5070
2791 2791
7713 7713
9696 9696
2139 2139
7107 7107
1102 1102
5393 5393
6982 6982
9280 9280
1063 1063
6826 6826
2500 2500
6778 6778
8649 8649
794 794
1439 1439
7394 7394
372 372
7749 7749
554 554
1806 1806
5341 5341
8505 8505
571 571
5926 5926
8949 8949
9505 9505
9693 9693
9117 9117
8153 8153
5618 5618
9592 9592
7288 7288
4463 4463
7215 7215
3120 3120
3634 3634
3600 3600
175 175
6409 6409
5357 5357
5001 5001
5605 5605
5049 5049
5196 5196
3757 3757
813 813
6060 6060
4904 4904
7232 7232
7752 7752
5400 5400
6090 6090
3698 3698
3646 3646
9140 9140
4204 4204
9561 9561
3002 3002
7584 7584
6759 6759
4459 4459
9476 9476
2264 2264
518 518
5459 5459
7591 7591
8022 8022
5904 5904
5902 5902
1106 1106
8182 8182
8470 8470
3581 3581
900 900
8696 8696
2003 2003
3978 3978
9391 9391
7311 7311
4617 4617
312 312
304 304
1519 1519
8150 8150
5282 5282
7533 7533
3436 3436
5489 5489
4154 4154
129 129
1547 1547
8858 8858
2973 2973
2591 2591
9170 9170
4110 4110
6184 6184
3716 3716
9864 9864
8232 8232
2385 2385
6088 6088
2207 2207
9055 9055
6148 6148
1471 1471
1681 1681
4874 4874
3990 3990
9185 9185
4188 4188
6247 6247
7996 7996
747 747
610 610
8195 8195
923 923
4680 4680
4070 4070
6277 6277
4993 4993
4482 4482
2188 2188
6611 6611
8477 8477
7814 7814
4781 4781
3687 3687
7530 7530
5250 5250
6924 6924
5099 5099
5824 5824
4421 4421
3605 3605
6076 6076
8064 8064
1097 1097
2478 2478
9750 9750
6533 6533
834 834
1361 1361
8364 8364
7839 7839
5841 5841
4827 4827
3049 3049
3173 3173
2617 2617
2154 2154
8693 8693
210 210
2416 2416
2386 2386
3411 3411
9944 9944
3721 3721
2228 2228
7217 7217
4626 4626
4905 4905
8138 8138
6561 6561
1215 1215
733 733
4949 4949
1103 1103
2308 2308
3863 3863
1040 1040
1959 1959
9336 9336
6491 6491
4092 4092
6568 6568
652 652
6727 6727
6735 6735
3820 3820
9176 9176
4554 4554
5252 5252
10 10
3873 3873
2051 2051
3489 3489
9758 9758
8675 8675
5803 5803
2097 2097
6057 6057
3490 3490
7730 7730
9821 9821
7740 7740
9905 9905
4553 4553
2732 2732
1618 1618
6296 6296
3102 3102
8710 8710
5634 5634
4472 4472
4443 4443
5371 5371
3261 3261
5953 5953
8301 8301
1445 1445
3659 3659
2311 2311
7657 7657
9399 9399
6449 6449
6366 6366
1856 1856
1321 1321
8271 8271
6273 6273
4069 4069
5660 5660
4878 4878
1174 1174
30 30
5627 5627
3507 3507
3155 3155
4196 4196
6166 6166
603 603
2668 2668
3517 3517
1979 1979
889 889
7411 7411
7535 7535
9187 9187
7722 7722
3772 3772
2166 2166
6927 6927
7643 7643
4172 4172
7554 7554
310 310
7689 7689
2567 2567
5589 5589
8466 8466
3739 3739
7371 7371
4109 4109
6472 6472
2989 2989
3657 3657
6382 6382
3988 3988
8560 8560
1541 1541
5188 5188
2915 2915
6702 6702
8883 8883
6264 6264
1227 1227
332 332
1969 1969
4606 4606
4063 4063
5604 5604
492 492
1870 1870
3407 3407
5963 5963
3879 3879
5615 5615
5576 5576
6803 6803
7715 7715
6928 6928
1936 1936
5924 5924
6543 6543
9987 9987
3421 3421
5765 5765
2765 2765
265 265
5029 5029
760 760
9221 9221
7335 7335
7049 7049
9351 9351
7687 7687
5280 5280
9524 9524
5894 5894
1804 1804
5995 5995
6350 6350
2054 2054
4858 4858
7384 7384
5530 5530
5685 5685
2175 2175
8183 8183
1247 1247
7857 7857
6471 6471
1706 1706
3037 3037
584 584
8640 8640
9005 9005
2635 2635
3498 3498
6483 6483
7741 7741
8819 8819
2639 2639
9478 9478
214 214
7655 7655
5596 5596
6526 6526
9207 9207
23 23
8588 8588
1750 1750
8459 8459
7771 7771
3040 3040
9396 9396
3607 3607
4900 4900
7440 7440
8383 8383
9231 9231
6269 6269
510 510
2794 2794
8691 8691
1482 1482
7886 7886
7513 7513
2890 2890
6362 6362
4075 4075
663 663
7698 7698
5990 5990
2911 2911
6299 6299
258 258
6809 6809
9489 9489
4131 4131
7605 7605
9200 9200
6537 6537
8474 8474
9427 9427
5232 5232
3342 3342
4161 4161
1759 1759
1254 1254
9918 9918
4303 4303
5759 5759
3791 3791
9774 9774
1717 1717
1742 1742
8255 8255
8922 8922
7681 7681
4153 4153
6268 6268
6808 6808
1117 1117
7891 7891
4808 4808
9020 9020
5009 5009
6855 6855
2355 2355
2616 2616
7654 7654
5948 5948
6003 6003
5746 5746
766 766
6016 6016
5450 5450
8460 8460
9251 9251
3019 3019
3184 3184
1118 1118
1955 1955
9851 9851
7958 7958
29 29
3105 3105
8794 8794
3816 3816
873 873
3354 3354
3082 3082
1273 1273
6153 6153
8484 8484
8605 8605
2747 2747
193 193
9900 9900
4794 4794
2334 2334
9329 9329
9310 9310
9135 9135
4773 4773
1343 1343
7496 7496
3965 3965
7303 7303
7179 7179
2734 2734
4692 4692
6102 6102
7528 7528
3959 3959
74 74
6160 6160
1538 1538
9287 9287
4971 4971
3889 3889
6314 6314
4888 4888
5278 5278
4937 4937
6620 6620
9408 9408
3618 3618
7030 7030
6325 6325
3086 3086
8058 8058
1185 1185
5455 5455
8081 8081
1417 1417
4437 4437
5642 5642
4989 4989
6834 6834
438 438
551 551
3453 3453
2462 2462
2429 2429
6594 6594
2685 2685
3112 3112
3457 3457
4755 4755
396 396
7244 7244
6464 6464
4095 4095
7549 7549
8906 8906
9111 9111
7234 7234
1397 1397
6728 6728
1113 1113
4144 4144
6577 6577
6490 6490
6403 6403
2632 2632
6454 6454
6181 6181
275 275
8903 8903
5982 5982
8188 8188
2314 2314
7344 7344
7837 7837
3097 3097
5382 5382
7167 7167
8932 8932
6991 6991
8456 8456
4914 4914
6866 6866
3682 3682
5061 5061
7075 7075
3483 3483
4907 4907
3655 3655
3940 3940
206 206
6322 6322
5762 5762
398 398
9192 9192
6538 6538
21 21
8546 8546
3724 3724
9422 9422
1112 1112
2041 2041
4138 4138
5134 5134
4165 4165
5823 5823
4613 4613
7794 7794
6530 6530
3804 3804
3068 3068
3089 3089
9160 9160
1786 1786
619 619
1028 1028
6192 6192
6572 6572
8438 8438
4389 4389
638 638
5246 5246
1030 1030
5288 5288
9414 9414
9563 9563
8080 8080
5533 5533
6996 6996
4753 4753
7250 7250
3323 3323
2409 2409
4987 4987
5362 5362
9449 9449
6266 6266
137 137
1929 1929
5917 5917
9059 9059
8749 8749
4332 4332
2435 2435
6944 6944
7189 7189
6828 6828
9777 9777
4763 4763
3287 3287
4625 4625
397 397
6701 6701
2733 2733
1633 1633
1135 1135
6035 6035
8424 8424
6691 6691
7286 7286
9432 9432
1128 1128
9054 9054
2707 2707
5391 5391
1180 1180
5491 5491
9797 9797
5383 5383
5893 5893
3892 3892
4024 4024
3642 3642
2306 2306
2571 2571
1229 1229
4026 4026
7158 7158
5499 5499
7 7
6279 6279
5609 5609
4941 4941
4737 4737
4749 4749
9936 9936
4906 4906
4361 4361
8931 8931
6668 6668
7453 7453
8683 8683
933 933
6430 6430
8981 8981
3790 3790
5648 5648
1775 1775
149 149
4547 4547
3317 3317
3219 3219
9205 9205
6768 6768
9214 9214
4851 4851
6666 6666
1569 1569
8873 8873
5348 5348
3392 3392
885 885
7460 7460
7248 7248
4267 4267
7622 7622
3224 3224
7551 7551
2017 2017
7938 7938
8119 8119
6932 6932
3079 3079
7294 7294
6531 6531
7614 7614
7667 7667
3953 3953
7968 7968
1171 1171
99 99
3360 3360
364 364
1270 1270
3227 3227
3616 3616
6260 6260
8073 8073
6224 6224
6139 6139
9038 9038
6055 6055
8875 8875
8404 8404
7725 7725
2419 2419
9956 9956
8533 8533
4317 4317
939 939
8935 8935
1579 1579
6578 6578
9954 9954
2663 2663
3632 3632
740 740
8899 8899
5826 5826
9368 9368
3215 3215
5114 5114
4048 4048
3601 3601
6624 6624
2830 2830
6259 6259
8174 8174
486 486
8128 8128
6364 6364
3668 3668
4423 4423
2752 2752
8095 8095
8308 8308
4133 4133
2920 2920
3651 3651
577 577
5859 5859
3326 3326
4178 4178
3561 3561
9002 9002
941 941
4668 4668
6445 6445
1731 1731
2627 2627
2866 2866
2846 2846
6846 6846
8502 8502
7532 7532
9507 9507
2679 2679
4194 4194
5542 5542
4848 4848
4891 4891
7490 7490
5296 5296
5497 5497
4009 4009
3093 3093
8677 8677
3523 3523
2286 2286
6886 6886
7134 7134
6720 6720
3980 3980
761 761
9591 9591
2549 2549
6225 6225
5386 5386
2780 2780
4062 4062
7140 7140
4612 4612
8647 8647
3920 3920
2094 2094
8814 8814
833 833
5780 5780
4840 4840
8315 8315
3476 3476
6962 6962
9248 9248
3273 3273
9047 9047
7594 7594
4340 4340
1705 1705
7160 7160
5069 5069
4528 4528
2842 2842
882 882
975 975
4281 4281
3551 3551
5239 5239
1638 1638
2836 2836
4367 4367
5093 5093
8834 8834
2754 2754
2263 2263
2406 2406
3637 3637
6777 6777
3151 3151
8391 8391
9258 9258
9049 9049
1411 1411
5176 5176
3964 3964
28 28
7990 7990
3371 3371
2377 2377
1626 1626
496 496
6099 6099
4697 4697
5411 5411
6949 6949
671 671
3350 3350
9965 9965
3391 3391
2098 2098
5185 5185
8755 8755
4410 4410
5379 5379
9861 9861
5045 5045
6059 6059
528 528
3909 3909
7834 7834
9267 9267
3365 3365
7620 7620
2223 2223
7609 7609
4729 4729
1186 1186
9893 9893
5951 5951
7159 7159
6802 6802
4197 4197
9415 9415
3193 3193
2474 2474
2052 2052
3095 3095
8494 8494
9480 9480
8699 8699
8615 8615
3983 3983
2233 2233
9355 9355
2030 2030
2727 2727
6853 6853
6475 6475
6999 6999
7721 7721
7266 7266
815 815
2811 2811
1305 1305
1740 1740
8187 8187
1874 1874
4033 4033
5751 5751
9828 9828
284 284
6069 6069
7983 7983
4114 4114
9275 9275
5119 5119
1148 1148
8520 8520
6724 6724
2201 2201
367 367
8264 8264
200 200
1286 1286
9269 9269
8430 8430
5693 5693
5092 5092
6835 6835
7409 7409
6006 6006
515 515
7737 7737
4435 4435
9094 9094
3046 3046
9217 9217
5534 5534
7992 7992
2482 2482
4278 4278
3297 3297
2792 2792
1603 1603
16 16
7779 7779
1006 1006
1641 1641
1938 1938
77 77
4355 4355
4401 4401
5785 5785
6394 6394
4397 4397
3320 3320
5211 5211
4714 4714
3007 3007
2493 2493
567 567
4942 4942
58 58
8489 8489
452 452
2889 2889
3982 3982
4654 4654
7974 7974
5691 5691
1415 1415
1517 1517
7341 7341
9808 9808
9834 9834
1801 1801
4479 4479
9498 9498
6143 6143
6576 6576
25 25
9934 9934
6900 6900
2541 2541
7053 7053
387 387
5512 5512
4932 4932
8435 8435
7884 7884
197 197
2048 2048
3836 3836
7877 7877
2880 2880
9578 9578
4264 4264
8399 8399
2931 2931
821 821
7908 7908
7863 7863
9544 9544
7649 7649
446 446
331 331
7450 7450
9224 9224
7027 7027
7105 7105
6372 6372
3829 3829
3428 3428
8750 8750
5647 5647
9409 9409
6844 6844
3255 3255
2213 2213
9844 9844
8766 8766
7083 7083
3673 3673
8971 8971
8993 8993
986 986
3180 3180
3101 3101
1313 1313
9236 9236
7051 7051
5681 5681
1844 1844
2083 2083
3006 3006
2244 2244
6690 6690
9328 9328
362 362
2906 2906
8298 8298
9466 9466
8907 8907
6618 6618
8526 8526
289 289
918 918
7860 7860
9594 9594
2554 2554
1370 1370
4799 4799
5205 5205
9502 9502
3502 3502
2350 2350
7407 7407
7153 7153
6758 6758
426 426
7494 7494
7829 7829
8563 8563
3000 3000
1550 1550
5052 5052
3109 3109
4287 4287
9643 9643
6784 6784
9799 9799
7628 7628
5316 5316
2672 2672
6080 6080
4293 4293
3814 3814
703 703
6917 6917
5125 5125
7567 7567
6041 6041
8808 8808
8491 8491
2226 2226
5373 5373
6017 6017
2289 2289
7597 7597
5500 5500
3462 3462
8707 8707
5452 5452
8344 8344
3736 3736
7085 7085
1332 1332
8759 8759
5546 5546
2609 2609
7264 7264
6874 6874
2588 2588
2677 2677
5486 5486
4899 4899
5289 5289
1453 1453
2471 2471
6529 6529
4845 4845
6540 6540
5992 5992
2164 2164
4 4
5911 5911
7575 7575
7364 7364
5437 5437
9646 9646
8244 8244
8024 8024
5354 5354
3808 3808
1268 1268
9747 9747
8712 8712
7219 7219
6832 6832
3422 3422
6310 6310
9043 9043
3241 3241
5825 5825
4122 4122
2761 2761
3912 3912
7712 7712
7115 7115
8752 8752
2356 2356
5057 5057
8445 8445
221 221
3435 3435
1146 1146
2405 2405
7588 7588
4232 4232
5106 5106
2949 2949
7373 7373
409 409
631 631
2738 2738
1864 1864
1526 1526
1444 1444
8258 8258
679 679
8053 8053
6027 6027
6358 6358
8915 8915
2799 2799
3135 3135
8852 8852
8127 8127
9458 9458
6121 6121
5932 5932
1896 1896
2771 2771
4181 4181
8059 8059
8442 8442
1379 1379
1069 1069
2077 2077
6798 6798
5766 5766
4688 4688
8716 8716
5169 5169
824 824
7317 7317
3558 3558
9032 9032
5829 5829
8458 8458
2721 2721
6360 6360
9429 9429
9512 9512
816 816
9614 9614
3548 3548
5482 5482
864 864
1715 1715
5475 5475
5897 5897
5433 5433
1314 1314
2815 2815
954 954
4943 4943
5408 5408
6171 6171
5758 5758
8857 8857
2675 2675
8738 8738
3270 3270
4006 4006
6852 6852
6292 6292
5985 5985
9227 9227
5520 5520
1627 1627
3564 3564
439 439
2444 2444
4578 4578
749 749
5726 5726
2442 2442
6082 6082
6305 6305
1463 1463
3919 3919
6355 6355
2548 2548
6612 6612
507 507
7362 7362
8799 8799
9695 9695
1877 1877
9312 9312
1598 1598
7410 7410
6255 6255
9749 9749
3929 3929
9615 9615
3139 3139
4545 4545
273 273
1206 1206
3584 3584
1653 1653
9277 9277
7660 7660
9182 9182
7274 7274
8536 8536
8381 8381
9484 9484
7646 7646
6671 6671
6602 6602
961 961
1316 1316
7661 7661
5319 5319
1754 1754
1495 1495
6838 6838
3898 3898
1647 1647
335 335
3217 3217
4272 4272
5204 5204
5771 5771
6804 6804
840 840
4510 4510
523 523
5812 5812
7308 7308
9417 9417
2284 2284
2505 2505
2293 2293
7644 7644
661 661
7506 7506
3276 3276
125 125
4587 4587
5715 5715
8645 8645
4823 4823
1632 1632
3714 3714
5573 5573
4588 4588
1891 1891
3852 3852
2552 2552
8417 8417
6641 6641
2630 2630
8868 8868
1100 1100
2539 2539
2537 2537
4485 4485
4586 4586
2779 2779
6767 6767
8676 8676
635 635
4579 4579
9762 9762
2540 2540
9079 9079
2513 2513
1243 1243
869 869
9689 9689
1177 1177
5665 5665
237 237
9151 9151
7686 7686
337 337
9516 9516
8951 8951
6786 6786
2664 2664
1122 1122
5784 5784
6787 6787
6021 6021
5938 5938
716 716
920 920
9604 9604
1074 1074
773 773
2671 2671
1628 1628
4260 4260
615 615
7632 7632
7812 7812
3759 3759
6989 6989
8732 8732
1942 1942
3460 3460
8901 8901
174 174
7210 7210
3074 3074
8999 8999
254 254
605 605
593 593
4150 4150
4734 4734
7578 7578
7090 7090
4901 4901
5142 5142
4425 4425
4711 4711
662 662
9316 9316
2460 2460
2439 2439
9586 9586
4008 4008
1241 1241
6195 6195
3560 3560
2063 2063
2287 2287
9540 9540
8285 8285
8947 8947
7230 7230
3207 3207
5336 5336
7477 7477
3078 3078
6281 6281
9648 9648
5085 5085
9068 9068
4834 4834
1205 1205
8924 8924
5852 5852
9996 9996
633 633
7081 7081
7778 7778
6845 6845
9066 9066
1088 1088
498 498
478 478
7512 7512
8055 8055
862 862
2708 2708
7943 7943
5913 5913
2615 2615
112 112
677 677
1344 1344
3004 3004
4961 4961
86 86
9775 9775
2845 2845
8708 8708
3615 3615
2521 2521
8388 8388
1649 1649
4786 4786
622 622
2634 2634
3209 3209
8945 8945
2709 2709
6655 6655
5042 5042
3177 3177
9338 9338
5794 5794
1038 1038
4724 4724
3779 3779
7023 7023
6307 6307
8112 8112
2785 2785
1862 1862
5738 5738
1916 1916
3021 3021
2124 2124
7032 7032
6789 6789
5238 5238
7854 7854
9260 9260
960 960
5528 5528
8530 8530
556 556
858 858
7890 7890
3819 3819
5744 5744
1045 1045
8864 8864
9909 9909
5761 5761
5287 5287
9651 9651
4373 4373
6497 6497
5456 5456
1491 1491
6196 6196
8331 8331
7981 7981
3306 3306
1947 1947
3236 3236
4872 4872
8942 8942
5601 5601
4112 4112
5616 5616
2112 2112
4289 4289
732 732
7481 7481
2665 2665
9829 9829
110 110
4216 4216
8328 8328
6542 6542
1910 1910
6532 6532
7847 7847
2670 2670
1319 1319
9658 9658
6460 6460
8032 8032
6297 6297
7497 7497
2318 2318
3839 3839
9322 9322
7674 7674
3798 3798
2808 2808
851 851
8075 8075
9532 9532
7028 7028
1690 1690
3593 3593
7795 7795
4409 4409
8 8
1537 1537
4620 4620
6377 6377
264 264
8339 8339
8955 8955
4839 4839
8658 8658
7711 7711
9930 9930
4997 4997
9872 9872
6709 6709
9587 9587
7414 7414
3265 3265
384 384
277 277
2968 2968
4568 4568
1535 1535
3691 3691
3690 3690
89 89
1008 1008
8034 8034
4124 4124
4012 4012
4656 4656
823 823
3764 3764
2144 2144
6271 6271
3214 3214
592 592
4514 4514
2693 2693
4282 4282
2316 2316
8905 8905
4507 4507
8286 8286
8879 8879
8780 8780
6565 6565
3299 3299
8110 8110
802 802
4575 4575
9323 9323
9761 9761
7428 7428
6645 6645
9209 9209
3190 3190
2516 2516
5353 5353
3442 3442
2817 2817
3210 3210
4978 4978
2787 2787
5817 5817
1294 1294
7446 7446
9789 9789
428 428
9560 9560
4608 4608
4515 4515
7710 7710
9545 9545
6909 6909
9924 9924
8462 8462
6760 6760
4148 4148
3730 3730
2418 2418
6901 6901
6536 6536
6167 6167
8877 8877
8017 8017
8670 8670
8810 8810
5442 5442
8448 8448
8216 8216
2557 2557
6582 6582
2962 2962
3737 3737
2561 2561
4805 4805
7820 7820
1354 1354
7723 7723
8251 8251
4677 4677
7637 7637
694 694
9345 9345
8410 8410
31 31
9913 9913
2576 2576
993 993
1575 1575
9599 9599
6970 6970
9460 9460
4268 4268
848 848
7356 7356
2068 2068
9589 9589
2573 2573
6842 6842
3473 3473
3993 3993
7059 7059
6180 6180
4791 4791
9309 9309
7700 7700
5757 5757
614 614
4752 4752
6011 6011
209 209
4358 4358
3182 3182
441 441
7243 7243
945 945
9977 9977
6123 6123
8088 8088
8066 8066
560 560
8617 8617
5515 5515
5180 5180
5217 5217
9165 9165
8181 8181
9361 9361
1477 1477
3811 3811
8076 8076
1911 1911
7761 7761
8006 8006
6619 6619
5697 5697
4956 4956
9528 9528
5895 5895
9455 9455
3970 3970
1147 1147
789 789
5397 5397
4273 4273
4747 4747
9127 9127
303 303
4082 4082
5997 5997
4689 4689
2303 2303
2667 2667
3136 3136
8791 8791
6370 6370
8235 8235
7358 7358
1663 1663
7986 7986
7412 7412
793 793
4708 4708
2351 2351
3870 3870
1142 1142
9114 9114
7735 7735
9283 9283
9673 9673
9223 9223
3930 3930
6282 6282
8503 8503
2200 2200
3812 3812
1019 1019
1527 1527
8365 8365
9438 9438
3917 3917
1179 1179
2622 2622
7555 7555
4284 4284
5111 5111
8395 8395
7024 7024
3389 3389
6426 6426
4151 4151
2633 2633
2106 2106
3126 3126
7595 7595
9164 9164
3989 3989
4950 4950
3474 3474
1329 1329
7019 7019
8768 8768
1056 1056
2230 2230
370 370
6005 6005
9131 9131
5836 5836
965 965
2946 2946
9195 9195
6708 6708
5214 5214
3065 3065
963 963
7879 7879
6348 6348
6806 6806
8523 8523
7593 7593
7625 7625
7212 7212
3824 3824
6600 6600
1529 1529
5322 5322
915 915
7038 7038
5183 5183
2324 2324
2 2
3426 3426
8390 8390
8748 8748
7645 7645
3747 3747
7893 7893
4134 4134
8405 8405
9870 9870
2763 2763
7328 7328
503 503
9420 9420
5719 5719
385 385
5094 5094
9920 9920
1732 1732
9823 9823
7922 7922
7332 7332
1651 1651
2150 2150
6992 6992
9963 9963
9882 9882
1917 1917
1033 1033
33 33
4465 4465
1611 1611
1897 1897
9110 9110
3671 3671
6614 6614
3997 3997
2199 2199
402 402
7728 7728
6649 6649
8440 8440
846 846
6898 6898
2569 2569
5714 5714
6519 6519
1890 1890
341 341
8522 8522
8711 8711
3482 3482
280 280
6717 6717
2185 2185
5752 5752
7346 7346
3805 3805
3432 3432
5787 5787
7156 7156
2252 2252
3252 3252
4457 4457
5493 5493
1429 1429
2362 2362
3933 3933
746 746
5564 5564
4818 4818
4055 4055
4981 4981
8950 8950
3069 3069
2497 2497
4029 4029
702 702
5939 5939
1553 1553
255 255
9811 9811
658 658
7372 7372
5476 5476
1536 1536
3149 3149
1820 1820
2260 2260
9927 9927
1001 1001
831 831
5670 5670
641 641
6329 6329
4497 4497
5918 5918
1023 1023
1047 1047
1053 1053
7382 7382
9208 9208
4201 4201
8535 8535
2430 2430
810 810
9398 9398
8140 8140
4660 4660
5513 5513
6986 6986
1557 1557
2337 2337
2986 2986
2590 2590
4143 4143
4953 4953
2605 2605
5661 5661
2149 2149
2002 2002
158 158
2790 2790
8610 8610
424 424
7451 7451
3859 3859
4302 4302
7298 7298
3611 3611
3802 3802
9452 9452
673 673
6550 6550
3568 3568
2151 2151
6010 6010
3284 3284
778 778
8176 8176
6159 6159
3456 3456
552 552
8337 8337
4343 4343
4448 4448
524 524
4464 4464
8938 8938
3947 3947
3430 3430
7773 7773
4126 4126
6270 6270
4049 4049
3728 3728
3937 3937
2666 2666
561 561
4509 4509
3900 3900
7240 7240
9357 9357
7691 7691
6501 6501
805 805
2414 2414
4951 4951
3847 3847
1195 1195
2332 2332
78 78
261 261
8773 8773
1502 1502
5301 5301
6356 6356
2542 2542
6144 6144
6820 6820
3263 3263
4248 4248
7666 7666
5740 5740
1845 1845
2893 2893
326 326
1281 1281
1978 1978
3885 3885
1081 1081
8700 8700
1418 1418
4334 4334
3589 3589
3945 3945
9919 9919
3803 3803
1850 1850
8679 8679
4010 4010
2128 2128
1983 1983
4043 4043
8991 8991
3961 3961
8843 8843
8376 8376
213 213
6103 6103
9692 9692
2553 2553
9379 9379
4442 4442
1787 1787
6827 6827
9395 9395
4718 4718
4889 4889
686 686
820 820
2011 2011
1178 1178
6569 6569
5247 5247
8354 8354
4322 4322
8666 8666
8936 8936
1677 1677
9082 9082
534 534
4449 4449
2102 2102
1298 1298
5851 5851
7265 7265
1291 1291
2684 2684
8790 8790
3743 3743
87 87
4347 4347
7021 7021
3166 3166
9933 9933
9585 9585
6511 6511
7697 7697
5832 5832
9254 9254
9436 9436
9539 9539
39 39
2933 2933
5297 5297
8207 8207
4717 4717
7100 7100
764 764
6535 6535
302 302
1511 1511
7642 7642
2982 2982
8398 8398
8943 8943
8481 8481
906 906
756 756
5620 5620
3942 3942
9780 9780
6871 6871
980 980
5146 5146
666 666
8149 8149
557 557
7664 7664
8867 8867
5454 5454
4366 4366
6831 6831
7786 7786
5578 5578
637 637
582 582
3014 3014
3529 3529
8595 8595
163 163
6933 6933
2898 2898
4097 4097
3437 3437
4774 4774
8204 8204
5389 5389
6650 6650
6556 6556
3110 3110
4335 4335
3751 3751
2358 2358
9487 9487
4706 4706
9697 9697
7180 7180
1889 1889
1126 1126
4246 4246
9743 9743
2475 2475
4369 4369
3448 3448
1503 1503
9857 9857
7995 7995
5795 5795
6994 6994
2038 2038
973 973
5291 5291
7979 7979
3717 3717
8862 8862
1687 1687
5253 5253
3369 3369
5971 5971
7304 7304
3167 3167
5973 5973
6250 6250
5891 5891
3028 3028
1861 1861
2628 2628
6732 6732
526 526
9983 9983
5451 5451
7307 7307
4206 4206
9558 9558
4498 4498
8019 8019
1994 1994
2597 2597
4782 4782
6396 6396
2278 2278
5550 5550
5511 5511
2950 2950
2543 2543
3732 3732
3414 3414
4061 4061
8657 8657
2522 2522
4602 4602
9925 9925
4338 4338
8463 8463
8911 8911
7206 7206
8939 8939
224 224
6555 6555
3 3
4309 4309
9993 9993
3192 3192
4670 4670
8521 8521
6168 6168
2826 2826
8366 8366
1172 1172
3665 3665
8324 8324
9113 9113
1096 1096
7714 7714
3032 3032
9616 9616
6228 6228
5067 5067
2533 2533
9877 9877
5946 5946
8601 8601
2111 2111
8262 8262
7482 7482
3627 3627
4046 4046
7132 7132
6029 6029
5024 5024
1966 1966
1826 1826
3431 3431
3104 3104
3939 3939
2193 2193
5525 5525
4550 4550
7587 7587
2018 2018
6610 6610
2885 2885
5987 5987
4492 4492
8980 8980
3408 3408
6765 6765
4312 4312
9910 9910
5306 5306
8501 8501
136 136
6485 6485
2886 2886
9868 9868
5303 5303
8976 8976
4411 4411
9950 9950
9522 9522
737 737
7765 7765
8026 8026
2275 2275
1233 1233
5621 5621
9444 9444
910 910
6401 6401
9767 9767
6816 6816
2288 2288
6790 6790
2555 2555
8921 8921
875 875
9173 9173
8122 8122
3238 3238
9621 9621
53 53
7392 7392
8894 8894
6503 6503
1950 1950
3856 3856
1975 1975
4699 4699
3624 3624
4189 4189
6695 6695
9724 9724
868 868
2172 2172
111 111
8407 8407
7147 7147
1923 1923
5118 5118
7882 7882
7982 7982
1385 1385
1736 1736
2234 2234
6539 6539
7868 7868
2593 2593
7239 7239
3871 3871
2960 2960
1342 1342
8960 8960
3294 3294
2676 2676
6967 6967
7195 7195
9792 9792
6750 6750
2145 2145
4415 4415
2224 2224
7445 7445
7183 7183
9807 9807
4180 4180
3974 3974
1169 1169
8715 8715
9472 9472
6920 6920
9686 9686
4103 4103
4988 4988
246 246
7258 7258
4866 4866
4835 4835
5883 5883
7118 7118
6014 6014
2225 2225
8871 8871
481 481
3710 3710
3756 3756
1639 1639
3966 3966
3658 3658
2342 2342
7832 7832
1387 1387
2652 2652
5940 5940
390 390
5769 5769
7618 7618
4952 4952
203 203
7582 7582
8994 8994
7874 7874
3555 3555
6154 6154
3793 3793
7377 7377
7895 7895
9447 9447
9074 9074
2801 2801
3150 3150
8221 8221
6640 6640
7808 7808
7703 7703
3023 3023
5234 5234
1802 1802
4416 4416
9133 9133
1264 1264
9874 9874
166 166
3956 3956
1430 1430
4478 4478
3496 3496
9129 9129
6877 6877
9519 9519
8541 8541
6043 6043
7505 7505
5565 5565
6545 6545
3960 3960
8729 8729
2191 2191
2690 2690
6833 6833
8269 8269
6796 6796
1383 1383
8829 8829
8860 8860
5658 5658
5361 5361
9791 9791
7750 7750
5892 5892
216 216
7896 7896
222 222
5954 5954
8228 8228
4501 4501
6389 6389
9863 9863
7880 7880
6239 6239
6669 6669
6959 6959
3152 3152
8807 8807
9190 9190
5221 5221
1710 1710
108 108
4141 4141
2527 2527
7293 7293
602 602
5259 5259
9401 9401
6950 6950
1622 1622
9261 9261
9062 9062
9148 9148
807 807
5274 5274
9441 9441
5557 5557
1679 1679
7647 7647
527 527
9590 9590
7960 7960
4614 4614
4512 4512
7817 7817
2119 2119
1116 1116
1648 1648
4407 4407
9128 9128
2686 2686
7489 7489
1912 1912
8572 8572
936 936
8845 8845
1167 1167
8674 8674
3641 3641
3235 3235
2168 2168
8512 8512
7312 7312
9725 9725
2417 2417
3416 3416
2455 2455
9250 9250
448 448
425 425
3884 3884
3629 3629
8130 8130
2120 2120
5942 5942
1781 1781
7784 7784
6489 6489
2141 2141
1297 1297
4354 4354
1990 1990
116 116
7137 7137
4694 4694
4653 4653
861 861
8792 8792
5233 5233
8288 8288
6187 6187
8627 8627
8144 8144
6696 6696
9989 9989
7629 7629
2403 2403
1161 1161
4296 4296
8030 8030
814 814
4451 4451
4566 4566
4850 4850
1149 1149
8624 8624
9326 9326
7498 7498
1765 1765
5261 5261
4581 4581
989 989
5410 5410
4310 4310
9431 9431
296 296
4649 4649
9098 9098
3201 3201
1609 1609
2250 2250
1000 1000
2477 2477
8547 8547
1258 1258
3246 3246
970 970
8655 8655
2157 2157
578 578
3357 3357
714 714
9319 9319
6782 6782
392 392
4173 4173
9042 9042
6189 6189
5438 5438
792 792
5037 5037
6792 6792
4218 4218
9550 9550
1885 1885
2908 2908
1153 1153
5635 5635
1083 1083
7507 7507
477 477
726 726
6081 6081
8639 8639
2082 2082
8349 8349
1751 1751
1604 1604
7918 7918
9971 9971
1830 1830
4503 4503
5112 5112
7798 7798
177 177
1398 1398
7865 7865
1721 1721
5414 5414
8781 8781
6416 6416
6785 6785
628 628
314 314
6822 6822
8902 8902
2987 2987
3226 3226
4857 4857
6157 6157
7888 7888
8783 8783
9967 9967
7517 7517
8412 8412
308 308
4379 4379
1151 1151
9040 9040
8111 8111
1976 1976
9607 9607
9358 9358
5586 5586
8330 8330
4073 4073
8865 8865
5677 5677
8377 8377
4159 4159
1817 1817
1276 1276
8925 8925
7815 7815
5699 5699
2501 2501
8830 8830
2579 2579
5672 5672
3971 3971
1218 1218
6300 6300
4726 4726
6061 6061
4446 4446
3738 3738
9710 9710
1399 1399
1637 1637
1816 1816
4844 4844
8094 8094
353 353
9411 9411
5160 5160
9997 9997
8306 8306
7089 7089
9412 9412
7442 7442
9499 9499
7965 7965
3763 3763
6237 6237
9130 9130
2878 2878
8585 8585
5130 5130
3979 3979
1401 1401
5731 5731
2174 2174
1528 1528
1461 1461
6050 6050
7957 7957
2608 2608
4136 4136
6769 6769
4908 4908
6752 6752
7885 7885
8714 8714
9949 9949
3679 3679
5818 5818
4045 4045
6657 6657
4574 4574
4696 4696
8742 8742
5927 5927
3670 3670
7464 7464
8904 8904
8618 8618
624 624
4709 4709
8198 8198
1322 1322
182 182
4790 4790
2659 2659
2717 2717
5649 5649
2641 2641
161 161
8360 8360
5390 5390
1125 1125
735 735
5051 5051
513 513
8186 8186
699 699
5675 5675
9461 9461
2971 2971
4919 4919
4346 4346
9295 9295
3061 3061
1246 1246
6378 6378
3106 3106
3541 3541
4107 4107
8157 8157
8709 8709
5469 5469
72 72
6766 6766
7218 7218
2972 2972
7592 7592
2491 2491
6406 6406
4327 4327
494 494
4146 4146
9671 9671
7295 7295
1072 1072
2076 2076
4567 4567
3042 3042
5782 5782
4552 4552
946 946
3464 3464
2914 2914
5335 5335
7543 7543
4147 4147
6639 6639
8486 8486
131 131
7948 7948
9244 9244
6177 6177
9273 9273
4238 4238
7589 7589
9802 9802
192 192
1576 1576
3271 3271
7484 7484
62 62
3598 3598
4522 4522
890 890
2473 2473
8134 8134
8701 8701
6243 6243
8736 8736
2366 2366
9931 9931
7255 7255
1068 1068
2746 2746
2032 2032
894 894
8316 8316
4391 4391
5644 5644
4523 4523
5535 5535
1168 1168
1882 1882
3125 3125
5407 5407
3160 3160
4560 4560
1652 1652
5311 5311
1523 1523
5931 5931
6365 6365
3867 3867
5522 5522
6941 6941
5398 5398
609 609
4746 4746
2220 2220
6340 6340
850 850
7452 7452
1819 1819
636 636
2802 2802
6044 6044
9548 9548
8744 8744
5210 5210
3145 3145
785 785
8238 8238
162 162
2526 2526
5032 5032
7521 7521
2922 2922
5608 5608
4495 4495
2354 2354
6895 6895
8284 8284
9552 9552
3723 3723
9344 9344
7042 7042
2127 2127
9297 9297
6581 6581
5588 5588
3769 3769
4859 4859
5402 5402
483 483
7151 7151
2512 2512
2955 2955
3932 3932
1230 1230
4549 4549
3596 3596
7166 7166
7601 7601
9702 9702
6146 6146
7770 7770
2427 2427
4876 4876
5406 5406
9526 9526
4713 4713
2768 2768
569 569
6085 6085
2649 2649
1136 1136
925 925
3264 3264
2341 2341
3330 3330
3001 3001
1394 1394
3860 3860
1967 1967
835 835
7615 7615
660 660
259 259
3229 3229
2725 2725
3758 3758
7581 7581
7805 7805
9012 9012
5360 5360
2818 2818
8035 8035
9123 9123
1378 1378
4667 4667
393 393
9650 9650
2581 2581
7267 7267
9623 9623
7838 7838
5739 5739
3621 3621
5424 5424
1363 1363
1447 1447
3985 3985
5793 5793
4139 4139
3345 3345
1937 1937
8213 8213
3418 3418
9061 9061
3941 3941
4624 4624
119 119
4254 4254
2075 2075
5164 5164
6748 6748
8619 8619
3695 3695
2756 2756
6371 6371
4974 4974
6704 6704
4530 4530
3715 3715
451 451
6947 6947
8387 8387
3277 3277
6077 6077
2146 2146
5861 5861
3828 3828
4731 4731
3617 3617
4085 4085
1380 1380
5219 5219
2952 2952
1512 1512
9198 9198
611 611
574 574
4370 4370
8136 8136
2013 2013
2831 2831
6771 6771
5030 5030
5896 5896
2937 2937
244 244
1608 1608
1552 1552
7060 7060
5721 5721
3383 3383
7306 7306
5611 5611
4538 4538
5760 5760
871 871
5132 5132
5058 5058
9469 9469
3200 3200
4071 4071
1458 1458
508 508
4963 4963
9865 9865
9998 9998
4809 4809
5800 5800
2445 2445
2269 2269
9985 9985
6890 6890
8518 8518
4551 4551
907 907
6185 6185
5378 5378
4027 4027
4999 4999
344 344
6339 6339
3163 3163
7898 7898
2241 2241
6038 6038
6793 6793
8613 8613
6145 6145
3987 3987
1119 1119
7136 7136
3928 3928
130 130
5243 5243
2330 2330
2212 2212
7375 7375
418 418
5638 5638
3450 3450
7087 7087
5720 5720
196 196
9627 9627
9492 9492
7613 7613
7929 7929
654 654
7579 7579
8776 8776
4205 4205
9535 9535
718 718
8984 8984
8295 8295
988 988
4539 4539
9410 9410
6001 6001
4743 4743
4885 4885
999 999
2528 2528
3282 3282
1749 1749
251 251
6692 6692
9495 9495
1139 1139
4500 4500
7763 7763
9765 9765
6414 6414
3569 3569
8137 8137
4750 4750
5558 5558
5807 5807
6571 6571
6131 6131
6946 6946
3893 3893
100 100
5148 5148
2983 2983
7143 7143
8763 8763
5732 5732
1992 1992
6609 6609
9776 9776
6200 6200
9372 9372
6336 6336
2325 2325
369 369
5651 5651
1760 1760
3746 3746
1612 1612
4732 4732
7268 7268
7467 7467
1163 1163
8609 8609
1595 1595
6883 6883
6617 6617
1554 1554
6829 6829
4004 4004
3957 3957
1918 1918
6841 6841
9070 9070
7313 7313
5898 5898
9003 9003
9796 9796
4767 4767
8828 8828
1071 1071
9215 9215
2648 2648
2525 2525
5903 5903
4037 4037
8804 8804
7223 7223
8516 8516
3508 3508
4741 4741
3494 3494
405 405
1240 1240
3923 3923
8511 8511
8634 8634
4460 4460
991 991
1522 1522
3005 3005
3998 3998
4496 4496
1087 1087
5813 5813
18 18
6434 6434
7463 7463
6811 6811
9941 9941
5340 5340
9390 9390
5220 5220
8436 8436
2872 2872
2572 2572
3891 3891
4803 4803
9662 9662
6952 6952
8431 8431
8184 8184
3233 3233
3052 3052
687 687
6467 6467
8131 8131
1661 1661
8201 8201
4429 4429
2073 2073
5312 5312
7443 7443
3857 3857
9354 9354
3248 3248
3649 3649
9787 9787
9617 9617
2580 2580
4074 4074
3424 3424
2636 2636
7078 7078
5991 5991
8033 8033
7524 7524
3171 3171
9962 9962
6262 6262
706 706
3594 3594
9871 9871
5228 5228
7012 7012
6049 6049
2331 2331
776 776
95 95
7001 7001
1774 1774
8562 8562
9779 9779
8721 8721
7251 7251
3826 3826
6293 6293
1170 1170
5150 5150
9337 9337
3619 3619
9211 9211
2688 2688
4467 4467
2277 2277
6304 6304
6456 6456
24 24
8031 8031
3181 3181
672 672
1359 1359
7434 7434
249 249
8469 8469
32 32
8882 8882
1160 1160
9191 9191
6881 6881
5612 5612
9708 9708
3313 3313
3262 3262
474 474
2741 2741
8499 8499
37 37
7785 7785
3683 3683
8604 8604
6130 6130
9202 9202
2766 2766
8553 8553
7831 7831
2058 2058
5745 5745
642 642
4056 4056
6295 6295
3449 3449
7098 7098
3447 3447
7010 7010
8297 8297
7408 7408
9601 9601
1927 1927
6142 6142
1769 1769
2487 2487
3468 3468
9479 9479
5743 5743
2998 2998
366 366
8237 8237
1739 1739
5711 5711
916 916
3481 3481
1892 1892
8722 8722
4679 4679
730 730
3038 3038
625 625
3785 3785
6380 6380
6953 6953
9281 9281
1905 1905
5599 5599
3784 3784
6012 6012
5572 5572
9324 9324
9453 9453
290 290
4813 4813
5778 5778
7018 7018
4376 4376
8733 8733
3958 3958
7607 7607
6194 6194
7069 7069
1183 1183
1338 1338
6117 6117
5444 5444
4811 4811
6048 6048
643 643
7045 7045
6118 6118
5768 5768
9056 9056
3591 3591
1248 1248
6212 6212
1583 1583
7275 7275
5814 5814
7690 7690
9814 9814
9741 9741
8789 8789
8704 8704
8318 8318
9000 9000
5796 5796
8641 8641
8272 8272
7485 7485
328 328
1362 1362
6470 6470
2706 2706
7427 7427
6252 6252
301 301
3480 3480
3968 3968
3800 3800
3749 3749
9831 9831
803 803
4277 4277
1697 1697
5723 5723
3553 3553
9034 9034
3722 3722
9184 9184
6823 6823
729 729
8018 8018
9680 9680
4637 4637
6652 6652
4647 4647
5696 5696
54 54
3509 3509
9523 9523
3788 3788
9183 9183
6499 6499
6888 6888
1426 1426
5229 5229
5583 5583
327 327
4804 4804
6628 6628
4158 4158
3223 3223
6023 6023
3832 3832
8861 8861
7209 7209
9180 9180
2606 2606
5488 5488
938 938
3401 3401
909 909
8100 8100
3427 3427
9186 9186
459 459
8478 8478
7889 7889
7869 7869
6974 6974
9785 9785
282 282
1239 1239
2531 2531
383 383
9163 9163
1558 1558
9157 9157
5135 5135
1934 1934
3111 3111
8757 8757
7470 7470
9534 9534
9500 9500
1953 1953
363 363
7419 7419
7510 7510
7418 7418
8702 8702
2944 2944
1497 1497
1507 1507
7129 7129
4836 4836
2113 2113
4104 4104
4927 4927
8591 8591
133 133
6097 6097
5815 5815
9086 9086
1441 1441
5843 5843
5871 5871
4068 4068
2195 2195
1673 1673
2562 2562
1932 1932
2353 2353
9442 9442
7878 7878
8855 8855
612 612
8168 8168
7401 7401
7350 7350
4955 4955
1192 1192
4371 4371
7436 7436
1998 1998
5876 5876
7776 7776
4344 4344
9506 9506
2443 2443
7457 7457
1886 1886
2703 2703
2592 2592
7580 7580
8372 8372
7956 7956
4687 4687
1549 1549
7850 7850
5801 5801
7278 7278
7746 7746
8432 8432
8190 8190
6783 6783
6562 6562
2570 2570
3818 3818
4982 4982
3874 3874
1556 1556
1508 1508
9241 9241
7007 7007
9988 9988
433 433
6311 6311
8047 8047
8853 8853
6026 6026
2647 2647
2125 2125
4392 4392
143 143
1624 1624
5630 5630
9631 9631
5031 5031
2654 2654
608 608
7054 7054
5199 5199
3755 3755
9477 9477
4686 4686
1930 1930
7970 7970
1026 1026
6740 6740
2246 2246
1727 1727
3124 3124
2678 2678
3249 3249
2748 2748
6848 6848
8167 8167
360 360
6861 6861
5494 5494
9583 9583
6775 6775
6083 6083
1635 1635
7465 7465
8179 8179
1709 1709
6506 6506
6068 6068
9378 9378
9134 9134
3205 3205
3573 3573
8848 8848
8656 8656
1888 1888
6606 6606
8009 8009
5128 5128
482 482
4412 4412
1464 1464
8209 8209
1109 1109
6812 6812
2699 2699
710 710
2990 2990
5308 5308
8164 8164
8846 8846
7688 7688
5996 5996
6672 6672
1220 1220
7123 7123
4183 4183
2064 2064
4119 4119
1619 1619
6349 6349
3901 3901
476 476
5980 5980
5428 5428
4983 4983
391 391
2538 2538
1049 1049
7989 7989
3844 3844
6385 6385
5686 5686
6324 6324
1646 1646
7652 7652
7881 7881
6241 6241
6864 6864
754 754
3925 3925
6502 6502
700 700
743 743
8496 8496
7706 7706
3869 3869
1894 1894
7738 7738
7310 7310
3773 3773
7975 7975
1987 1987
6730 6730
7846 7846
381 381
3380 3380
5547 5547
4123 4123
7616 7616
5084 5084
6623 6623
1433 1433
7928 7928
8086 8086
9252 9252
7648 7648
9255 9255
7168 7168
7574 7574
4632 4632
5083 5083
2835 2835
9193 9193
4364 4364
2066 2066
4966 4966
1878 1878
5060 5060
2155 2155
9305 9305
2047 2047
3134 3134
8247 8247
1662 1662
2290 2290
9898 9898
1657 1657
948 948
3518 3518
7538 7538
9676 9676
6843 6843
5689 5689
2369 2369
2489 2489
3156 3156
8340 8340
4431 4431
5798 5798
1951 1951
6977 6977
164 164
2807 2807
2115 2115
3379 3379
9284 9284
8441 8441
1755 1755
5191 5191
3789 3789
9397 9397
3123 3123
4540 4540
81 81
3689 3689
7736 7736
6998 6998
6227 6227
3484 3484
4744 4744
91 91
7729 7729
1685 1685
9746 9746
8054 8054
6746 6746
3158 3158
3684 3684
9755 9755
1530 1530
6925 6925
8937 8937
6847 6847
601 601
1858 1858
9722 9722
8078 8078
8910 8910
8040 8040
266 266
7077 7077
5419 5419
2315 2315
2924 2924
4871 4871
8246 8246
260 260
8836 8836
8104 8104
1989 1989
4345 4345
779 779
8568 8568
7473 7473
2319 2319
8062 8062
4833 4833
3301 3301
6079 6079
2005 2005
2346 2346
2307 2307
7299 7299
1129 1129
3302 3302
3566 3566
2868 2868
9021 9021
2210 2210
1532 1532
2105 2105
3680 3680
1419 1419
8651 8651
4817 4817
138 138
3153 3153
812 812
4325 4325
1625 1625
943 943
2379 2379
325 325
8514 8514
5965 5965
2015 2015
3741 3741
7911 7911
4375 4375
9824 9824
9902 9902
8835 8835
8292 8292
4682 4682
5966 5966
5479 5479
3291 3291
9833 9833
382 382
319 319
5506 5506
519 519
5935 5935
1841 1841
8946 8946
1871 1871
4826 4826
4798 4798
7855 7855
355 355
4323 4323
830 830
7106 7106
5016 5016
4359 4359
6496 6496
7955 7955
1209 1209
4758 4758
1834 1834
1140 1140
6100 6100
9946 9946
1159 1159
6688 6688
7026 7026
7718 7718
4633 4633
1578 1578
817 817
7138 7138
2328 2328
1996 1996
3487 3487
5314 5314
2847 2847
7841 7841
2196 2196
1796 1796
7370 7370
9075 9075
157 157
7762 7762
1545 1545
6681 6681
6221 6221
1827 1827
2921 2921
7146 7146
8557 8557
7732 7732
9849 9849
3398 3398
6211 6211
8784 8784
3259 3259
320 320
211 211
2055 2055
3033 3033
2457 2457
8581 8581
782 782
5606 5606
5302 5302
5054 5054
1331 1331
9253 9253
3286 3286
9290 9290
6510 6510
3881 3881
183 183
5305 5305
9576 9576
2598 2598
4301 4301
4990 4990
4041 4041
9889 9889
4127 4127
1694 1694
7347 7347
7973 7973
5292 5292
1914 1914
6198 6198
978 978
8544 8544
1022 1022
6455 6455
9891 9891
3845 3845
6516 6516
3440 3440
9705 9705
1432 1432
6147 6147
9171 9171
2091 2091
3630 3630
8483 8483
8394 8394
204 204
9873 9873
6391 6391
2829 2829
4822 4822
5849 5849
1566 1566
3861 3861
9764 9764
8411 8411
7626 7626
6342 6342
400 400
8941 8941
4517 4517
495 495
1054 1054
5986 5986
2009 2009
4875 4875
7672 7672
6718 6718
1592 1592
1581 1581
2425 2425
6086 6086
3230 3230
4349 4349
1472 1472
2932 2932
68 68
4014 4014
3902 3902
2344 2344
4639 4639
7016 7016
4964 4964
346 346
4031 4031
3656 3656
8739 8739
4316 4316
7802 7802
7931 7931
5262 5262
8818 8818
2810 2810
3865 3865
281 281
4383 4383
9994 9994
6685 6685
1863 1863
3183 3183
2361 2361
5395 5395
9166 9166
5080 5080
4736 4736
6914 6914
7707 7707
2242 2242
6706 6706
9352 9352
9203 9203
7946 7946
711 711
8956 8956
2024 2024
4428 4428
6009 6009
1391 1391
7947 7947
1696 1696
872 872
6865 6865
7608 7608
4599 4599
6067 6067
466 466
5236 5236
9772 9772
8334 8334
127 127
3455 3455
5071 5071
9406 9406
7864 7864
7141 7141
5098 5098
0 0
5570 5570
3530 3530
5096 5096
485 485
293 293
1154 1154
5074 5074
9485 9485
7552 7552
9065 9065
7871 7871
2997 2997
9679 9679
8313 8313
6151 6151
4121 4121
3699 3699
9896 9896
3187 3187
5641 5641
5310 5310
7334 7334
3412 3412
8000 8000
7544 7544
9155 9155
5919 5919
6514 6514
2276 2276
2778 2778
9039 9039
4487 4487
7634 7634
4800 4800
491 491
6638 6638
7985 7985
9848 9848
2432 2432
2237 2237
589 589
4775 4775
9259 9259
3164 3164
7102 7102
8880 8880
4895 4895
8293 8293
5168 5168
7064 7064
9678 9678
8812 8812
2382 2382
3218 3218
3981 3981
8983 8983
2042 2042
8421 8421
8282 8282
6412 6412
3036 3036
4534 4534
8208 8208
3131 3131
4228 4228
5241 5241
3533 3533
5867 5867
2929 2929
8203 8203
4789 4789
9701 9701
9101 9101
2813 2813
1085 1085
3794 3794
473 473
3452 3452
9025 9025
5495 5495
6549 6549
3228 3228
7417 7417
1031 1031
6443 6443
3013 3013
5559 5559
6814 6814
9735 9735
5113 5113
1701 1701
9597 9597
8986 8986
657 657
688 688
5415 5415
4468 4468
2158 2158
1982 1982
3504 3504
2965 2965
450 450
8963 8963
9975 9975
9172 9172
9030 9030
5265 5265
5432 5432
9291 9291
1935 1935
1847 1847
8433 8433
8694 8694
8774 8774
3614 3614
7560 7560
1288 1288
6892 6892
847 847
9069 9069
1104 1104
2062 2062
9945 9945
9980 9980
8668 8668
7790 7790
1907 1907
8992 8992
7525 7525
2272 2272
6601 6601
9143 9143
2297 2297
543 543
9628 9628
4452 4452
5909 5909
3765 3765
2795 2795
3314 3314
2104 2104
6188 6188
8420 8420
5468 5468
2227 2227
9732 9732
5624 5624
1692 1692
7253 7253
1594 1594
799 799
4861 4861
3303 3303
4589 4589
6254 6254
2404 2404
55 55
788 788
5170 5170
5772 5772
8798 8798
4240 4240
6116 6116
6134 6134
6810 6810
7793 7793
3335 3335
9152 9152
5249 5249
9405 9405
4167 4167
3664 3664
3213 3213
7488 7488
6223 6223
4253 4253
9626 9626
2204 2204
8126 8126
229 229
8079 8079
8515 8515
8192 8192
8092 8092
8146 8146
6800 6800
2800 2800
6957 6957
7818 7818
738 738
9901 9901
8069 8069
7987 7987
1514 1514
937 937
6054 6054
2010 2010
7764 7764
3851 3851
5556 5556
3174 3174
9350 9350
7598 7598
7324 7324
7542 7542
6725 6725
8661 8661
5607 5607
2156 2156
5003 5003
5923 5923
8918 8918
2682 2682
4245 4245
5133 5133
6218 6218
1263 1263
5334 5334
7603 7603
6603 6603
5121 5121
9194 9194
6791 6791
1166 1166
7366 7366
1875 1875
9090 9090
8920 8920
3344 3344
6078 6078
2988 2988
8409 8409
9456 9456
2364 2364
9270 9270
5197 5197
8259 8259
8667 8667
6521 6521
4433 4433
3606 3606
4797 4797
6056 6056
9549 9549
1582 1582
9541 9541
3770 3770
1494 1494
6034 6034
9364 9364
4217 4217
6731 6731
6337 6337
1283 1283
6335 6335
6908 6908
8849 8849
3950 3950
4257 4257
5184 5184
4140 4140
4020 4020
5541 5541
4531 4531
5521 5521
2781 2781
380 380
9482 9482
8464 8464
7559 7559
9199 9199
2673 2673
1880 1880
1693 1693
8023 8023
5207 5207
4678 4678
7441 7441
4959 4959
9306 9306
7228 7228
9744 9744
9669 9669
2037 2037
6063 6063
3186 3186
6245 6245
4869 4869
2137 2137
2816 2816
7475 7475
9096 9096
2170 2170
3872 3872
3157 3157
2651 2651
6231 6231
1973 1973
2488 2488
2088 2088
5640 5640
7247 7247
4508 4508
9618 9618
2750 2750
2574 2574
2065 2065
6105 6105
7650 7650
6462 6462
5416 5416
5465 5465
3343 3343
6294 6294
983 983
9655 9655
665 665
6316 6316
4384 4384
8574 8574
7174 7174
7840 7840
3016 3016
8734 8734
7111 7111
9593 9593
7316 7316
4535 4535
322 322
5041 5041
3211 3211
3686 3686
431 431
7200 7200
8988 8988
6381 6381
8115 8115
1474 1474
5753 5753
9457 9457
8329 8329
5492 5492
1189 1189
1289 1289
1800 1800
896 896
5399 5399
3495 3495
1315 1315
8682 8682
3775 3775
2867 2867
5729 5729
7084 7084
3266 3266
4187 4187
9715 9715
5154 5154
3688 3688
4622 4622
5934 5934
5629 5629
6884 6884
379 379
4052 4052
3338 3338
3232 3232
2680 2680
6018 6018
5447 5447
9124 9124
3995 3995
5139 5139
617 617
59 59
8529 8529
8730 8730
3175 3175
2545 2545
599 599
7385 7385
429 429
4307 4307
1691 1691
5064 5064
6363 6363
7082 7082
8439 8439
8385 8385
5222 5222
6028 6028
8806 8806
9189 9189
9015 9015
3499 3499
8254 8254
43 43
6940 6940
4283 4283
5922 5922
6646 6646
4039 4039
6210 6210
8589 8589
5209 5209
8103 8103
6384 6384
539 539
7061 7061
9081 9081
462 462
2184 2184
4936 4936
4064 4064
2595 2595
7154 7154
1098 1098
3540 3540
6172 6172
1741 1741
8579 8579
3469 3469
5 5
257 257
7821 7821
6854 6854
8611 8611
5116 5116
9572 9572
1682 1682
171 171
9118 9118
7527 7527
5186 5186
1275 1275
8426 8426
1187 1187
1196 1196
8485 8485
8011 8011
9167 9167
9346 9346
9867 9867
7261 7261
7913 7913
4432 4432
997 997
7449 7449
6095 6095
7272 7272
3650 3650
9788 9788
3188 3188
1237 1237
7927 7927
5718 5718
9050 9050
4923 4923
2928 2928
8268 8268
7991 7991
2138 2138
2370 2370
5921 5921
8872 8872
1825 1825
8552 8552
464 464
1351 1351
7322 7322
1420 1420
3073 3073
3062 3062
3711 3711
4870 4870
8467 8467
4405 4405
5519 5519
7047 7047
6119 6119
5453 5453
8964 8964
8351 8351
3471 3471
4243 4243
8754 8754
4880 4880
4913 4913
7514 7514
7164 7164
1995 1995
5748 5748
2135 2135
7131 7131
1011 1011
8270 8270
97 97
1134 1134
4177 4177
1457 1457
5173 5173
4458 4458
5585 5585
2359 2359
9897 9897
6922 6922
1328 1328
5404 5404
172 172
2000 2000
7526 7526
2783 2783
9296 9296
3927 3927
9225 9225
9620 9620
101 101
8133 8133
9664 9664
4494 4494
41 41
8839 8839
7633 7633
3300 3300
1771 1771
9206 9206
6436 6436
8248 8248
8242 8242
3039 3039
6647 6647
7954 7954
832 832
2755 2755
8850 8850
9045 9045
3557 3557
6169 6169
6423 6423
4372 4372
9928 9928
4207 4207
9730 9730
3515 3515
8475 8475
2844 2844
9674 9674
9819 9819
5643 5643
3045 3045
7000 7000
4311 4311
1616 1616
1080 1080
7934 7934
6547 6547
5158 5158
5890 5890
7213 7213
9437 9437
9153 9153
3888 3888
2261 2261
1762 1762
6094 6094
9339 9339
9360 9360
4541 4541
9794 9794
6458 6458
6697 6697
3623 3623
6608 6608
6951 6951
9403 9403
1 1
1036 1036
5567 5567
3895 3895
5847 5847
3727 3727
8202 8202
2059 2059
6435 6435
7002 7002
2730 2730
185 185
2930 2930
3876 3876
4563 4563
3388 3388
199 199
178 178
3973 3973
3535 3535
3128 3128
5480 5480
4145 4145
4420 4420
5268 5268
7456 7456
6087 6087
9103 9103
4166 4166
2007 2007
7094 7094
5593 5593
5285 5285
3091 3091
5687 5687
5255 5255
8049 8049
4193 4193
7531 7531
8813 8813
9162 9162
4065 4065
4164 4164
7202 7202
2776 2776
5983 5983
9666 9666
8987 8987
242 242
3433 3433
7114 7114
1373 1373
9488 9488
292 292
34 34
444 444
1670 1670
7843 7843
2612 2612
6140 6140
5545 5545
1501 1501
5347 5347
7480 7480
5200 5200
576 576
3702 3702
8253 8253
8166 8166
1813 1813
3394 3394
2610 2610
7493 7493
6323 6323
6815 6815
5344 5344
5657 5657
4176 4176
3070 3070
1839 1839
6127 6127
6174 6174
5141 5141
7836 7836
7333 7333
5725 5725
6258 6258
7602 7602
8847 8847
4690 4690
6290 6290
2107 2107
5076 5076
3840 3840
5888 5888
7257 7257
4192 4192
3825 3825
3609 3609
1410 1410
5270 5270
3766 3766
4403 4403
6971 6971
5140 5140
3633 3633
9649 9649
102 102
3761 3761
4022 4022
6042 6042
3316 3316
109 109
412 412
7835 7835
4474 4474
9916 9916
9137 9137
7599 7599
1563 1563
8528 8528
9736 9736
3376 3376
3204 3204
8995 8995
8797 8797
7399 7399
9654 9654
9911 9911
553 553
892 892
5298 5298
8234 8234
8989 8989
5466 5466
2103 2103
225 225
607 607
7804 7804
3400 3400
8697 8697
5343 5343
5776 5776
3257 3257
343 343
2726 2726
5095 5095
9773 9773
4413 4413
2637 2637
6661 6661
2266 2266
8706 8706
8959 8959
8165 8165
8101 8101
7037 7037
3916 3916
2524 2524
7280 7280
859 859
9418 9418
8229 8229
329 329
8114 8114
2360 2360
3882 3882
8881 8881
7029 7029
3586 3586
3878 3878
1548 1548
4185 4185
5837 5837
1207 1207
5958 5958
8389 8389
2099 2099
3520 3520
501 501
4740 4740
9321 9321
6931 6931
3841 3841
3008 3008
4665 4665
5708 5708
8573 8573
7550 7550
9699 9699
9809 9809
3346 3346
717 717
3903 3903
1703 1703
1158 1158
1048 1048
1803 1803
4933 4933
2751 2751
7390 7390
6876 6876
8957 8957
6032 6032
1667 1667
2391 2391
6466 6466
3910 3910
9374 9374
79 79
1859 1859
49 49
8558 8558
537 537
4929 4929
1588 1588
4493 4493
8600 8600
2450 2450
5315 5315
9334 9334
3459 3459
27 27
5788 5788
1050 1050
549 549
1958 1958
4533 4533
1790 1790
6070 6070
6762 6762
5062 5062
1437 1437
2945 2945
876 876
2045 2045
9510 9510
2322 2322
5755 5755
6683 6683
1590 1590
6630 6630
2841 2841
613 613
2309 2309
7536 7536
5090 5090
2281 2281
1925 1925
9314 9314
7980 7980
9402 9402
6150 6150
7699 7699
9657 9657
2907 2907
9942 9942
2033 2033
1027 1027
6651 6651
7610 7610
9603 9603
8688 8688
7663 7663
4101 4101
9714 9714
6204 6204
9238 9238
2967 2967
1666 1666
728 728
2436 2436
7705 7705
8777 8777
2464 2464
8775 8775
104 104
6098 6098
15 15
544 544
930 930
905 905
223 223
2299 2299
6770 6770
7052 7052
2823 2823
4754 4754
5887 5887
1395 1395
6607 6607
4820 4820
6257 6257
6774 6774
4830 4830
2753 2753
5881 5881
4382 4382
8636 8636
3328 3328
5418 5418
7630 7630
440 440
791 791
1794 1794
9595 9595
9903 9903
9473 9473
6591 6591
9610 9610
927 927
6288 6288
4100 4100
1465 1465
1977 1977
7318 7318
9091 9091
7108 7108
4886 4886
4222 4222
2301 2301
8028 8028
9801 9801
4152 4152
6126 6126
3838 3838
8500 8500
7756 7756
546 546
9373 9373
488 488
3463 3463
3539 3539
5026 5026
64 64
7969 7969
7273 7273
2453 2453
1099 1099
1824 1824
6961 6961
6313 6313
1267 1267
3516 3516
4860 4860
940 940
8796 8796
5230 5230
7747 7747
3625 3625
2774 2774
1928 1928
9188 9188
3017 3017
769 769
9716 9716
6493 6493
2805 2805
9798 9798
2206 2206
168 168
5461 5461
6574 6574
7173 7173
9084 9084
4380 4380
7872 7872
3461 3461
6104 6104
6546 6546
7984 7984
6794 6794
5820 5820
2621 2621
517 517
8218 8218
2292 2292
9513 9513
9840 9840
9359 9359
3774 3774
3438 3438
6235 6235
3144 3144
94 94
2499 2499
6486 6486
8599 8599
5022 5022
4002 4002
4271 4271
3704 3704
1620 1620
8607 8607
7454 7454
1776 1776
189 189
5791 5791
8952 8952
899 899
2560 2560
3170 3170
1725 1725
4939 4939
9852 9852
291 291
7013 7013
307 307
4086 4086
5470 5470
5269 5565
50 4983
2553 9947
724 5153
6754 7095
