497
9647 6648
6394 5625
375 8880
8481 9828
1243 3500
6352 6236
3030 6591
5006 5532
9371 5539
4294 8676
5906 6869
1301 1421
4819 2351
1085 1332
1629 7495
810 1275
5221 8283
7979 5596
7163 6459
6503 9485
1037 3933
5721 4067
523 1805
678 9894
7344 4972
9648 4328
1840 2028
5749 7739
5458 6834
9071 7088
5408 960
8363 628
9243 6342
7304 7484
3879 4885
6969 4917
8818 3768
8984 9341
5573 740
312 3996
5713 1038
8324 8632
4145 4073
6370 9604
1985 5441
6691 8472
6401 6132
179 6722
2473 7483
5285 7432
3446 2253
2348 2263
7100 2410
2682 2672
3151 4073
6668 8864
5111 6071
7495 9257
143 3865
9939 3207
384 6629
1679 7864
2760 1858
5664 6313
419 948
3744 3865
4280 6092
7207 1379
9581 967
5131 2731
5040 1798
2673 150
8948 1247
485 169
6191 423
3377 6575
8131 6135
5517 1970
9072 1180
8283 569
3208 3105
5513 7488
275 2719
8868 9856
4765 3998
3666 9805
6875 6339
1033 6902
7586 2598
7071 3776
4100 447
1429 2231
7661 8025
5280 6732
9206 3562
7301 2413
6667 3892
979 8021
7690 9847
7876 2454
4923 1541
2258 2877
8960 4371
9779 6545
6969 6849
1400 1068
8376 3908
4378 6036
1933 9658
3847 2217
4298 2226
5709 2043
6119 6688
63 3808
7614 7940
6263 3615
559 9600
7571 9519
3970 7349
7143 2017
5277 9622
4165 4731
3529 8543
766 6541
9280 5692
9837 3577
7919 5545
5621 5116
3312 6763
8924 2004
5781 6265
5619 6341
6944 3190
6938 1992
1617 5159
4010 7973
4780 8175
2703 9389
7796 4549
7008 7075
240 6845
1731 8159
3468 8431
4353 7859
5193 4356
9863 974
620 6561
8394 8643
829 6410
635 2446
2648 4645
1498 8507
3898 4201
7895 1693
8750 5982
9848 8991
3905 1578
8228 7373
8 3660
5232 5201
8016 6173
7254 8636
2733 6726
8358 3562
3136 8993
7088 5784
4716 8586
4290 8614
3865 3264
1385 2615
324 1232
2684 4229
3889 1990
2680 3897
5650 7912
177 3665
4085 8510
3380 7897
5236 1737
1459 9451
1808 9626
6313 6524
8211 1681
6216 2075
6024 8680
5769 6348
991 8453
1655 4880
1522 4336
9857 7172
2247 33
1916 7411
9622 6375
6387 5936
8112 7846
5386 998
7471 2777
8601 6760
4459 5895
9914 1561
4574 5683
8989 5565
5214 643
1524 6736
4979 1380
4987 8306
2492 7982
5716 2113
4356 2102
8050 3546
1026 4514
4544 9576
7292 3144
6335 2829
9039 7328
4390 4691
3010 3378
256 8224
4022 2859
6039 79
4239 2104
8385 7810
85 5180
9923 4441
8361 9051
9066 9388
3565 4688
41 1935
7832 7456
4764 7949
4783 232
3718 7793
4690 5053
7095 9791
7912 4212
9870 2150
6316 8255
9960 7480
4513 961
2999 2873
1090 2064
3339 5734
6752 3381
7669 5662
1915 3511
4689 6698
4823 8408
5569 9513
3460 3742
9303 1372
7955 250
4601 5349
9584 5640
3908 4096
7680 6907
6970 8770
50 308
4504 7881
4768 3251
4622 6683
6763 9311
3380 1585
8797 27
2176 2257
3770 2557
4708 1724
2807 387
8152 2391
7106 2059
6487 4785
45 4535
4634 95
4844 9138
9055 690
3467 3676
7374 229
4066 1832
2893 2862
1860 6148
6198 5630
8705 905
8433 2591
2372 7663
6061 9478
9723 2547
4263 846
8162 8897
2020 4084
9113 1074
4774 2579
4751 2147
3888 8817
5059 6781
1678 6919
4008 8956
3627 2712
9861 3138
5303 2232
800 2442
1710 522
6069 7052
2447 4230
7027 4467
8314 6139
5542 3087
9797 1371
6314 3684
187 1372
1544 2944
9370 5552
1899 2996
9343 2839
6134 5725
6150 8013
8167 8939
9615 4235
5990 2061
8465 4095
6529 7857
1312 2070
944 1109
3441 8337
5872 4707
787 7416
8730 156
4046 1708
4231 3389
5626 1443
192 1775
9456 8359
714 9070
3673 7783
1131 2137
2957 7660
9995 4269
808 2017
5378 5328
1432 1250
1113 2219
9745 9843
2375 3791
2629 7685
8259 8255
9128 8451
1109 9662
7888 2902
8732 1560
684 941
4777 3641
9680 5850
8990 1566
7867 4367
6894 9299
6696 8007
2596 6441
8928 4971
231 2636
3734 9569
890 2861
8019 1999
3601 6985
4901 3411
8546 6665
4352 3322
1384 5110
9172 373
6676 8117
5820 3569
8494 2515
2654 1089
8956 2661
7139 265
5297 872
9834 7266
4812 8931
9266 9492
5916 5245
2903 5540
1909 7255
8862 4373
3444 9112
4746 119
8307 1644
4768 7879
4160 8501
46 3115
1161 8264
4460 7537
214 5372
4803 6105
5382 5147
5596 2376
391 8499
7916 3380
6833 7856
7753 276
8046 3577
1474 6352
5222 7321
5309 460
5822 6434
4654 8062
4697 9114
5599 4911
5565 1480
2094 946
6627 7690
3322 7018
6189 2316
1476 4100
171 307
4376 8217
3885 6929
5647 185
4250 2034
645 71
8468 6378
9212 4243
5492 4810
232 1056
6290 2326
3081 3995
15 7482
1013 7283
9798 3568
1382 9969
3876 6837
9264 8840
3766 5989
9025 8016
9102 748
8087 7569
7126 7298
1811 3696
3187 3122
5831 555
5448 8912
4551 6542
6393 6643
3825 7269
210 5207
8316 5165
3123 8658
4004 6889
4646 3028
4904 3747
4855 4069
2394 3060
2445 5284
6756 6711
8406 2587
7267 4932
2577 2896
1474 49
617 5299
7318 1906
1584 5634
7072 5786
4291 1075
2674 16
5183 7578
3763 37
2725 7237
4176 5171
2520 932
1881 2005
4598 226
6937 7175
4201 8411
7224 4818
4788 4542
7804 7452
1254 4875
3237 5545
7029 5912
5561 2211
4568 403
3328 8373
7640 7504
3543 1238
9515 6503
3243 4112
7809 180
1287 3088
8591 8511
7907 4458
4131 6789
1909 5385
1663 5146
2009 9771
2136 8649
3061 6705
9052 6389
5077 7770
4971 9699
9009 4486
7280 3330
