187
0
0
0
1 80
0
3 73 147 30
2 129 136
0
0
0
1 57
0
0
1 8
2 40 81
1 113
0
0
0
2 166 187
0
2 29 147
0
2 29 143
0
0
0
2 106 87
1 180
1 153
1 113
0
1 54
2 90 17
0
0
0
3 144 95 117
0
0
0
0
0
0
0
2 169 11
1 34
0
0
0
0
0
0
1 73
0
0
1 127
0
1 169
0
2 134 126
1 177
0
1 165
0
0
0
0
1 116
0
1 177
0
1 57
1 7
2 34 152
0
1 52
0
1 63
0
2 85 43
0
1 81
0
3 183 84 65
0
1 16
0
2 163 99
1 93
0
2 156 127
1 111
0
1 161
0
0
3 47 59 89
1 135
0
2 176 32
0
1 158
0
0
0
1 161
1 162
0
0
1 3
0
0
1 155
4 165 68 29 80
1 38
0
0
3 75 83 132
0
2 175 93
0
0
0
1 31
1 71
0
2 31 77
2 38 64
0
0
0
0
1 184
0
0
1 84
1 134
0
0
2 120 90
0
2 75 187
0
0
0
0
1 16
0
0
1 148
0
1 182
0
0
2 161 31
1 159
0
0
0
2 71 69
1 54
0
1 143
0
0
1 151
0
1 84
1 7
1 59
0
1 122
1 51
0
0
0
0
2 57 68
0
2 151 105
0
0
2 163 31
0
0
1 171
