4180 2134
2134 1
2134 1
8656 1
7387 1
6849 1
9382 1
3531 0
4553 0
3377 1
5116 0
2134 0
2134 0
9041 0
5049 1
8788 0
5637 1
2371 0
4902 0
5807 1
8185 0
9653 0
5653 1
4064 0
3287 1
9758 1
7237 0
7926 1
2049 1
7583 0
9464 1
5322 1
2134 0
4771 0
6371 1
9372 0
2134 1
9105 1
4384 0
2134 1
4302 0
7532 0
2942 0
1506 0
5278 0
2134 1
8782 0
8002 1
2134 0
1242 0
6474 1
9777 1
7309 1
6603 1
4461 1
8739 1
6741 1
2134 1
1010 0
4470 1
2134 0
5110 1
2134 1
2134 1
2134 1
2503 0
2134 1
5798 0
9024 1
8384 0
5747 1
2134 1
2134 0
2134 1
2475 1
1360 0
9721 0
9010 0
5135 1
2134 0
3805 0
8422 1
5689 0
5433 0
8515 1
8988 0
6907 1
3421 1
1883 1
7792 1
1078 0
2134 0
2683 1
8067 1
9684 0
2134 1
2134 0
9426 1
8205 0
3347 0
8976 0
2134 1
8116 1
9315 1
6202 0
7523 0
4711 0
7240 1
4027 0
2134 0
2134 1
2134 1
4916 1
6583 1
6349 0
9633 1
2134 0
1302 1
2268 0
2068 1
4374 1
5494 1
3039 0
2276 1
8629 0
2650 1
1873 1
7619 0
2134 1
9458 1
8635 1
2134 1
1978 0
2134 1
3294 1
2195 1
2134 1
6151 1
8271 0
1693 1
5383 1
1142 1
9274 0
1253 0
1622 0
2134 0
6851 1
9648 0
2033 0
1426 1
4463 0
4310 1
2793 0
9657 0
7859 0
1248 0
7850 1
2134 1
2134 0
1253 0
2134 1
5814 0
2134 1
3061 1
9082 1
2134 0
2134 1
5589 1
7671 0
9647 1
7092 0
9154 0
7252 0
2134 1
8945 0
7600 0
5912 1
8435 0
8559 1
2134 1
2134 1
2134 1
6050 0
3508 0
5780 0
6035 0
6586 0
9017 0
7225 1
3670 0
4138 1
4253 1
7813 1
1527 1
1493 1
2453 1
6467 1
9969 0
7745 1
7994 1
5231 1
6245 1
2134 0
2134 0
8803 1
2134 0
4023 1
8731 0
4354 0
5862 1
5337 1
2394 1
2134 1
9891 0
5519 0
1674 1
4674 0
2134 0
2134 1
2134 1
2994 1
2134 1
7925 1
2134 1
2134 0
3098 1
4600 0
3473 0
1386 1
2322 1
1990 1
2364 0
7600 1
2134 1
5804 0
8581 1
2134 0
3212 1
3037 1
3423 0
2098 1
2134 0
5667 0
9697 0
8505 1
4310 1
9243 1
2134 1
2076 0
1466 0
3889 0
2134 1
8368 1
1388 1
1085 1
2134 1
2134 1
6450 1
2134 1
1043 0
3082 1
2880 0
6676 0
2134 0
2848 1
4431 1
2134 1
2134 1
2877 0
4606 0
2134 1
2134 1
2310 0
2134 0
4493 0
2914 1
2134 0
9583 1
5020 0
2751 0
6088 1
7920 0
7148 1
8458 1
9000 0
2134 1
2662 0
1128 0
5674 0
5694 0
4106 0
1064 0
4522 1
5571 0
2560 1
3225 1
2134 1
1744 1
9083 1
2134 1
8343 0
8801 0
2134 1
2134 0
7953 1
4429 0
6160 1
2134 0
2134 1
9248 0
2134 1
2134 1
2557 0
2628 1
6661 1
9927 0
6928 1
2134 0
2134 0
1064 0
1727 0
4363 1
8427 0
7337 0
8965 1
2978 0
2134 0
8798 0
2134 0
1328 1
1392 1
2119 0
2834 1
1262 1
4951 1
2134 0
2247 1
3143 1
8294 1
3128 0
8159 1
6731 0
9681 0
2526 1
3079 0
2134 0
2134 1
1304 0
9799 1
5445 0
7574 1
3085 0
8816 1
5849 1
4727 0
4158 0
2134 0
9421 1
7481 0
7046 0
2134 0
4874 1
6959 0
2134 0
9011 1
4833 1
2134 0
4499 0
2546 1
7249 0
9103 0
9051 1
3925 0
7237 0
9365 1
7342 1
6399 0
8615 1
8189 1
4320 0
8313 1
2134 1
8091 0
2134 1
1085 0
2134 0
6730 1
7304 0
1775 1
2134 1
2134 1
2134 0
6183 0
2111 1
9202 1
6424 1
3228 1
5019 1
9720 0
3839 1
6227 0
6782 0
2134 1
2926 0
3273 1
2134 0
6056 1
8284 0
9655 0
2134 0
8479 1
1590 1
2134 0
2006 0
3972 0
4402 1
2134 0
8616 0
9643 0
2134 0
2390 0
1384 1
7942 0
2134 0
2134 1
2134 0
2134 1
6475 1
7468 1
2134 0
4178 1
9658 1
2049 1
2134 1
2085 1
2134 1
7704 0
3686 1
8292 0
9499 0
6327 0
6857 1
3868 0
2269 1
1054 0
4134 0
6731 1
9853 1
2176 0
7750 1
6313 1
2134 1
6922 0
2306 0
5050 1
3740 0
2134 0
5647 1
2853 1
4029 1
1780 0
2134 1
9460 1
6382 1
2134 1
9708 1
8138 1
7054 1
2134 1
5954 0
4496 0
5970 0
9938 1
6751 0
3133 0
7174 1
6265 0
5448 1
8130 0
4829 0
5695 0
8578 1
7123 1
7712 0
9879 0
1731 0
4938 0
3636 0
3091 0
4248 1
1016 0
5423 0
2899 0
9592 0
2134 1
2134 0
6015 1
2134 1
4797 1
2518 1
2923 1
3022 1
2134 0
9216 0
2134 0
2134 0
2953 1
2041 0
2134 0
2134 1
5398 1
6916 0
6192 1
8214 1
7174 0
4881 0
9433 0
2134 0
3005 0
2134 1
2134 0
4548 0
8331 1
4588 1
1206 1
9177 0
4716 1
8811 0
5220 1
7225 1
5547 1
9138 1
6292 0
2134 0
2134 1
1675 0
2134 0
2134 0
2134 1
9731 0
2303 1
8529 0
1428 1
9566 1
3210 1
2308 0
6145 1
2361 1
7372 1
2134 1
2134 0
2134 0
5038 1
4877 1
4559 1
2134 0
7277 1
4087 1
7924 0
2134 1
5676 0
9945 1
4005 1
5395 0
6625 1
1184 0
4351 1
8288 0
8408 0
9526 0
8743 0
1972 1
7726 1
9206 0
5433 1
8431 0
6013 1
9872 1
5171 1
4747 1
5936 0
1699 1
2134 0
3719 1
6534 1
8621 1
5597 0
8572 1
7188 1
6859 1
9761 1
2405 0
5022 1
2718 0
8619 0
7306 0
4423 1
3906 0
3261 0
4139 1
6117 0
6678 0
2134 1
2134 1
9610 0
5582 0
2134 0
2134 1
2560 0
9160 1
3948 0
8299 1
6060 1
2578 1
9470 1
9081 1
2134 1
4021 1
5028 0
6397 0
7400 0
1968 0
8771 1
5360 1
3582 0
1583 1
7638 0
1147 1
9893 1
2199 0
2665 0
9783 1
6201 0
7678 1
1734 1
1612 0
6923 0
2134 1
9519 0
3527 1
2134 1
1374 0
1157 1
6358 1
1389 0
2123 1
9087 1
3362 1
6611 1
7441 0
3474 0
2134 1
8028 0
2134 1
2134 0
9875 1
3006 0
5381 1
7043 1
3950 0
3024 1
8329 0
3917 1
2134 0
2134 0
2104 0
8331 0
2134 1
2134 1
4338 1
3341 1
2134 0
2134 0
1469 1
5151 1
9951 1
1731 0
3849 1
1343 1
2134 0
9931 0
3749 1
3166 1
8310 1
2784 0
2134 1
3595 0
4326 0
7175 1
2134 1
5328 1
2134 1
4960 0
2134 1
3852 0
6595 1
5935 1
2134 1
2716 1
2134 0
2948 0
4171 0
9786 1
2483 1
8955 0
2807 0
8402 0
1690 1
1349 0
2818 0
1585 0
4172 1
8439 1
2669 0
2134 0
9814 1
4470 1
2134 0
3178 0
9879 0
2134 1
5395 1
3871 1
1369 1
2750 0
2134 0
2134 0
2134 1
2134 0
2134 0
8590 0
7259 1
6183 0
7931 1
1802 1
8523 0
7625 0
4303 1
9795 0
7109 1
1406 1
2134 1
4021 0
2134 1
1723 1
2134 1
1609 0
4228 1
4460 0
3582 1
9976 1
1834 1
8334 1
8707 1
2134 0
2931 1
2134 1
3237 1
3818 1
4630 1
7212 1
4540 0
2134 0
5351 0
2134 0
6658 0
8653 0
1281 1
9871 0
3689 1
2134 1
7109 1
2789 1
8981 1
1684 1
1803 0
2134 1
9937 1
7571 0
7442 1
7483 0
2154 1
2134 1
3369 0
8703 1
9387 0
1190 0
9672 1
9763 0
5978 1
5525 0
9047 1
2134 1
5569 0
4085 0
9806 1
7440 0
2134 0
5368 0
5131 0
7461 1
2986 1
2034 0
3847 1
2115 0
2134 1
2134 1
6110 1
2134 0
7175 0
2134 1
3800 0
8127 0
9800 1
2234 1
1361 0
9552 0
1156 1
3618 1
4424 1
9598 1
4608 1
8727 0
9536 0
2380 0
4422 1
7580 1
5300 0
2006 0
7672 1
7866 1
7629 1
2134 0
2134 0
6361 0
5093 0
8515 1
6096 1
7748 1
8754 1
2134 0
8002 1
2134 1
8069 1
2246 1
7607 1
2134 0
5545 1
5244 1
2177 1
8933 1
1429 0
8432 1
6701 1
1743 0
2134 0
7339 0
6391 1
2134 1
6196 0
2134 0
7967 1
7170 0
6559 0
2134 0
3636 0
3286 1
4606 0
1013 0
1966 1
7162 1
2134 0
9175 1
6345 0
2134 0
2134 1
2134 0
3287 1
6426 1
4256 0
4830 1
8363 1
3223 1
2134 0
2134 1
3610 1
2866 0
1747 0
2134 0
9767 0
7345 0
4936 1
3493 0
5564 1
3228 0
8144 1
2751 1
2134 1
2134 1
1860 1
2134 0
1175 1
1382 1
2134 1
3939 1
3128 0
7546 0
9510 1
6351 1
6712 0
2134 0
4880 0
2407 1
2134 1
8352 1
2134 1
9267 0
3518 0
2265 0
2134 1
2134 0
4596 0
2168 0
6721 0
2134 0
7030 1
8607 1
6793 0
7612 0
3239 1
7516 1
6502 0
1300 0
8752 1
6511 0
8297 0
8436 1
2134 1
1564 1
7387 0
5474 0
5325 1
2134 0
7665 0
6417 1
2134 0
4229 0
1156 0
4768 1
5332 1
2134 1
6294 0
9805 1
9817 1
4834 1
1252 1
6884 0
2134 0
6876 1
2134 0
3537 1
2837 0
8132 0
2134 1
7611 0
7445 1
6840 1
9331 1
3404 0
2134 0
6181 1
8718 0
7908 0
2134 0
5844 1
3456 1
7253 0
4094 1
9777 1
2134 1
2108 0
2134 1
6323 0
6696 0
3016 0
2134 1
3355 1
2134 0
3321 1
2134 0
5146 1
4679 0
7197 0
4344 0
4801 0
9969 1
1497 0
1205 1
9495 1
3356 0
4723 0
2658 1
2134 0
4228 1
6856 0
8829 1
2134 0
1853 0
2134 0
8090 1
2134 0
6902 0
4562 1
2134 0
8402 1
2134 1
2134 0
1411 1
1767 1
2134 1
8908 1
6998 1
7780 1
5552 0
2134 0
2134 0
5638 1
2131 1
2134 0
1725 0
2134 1
7501 0
4885 1
9174 0
4725 1
1613 1
7850 1
9840 0
1972 0
3788 1
6795 1
7285 1
2134 0
2134 1
3122 1
6847 0
2134 0
2134 0
8941 0
7864 1
6784 0
3465 0
5026 0
2134 1
2134 0
9411 1
1516 1
8628 0
4916 0
3858 0
2134 0
2219 0
8539 1
2653 1
9405 1
7545 0
2470 0
7414 0
4162 1
3280 1
2134 1
9990 0
2200 0
3227 0
1928 0
1071 0
6252 1
1592 0
5642 1
9512 1
9567 1
2134 0
8431 1
6195 1
2134 1
5669 1
2134 0
6046 0
5735 0
9190 1
6807 1
4057 0
3629 0
2134 0
1753 1
5494 0
2134 1
3448 1
2134 1
2134 0
5296 0
3579 0
2134 0
4341 0
6971 1
2735 1
1047 0
7547 1
2134 1
1163 1
2134 1
2134 1
2134 0
2134 1
2134 0
5715 0
8509 1
5246 0
2737 1
8426 1
2134 0
2134 1
3837 0
8097 1
6850 1
2402 1
4470 1
9331 0
4577 1
3667 0
2093 1
3724 1
2134 0
2178 1
1875 1
2134 0
7451 1
8273 1
7604 1
8533 0
2200 1
3294 0
2134 0
9364 0
1542 1
8769 0
8713 0
1030 1
9367 0
6693 1
1063 0
2134 0
3934 1
3656 1
5248 0
2134 1
7081 0
5794 0
3176 0
2134 0
2134 0
4209 0
2134 0
8939 0
2134 0
8660 1
2134 0
8616 1
2134 1
3162 1
5704 1
2134 1
5152 1
2134 1
6509 1
2800 1
3696 1
3483 1
4436 1
5380 0
7542 1
2134 1
3544 0
2134 0
3321 0
6182 1
2134 0
3796 0
9203 1
2134 1
8873 0
9856 0
2134 1
1175 0
4971 1
5954 0
2134 1
3121 0
2134 0
2134 0
8363 1
4234 0
1468 1
9245 1
2134 0
2134 0
7243 1
3198 1
6161 1
2525 1
1685 1
9049 0
3283 0
3752 0
2134 1
8380 1
2134 1
1843 0
2134 1
2769 1
4264 0
5898 0
4644 1
9444 0
4874 0
5086 1
3467 0
4950 1
2134 0
5846 0
6105 0
7889 1
1359 1
9230 0
1385 0
2643 1
6955 0
4033 1
4662 0
7687 0
7186 1
2134 1
2134 1
9180 0
8410 1
6147 1
2134 1
6814 0
4695 1
2134 0
2436 0
7262 0
1841 0
2134 0
9634 0
5254 0
6327 0
7727 1
4542 1
5589 0
5820 0
2134 0
2134 0
3827 0
2134 0
4953 0
2134 0
2134 0
5067 0
2134 1
1710 1
2134 1
2277 1
4899 1
7707 1
2134 1
6876 1
1829 1
2644 0
3785 1
9353 0
1064 1
3901 0
2378 0
3227 1
4767 1
4134 0
2134 0
4142 1
8108 1
2134 1
1786 0
2134 0
4678 1
1362 0
1945 1
3939 0
2134 1
3202 1
2854 1
2134 1
1580 0
9246 0
8518 0
3196 1
3558 1
2134 1
6099 1
6831 0
2134 0
2187 0
1660 1
2134 0
8573 0
4080 0
8483 0
3985 1
1297 0
6396 1
9579 1
5965 1
4205 0
9299 0
7326 0
8074 0
7095 1
2846 0
6809 1
9396 1
7437 1
2134 1
2134 1
2134 0
9365 1
4318 1
6109 1
2134 0
8865 1
6380 0
2134 1
3917 1
1354 0
8657 0
2134 1
2134 1
2617 1
2134 1
2134 1
9444 1
8310 1
2042 1
5233 0
2134 0
6691 0
2700 1
4362 1
2740 1
2134 1
2134 0
7130 1
2134 0
5897 1
6256 0
9438 1
6149 0
2642 0
3716 0
2134 1
6811 1
2134 1
4610 1
9026 1
2275 0
7531 1
4321 0
2134 1
2229 1
3668 1
1984 0
2134 1
1540 0
5150 1
4177 1
2804 1
6688 0
2134 1
9860 0
2134 0
3979 0
2684 0
8264 1
8804 1
3954 0
4483 1
6288 1
2976 1
2985 0
6170 0
7820 1
8003 1
3189 1
5363 1
2725 0
2134 1
6989 0
2666 1
5188 0
4152 1
5116 1
9060 0
2134 1
6678 1
2134 1
6790 0
2134 0
8522 1
2134 1
7973 1
6057 0
7257 1
3662 0
5382 0
5512 0
7645 1
1787 0
2134 1
3762 0
8761 0
2134 0
2134 1
9402 0
4893 0
8443 1
2134 1
5036 0
2134 0
9455 0
9916 0
2134 1
9633 1
1200 0
2134 0
5062 0
8839 1
7998 1
2134 1
2134 1
5234 1
3832 1
5408 1
6754 0
9549 0
9849 1
4911 1
2134 0
2134 1
2134 0
2134 0
2134 1
2134 0
2134 1
5727 1
4542 0
2134 0
8869 1
8718 0
2134 0
8785 0
5604 1
1832 1
2431 1
9215 0
2294 0
5836 0
1475 1
2114 1
5412 1
2134 1
2134 0
9553 1
7737 0
9169 1
5736 0
7031 0
2134 1
5890 0
8301 0
6783 0
2134 1
1889 0
1442 1
2134 1
1129 0
2952 1
6431 0
7779 1
2134 1
4562 0
9043 0
3335 1
4224 1
2134 0
4112 0
1594 0
3546 1
2134 1
8465 0
3721 1
4635 0
3678 0
6014 1
6590 1
4961 0
7863 1
2134 1
9526 1
8504 0
2612 1
5742 0
4546 0
2134 0
4914 1
7857 0
9170 0
7033 1
8850 1
2411 0
4832 1
3855 0
2134 0
5010 0
3522 0
9057 0
6822 1
2134 0
9937 0
6139 1
7551 1
2134 1
9714 0
3826 0
5188 0
7710 1
2134 1
4750 1
7654 0
2134 1
2134 1
5713 1
7086 1
2065 1
1236 1
8765 1
2134 1
2957 1
5904 0
3062 0
1474 0
6219 1
6551 1
8226 0
3264 1
2134 1
6485 1
3094 0
8720 1
2134 0
2134 0
5702 1
2134 1
2134 1
2134 1
2134 0
2668 0
7800 0
6345 1
2134 1
5945 1
2286 1
8858 1
2134 1
9841 0
8350 0
1255 1
2134 1
9338 1
3292 1
2134 0
2134 0
3879 0
2134 0
3978 0
4891 0
2134 1
5478 0
2134 1
1388 1
2134 1
2134 1
1857 1
7678 0
1557 0
3764 1
8572 0
3842 0
2134 0
2134 0
2134 0
8104 1
5183 1
1906 1
2134 0
8960 1
2134 0
2134 0
7495 0
8522 1
2027 1
2134 1
5358 1
8985 0
2048 1
2321 1
9272 1
5133 1
1109 1
2010 0
2134 1
9731 0
2515 1
2134 0
2045 0
9445 1
1767 0
1039 1
2524 1
8986 0
9996 0
5749 0
6493 0
2134 0
7340 0
5535 0
3306 1
2134 1
4099 0
2976 1
8314 1
8310 0
4059 0
9552 1
6848 1
2134 0
8599 0
2134 1
7836 0
8287 1
7615 0
5929 0
4239 0
2134 0
2134 1
3485 1
2121 1
3604 0
4732 1
2568 0
2134 1
3949 1
6945 0
3028 0
8436 0
2134 0
2681 1
1154 0
2134 0
2134 0
9511 1
4459 1
1836 0
8234 1
6975 1
4223 0
2134 1
2134 1
2134 1
2134 1
9441 1
1105 0
2134 0
4700 1
2134 0
3029 0
9223 0
2134 0
2952 0
2134 0
8896 1
1503 0
5869 1
2134 1
9454 1
6973 0
4754 1
8743 0
9320 1
2134 0
8788 1
7684 0
8188 1
2134 1
2464 0
2134 0
1430 1
4177 1
7046 1
1717 1
2134 1
2466 1
5837 1
8910 1
2134 0
3166 0
2134 1
2134 0
6103 1
5100 0
2134 1
5165 0
4578 0
2134 1
9841 1
6103 0
7229 1
2134 1
7575 1
1800 0
8203 1
9003 0
1521 1
5099 1
4231 1
2134 0
5475 0
2134 1
4116 0
1691 0
2134 0
1427 1
8641 0
4276 1
8802 1
2134 1
9449 1
9820 0
2134 1
1088 1
6933 1
6917 1
2134 1
2134 0
4906 0
7830 1
5853 1
4459 0
7665 1
9321 0
9409 1
3694 0
6964 1
1661 1
1351 0
1669 0
2134 0
5941 0
2134 0
7093 1
3766 1
2134 0
2134 1
3123 0
5294 1
6322 1
8608 0
2134 0
2714 1
8959 1
4010 0
8049 0
2134 1
2134 1
2134 1
2134 0
7802 0
4124 1
9084 1
1456 0
5149 1
1918 1
8484 1
8817 1
8677 0
8112 0
4086 1
6259 1
2134 0
2134 0
3324 0
2134 0
1129 0
4868 1
2134 1
2519 0
7164 1
2134 0
6626 1
2134 1
4964 1
3328 1
2261 1
6880 0
2745 1
5301 0
6821 0
2134 1
5764 1
8742 1
7979 0
6903 1
4512 0
2134 0
2134 0
2134 0
5483 1
7908 0
2134 0
4929 0
6935 0
6564 0
9248 0
2134 1
9716 1
4942 1
1011 1
2134 0
2134 1
5950 0
6413 1
2640 0
3961 0
3262 0
8466 1
5535 1
9477 0
2134 0
5016 1
3252 1
7728 0
4485 1
7178 0
3786 1
8643 1
2134 0
3031 1
2134 1
7941 1
2134 1
2134 0
6534 1
5230 1
3926 1
7494 1
1748 1
5049 1
2879 1
2134 1
1346 0
2806 0
2134 1
2926 0
7156 0
2134 0
1801 1
2134 0
7025 1
8731 0
3468 0
2134 0
2081 1
4599 1
2326 1
5695 0
9191 0
7344 1
2941 0
2134 0
9563 0
3031 0
2134 1
6685 1
1284 0
8962 0
2010 0
7553 0
2250 0
4191 0
4167 1
2267 0
2134 1
2134 0
6121 1
2134 1
3143 0
5566 0
3285 1
2134 1
4342 0
2134 0
6243 1
4862 0
5978 0
7981 0
9477 1
2134 0
5861 0
4515 0
8059 1
2134 1
2134 1
4618 0
5169 1
7960 1
2090 0
1724 1
9140 1
5002 0
5869 0
3928 1
2681 1
5214 1
9685 0
8278 1
9430 1
9261 1
2134 0
2134 1
3218 1
8087 1
2134 1
1889 0
6212 0
4911 0
8201 0
5708 0
8117 0
5905 0
3340 1
2134 0
2134 1
7320 0
8210 0
1774 0
5685 0
1238 1
5946 1
1415 1
6320 0
6012 1
7382 0
5144 0
2134 0
7210 1
2134 1
3561 1
2134 1
2961 1
3116 0
2958 0
3349 1
6509 1
5227 1
5816 0
2134 0
6220 1
2134 0
1464 1
9777 1
2893 1
2203 0
4553 1
1062 0
2134 1
2134 0
5006 0
2134 1
8013 1
2134 0
9754 0
2134 1
4458 0
2134 1
2134 1
5261 0
2134 0
8270 0
5727 0
6267 1
4281 1
6399 0
2134 1
3229 1
9669 1
7894 0
9507 1
7089 0
1067 1
5403 0
9311 1
1838 1
7800 1
2134 1
3585 0
2134 1
5702 1
2134 1
6901 1
2134 1
9463 0
5073 0
7553 0
2370 1
9928 1
8066 1
5874 0
7928 1
9490 0
2134 1
2134 1
3604 1
7677 1
2582 1
3953 0
3881 0
2134 1
1387 0
1002 0
4028 0
1308 1
2601 1
4394 0
2134 0
2287 1
5240 0
8121 0
3772 1
6946 0
5401 0
9697 1
5783 0
5080 1
8062 1
2134 1
2134 1
4620 1
9093 1
2866 0
2134 0
8441 1
8414 1
3400 0
2134 0
9597 0
2134 0
2112 1
6582 1
5579 1
1132 1
8980 1
7421 1
2134 0
2134 0
2134 0
4576 0
6194 0
4644 0
3874 0
2134 1
3437 1
3496 0
6072 0
2134 1
2134 0
4919 1
4057 1
2793 0
5571 0
2134 0
7398 0
2660 0
4407 0
5134 0
9634 1
7323 0
9600 1
6453 0
5853 0
6250 0
6872 0
2612 1
4239 0
2368 0
3346 0
1312 1
9549 1
9195 1
2134 1
3214 1
2134 0
2134 1
2134 1
4705 0
2134 1
8596 1
8294 0
5958 1
5507 1
2055 0
9042 0
2134 1
3364 1
2134 1
6397 0
3625 0
8573 1
6868 1
2826 1
4686 0
5741 0
2134 1
2134 1
5055 1
2167 0
2134 0
4071 1
2841 1
2134 0
9224 1
3947 0
1005 0
2134 1
9075 1
1602 1
1004 0
6916 1
7339 0
2134 0
9716 1
8940 0
2134 1
8611 0
3904 1
2134 1
3862 1
5053 1
2134 1
1883 0
8036 0
1303 1
5554 1
8318 1
4281 1
2134 1
6260 1
6474 0
2134 0
2134 0
2706 0
6955 0
2134 1
4731 0
3547 1
1602 1
7901 1
3540 0
2286 0
7666 0
2671 0
2134 1
8271 1
3361 0
5381 0
2805 1
2234 0
2134 1
8969 1
1255 0
2134 0
7606 1
8922 0
2134 0
4275 1
2301 0
2874 1
1401 1
6829 1
2134 0
2134 1
6926 1
2134 1
7273 1
2134 1
2134 0
2134 1
4965 0
2955 0
8464 1
8633 0
6846 1
3001 1
3504 1
5318 0
6055 1
1337 1
2134 1
2134 0
3591 0
2134 1
6699 1
1141 1
5488 0
6761 0
4467 1
1796 0
2134 0
3419 0
4055 1
3999 1
2134 0
1839 1
8333 0
3821 0
2134 0
1119 1
7536 1
2134 0
4067 1
9458 0
1909 1
3401 0
1593 1
8926 0
2134 1
2134 0
5191 1
8277 1
4833 1
7901 0
4711 1
5620 0
2134 0
8458 1
6012 1
2134 1
2134 0
9025 0
2811 1
2134 0
3236 1
2134 0
5967 1
2134 1
2221 1
2134 1
2134 0
3173 0
2134 1
3746 0
9811 1
2134 1
2134 1
9317 1
2036 0
2700 0
3921 1
2134 0
2134 0
2134 1
4408 1
2134 0
6915 1
6915 1
1271 0
2134 0
8072 1
2134 1
9611 0
2571 1
6590 1
2134 1
4699 1
5804 0
2319 1
2134 0
2134 1
6619 1
4136 1
2134 1
3967 1
3966 0
2134 1
2134 1
2134 1
2274 1
2134 0
4802 0
8186 1
2134 1
8924 1
2844 0
3163 0
2134 1
6196 0
1460 1
2302 1
2134 1
1703 1
1405 1
3533 1
2134 1
6895 0
6792 1
5220 1
1417 1
8229 0
9531 0
2522 1
5667 1
6999 1
2134 0
6270 0
2134 0
8293 1
3513 0
1282 0
8511 0
2134 1
2134 1
5950 1
1233 0
2134 0
2134 0
2134 0
2636 0
2134 1
2134 0
7792 0
4926 0
7201 1
2134 1
8309 1
4598 1
6886 1
6014 1
8765 0
2134 1
1536 1
2134 1
3154 1
2799 0
6839 0
5148 1
8747 0
2985 0
2134 0
4830 1
7319 0
7855 1
3536 1
3144 1
2134 0
2134 1
8271 0
2134 1
9462 0
2134 0
2320 0
2789 1
2134 1
6135 1
6024 0
5520 1
2134 0
3419 1
2134 1
2385 0
6219 1
3349 1
2134 0
3847 0
2134 0
5601 0
5611 1
7868 1
4533 1
8469 0
2134 0
7022 1
2134 0
7635 0
8760 1
2134 1
3106 0
3208 0
7830 0
2134 0
2134 1
7485 0
2044 1
2134 1
7556 0
7796 0
8236 0
2134 1
2134 0
1136 0
2134 0
2512 0
9760 0
2134 0
2048 1
6574 0
2134 0
5372 0
3608 0
1582 0
2134 1
4556 1
2134 1
8875 0
8939 1
5970 1
2134 0
1808 0
2134 1
7156 0
3999 0
7769 0
2676 0
5604 0
2134 1
2134 0
2899 1
1883 0
6440 0
2576 1
2134 1
8079 0
2134 0
6750 0
3076 1
3814 1
5131 1
2134 0
9478 1
1209 0
7155 0
2039 1
6470 1
3030 1
9352 0
1917 0
7422 0
9974 0
8923 0
2342 0
9039 1
5618 0
5239 0
2134 0
2134 1
9924 0
8193 0
2967 0
2941 1
1864 1
3206 1
8598 0
4216 0
2134 0
2976 0
1982 0
3878 1
3854 0
8525 0
2134 0
3997 1
6203 1
2153 1
2722 0
7530 0
8530 1
3426 1
3645 1
6485 0
4375 0
2134 1
1120 1
6755 0
2134 0
4618 0
8500 1
2134 1
2729 1
9096 1
2134 0
2134 0
2134 0
4141 1
2134 1
2134 1
2134 0
2134 0
4166 1
2667 0
6050 0
5507 1
4962 0
7255 0
6571 1
7014 0
2134 0
6644 0
2674 0
2134 1
6151 1
2134 1
9491 0
7631 1
7736 0
9610 1
8273 1
7549 1
1545 1
2134 0
5016 1
2134 1
1377 0
9868 0
7499 1
2588 1
2134 0
1483 0
3576 1
6438 1
6970 1
1986 0
2134 1
8409 1
5629 0
9481 1
8421 1
6971 1
3795 1
4521 1
5792 1
9283 1
2134 1
7042 1
2134 1
9517 1
8998 1
2134 1
6462 1
4323 0
2112 1
2134 0
6851 0
1594 0
2134 1
2134 1
5440 0
6121 0
2428 1
2146 1
2134 0
4826 0
9238 0
9441 0
3632 0
3676 0
8449 1
7589 0
2134 1
3620 0
2119 0
2845 1
7917 0
5258 0
2098 1
5884 1
9392 0
3806 0
1346 0
1012 1
9223 0
8722 1
3048 0
2134 1
3432 0
2134 0
2081 1
1473 1
2134 1
2134 1
6794 0
8401 1
4775 0
2134 0
9392 1
8708 1
7380 0
5394 1
2134 0
2134 0
9020 0
2134 0
2134 0
2134 0
1666 1
1659 0
7403 1
6111 0
3492 0
2134 0
7156 0
8078 1
7864 0
2134 1
5832 1
2134 1
2134 1
8992 1
9987 1
1564 0
4270 0
4892 0
3902 1
8284 1
7368 0
3200 1
6051 0
9561 0
7827 0
4852 0
1721 0
9180 0
4653 0
2134 0
2134 0
9992 0
9545 0
5596 0
2510 0
9337 0
4189 0
2262 1
2134 0
4886 1
2266 0
2210 1
8163 0
2134 1
5340 1
6850 1
2134 1
2134 0
2134 0
5342 1
5784 1
2134 0
1875 0
3085 1
2134 0
2134 0
9395 1
3393 1
5277 1
9652 1
5818 0
4188 0
6445 0
4672 0
6757 0
2134 0
2134 0
3807 1
2134 0
3390 0
2134 0
5131 0
2134 1
2134 0
2134 1
3938 1
3731 1
6975 1
7739 1
1546 1
4098 0
2134 0
2134 0
3215 1
2213 1
4565 1
2134 1
2134 0
8041 1
3698 0
2134 0
2134 0
4767 1
7775 1
1376 0
5411 0
1222 1
2134 1
7988 0
2134 0
2469 0
9979 0
1479 1
2598 0
2134 0
4979 0
3333 1
2134 1
9117 1
4595 1
2683 0
1504 0
2134 1
2134 0
6731 1
5479 1
8509 0
6286 0
9578 1
6048 0
9643 0
2327 0
2134 1
2134 1
1368 1
4452 1
6283 0
4792 1
2134 1
9939 1
1633 1
2134 0
9660 0
2134 0
9563 0
6582 1
5620 1
4572 0
2134 1
7005 1
2134 0
7273 0
6683 1
8384 1
6116 0
2134 1
8739 0
4426 0
2134 0
9233 1
9418 0
9682 1
4307 1
9990 0
5726 0
2134 0
5028 0
2134 1
2134 0
6778 0
8289 1
8962 1
8187 1
8551 1
2134 0
8151 0
1231 0
2134 1
2134 0
9320 0
1218 1
2952 0
1164 0
8210 0
2134 1
3977 1
2105 0
7607 1
2303 0
3578 0
3692 1
2134 1
8389 1
5905 0
2134 1
2134 0
2134 1
1965 0
8630 1
9173 1
9630 0
4108 0
2134 1
4357 1
9181 0
2853 0
1561 0
7560 0
8832 1
3629 1
7773 1
2463 0
8723 0
2134 0
2134 1
1641 1
3494 1
1407 0
7967 0
4151 0
4132 1
1905 0
9720 1
8444 1
2134 0
3589 1
1273 0
2134 0
2134 1
6801 0
3062 1
7885 0
2134 0
8413 1
2134 0
2134 0
7396 0
9986 1
7611 0
9517 0
4052 1
2134 1
2134 1
7725 1
7575 1
8812 1
1261 1
5009 1
2134 1
4225 0
2647 0
7981 0
2134 1
2544 0
6621 0
1549 1
9361 0
6974 1
1984 0
3331 1
5994 0
2134 0
1209 0
2134 0
3548 1
9170 1
9719 0
2134 0
2134 1
4467 0
8273 0
5991 1
2134 1
9890 1
4296 1
9573 1
2134 1
5331 1
2134 1
8537 1
2134 0
2207 1
2134 1
3751 0
4114 1
2134 1
2134 1
2134 0
3956 0
6341 0
8446 1
2134 1
2001 1
3208 0
3677 1
2134 1
2935 0
8360 1
5453 1
8409 1
2102 1
9548 1
3883 0
2134 0
1644 0
4321 0
7310 1
2626 1
1551 0
2134 0
2134 1
6603 1
7634 0
2134 1
9708 1
3322 1
2005 0
8508 0
2134 1
5759 0
2522 0
4170 1
2134 1
6376 1
4428 0
4137 1
2134 1
2518 0
2134 1
2134 0
4975 1
2134 1
8378 1
2548 0
2134 0
3044 1
3824 0
6961 1
9772 0
2134 0
5237 1
8982 0
5838 0
4217 1
3117 0
1791 1
1577 0
6543 0
2134 0
2805 0
3745 1
2134 0
5338 1
2134 1
1351 0
1181 1
6680 1
2574 0
2134 1
2666 0
6001 1
9769 0
6125 1
1464 0
7993 1
8739 1
2602 0
6257 1
5193 1
9672 1
5346 1
2134 0
2134 1
8317 0
2134 1
4963 0
6613 1
8444 0
6956 1
7042 1
4773 1
1127 1
7963 1
6324 0
9628 0
8886 1
7887 0
7678 1
3980 1
7794 1
3660 0
5947 1
1657 1
2134 1
2994 0
7157 1
2134 0
6532 1
2134 0
2134 1
9047 1
9932 1
5590 0
2134 0
2134 1
2800 0
4795 0
2134 0
9009 0
5541 1
6103 1
6997 0
5686 0
4387 1
2134 1
8789 0
1589 0
2134 0
3021 0
2030 1
3923 0
6378 0
9727 0
5414 1
8801 0
4189 1
3881 1
2134 0
2520 1
2134 1
5798 0
2134 1
1395 1
2134 0
6061 0
8036 1
9152 1
7137 1
3524 1
7919 0
2134 0
1486 0
5846 0
3593 1
2134 1
1749 1
6137 1
5289 0
8778 1
2302 1
6573 1
1909 0
8396 1
4604 0
5967 0
8510 1
8701 0
1639 1
3217 1
7315 1
2134 1
8283 0
8635 0
1560 1
7889 0
9905 1
2134 1
2134 1
2698 1
4864 0
9630 1
6594 0
4878 1
9865 1
2134 0
8198 1
2134 0
2134 0
2134 1
2718 1
1403 0
8657 0
4226 0
6521 1
2134 0
5937 1
3715 1
8382 0
1307 0
5902 0
2134 1
9975 1
5984 0
6563 0
2134 0
1980 0
4270 1
2134 1
2009 0
7839 1
2134 0
5665 0
8810 0
7925 0
2134 0
6077 0
8183 1
9148 1
9712 0
8073 0
3265 1
2134 1
4101 1
9263 1
2134 1
1973 1
4402 1
2585 0
2134 1
6075 1
7712 0
4579 1
9367 0
9820 0
6436 1
7329 1
9862 1
2134 1
9237 0
7322 1
2471 1
2046 0
3885 0
2134 0
3801 0
6589 1
3918 1
1132 0
7427 0
2134 1
2382 1
2134 0
9857 0
4470 1
2134 1
9573 0
5919 1
7191 1
2713 1
2134 1
3936 1
2134 0
7765 0
2134 1
2134 0
1406 1
5209 1
2134 1
2134 1
8157 0
1943 1
2134 1
7199 1
5259 0
2134 0
2134 0
7308 0
7715 0
2134 0
2896 0
8771 0
2838 0
7617 0
3580 1
1139 0
1675 0
2134 0
2134 0
2134 1
1690 1
2134 1
1670 1
6174 0
5908 0
2134 1
2134 1
2134 0
2134 1
4155 1
8551 1
6808 1
7498 0
7482 0
4555 1
5875 0
3385 0
4950 1
9720 1
6693 1
2134 1
6354 1
3897 0
5317 0
9863 1
2010 1
4244 0
5183 1
2134 0
9444 0
6138 1
1381 1
9410 0
5120 1
9796 0
2404 0
9821 1
3605 1
8927 0
9658 0
8745 0
9580 1
4121 1
2134 1
6395 0
2133 1
9681 1
2134 0
4261 1
3188 1
2847 0
7944 0
7524 0
7997 1
8556 1
1870 0
3156 0
2134 1
2134 0
2134 0
2134 0
7501 1
5627 0
1068 0
9556 1
3501 1
5025 1
8627 1
6711 1
2134 0
2134 0
2384 0
2134 1
1274 1
2134 1
8224 1
1079 1
9386 0
8892 1
7081 0
3634 0
4466 0
2134 0
5848 0
3474 1
5082 0
2899 1
9218 1
8300 1
1015 1
7519 1
1587 1
3839 1
9205 0
1797 0
6296 0
9020 1
2134 1
6173 0
2074 0
2026 0
9091 1
8667 1
2134 0
8938 0
9735 1
2134 1
9741 1
9085 0
2610 1
1037 1
2063 1
7506 1
6173 0
3380 1
2134 0
2134 1
4156 1
3897 0
9334 1
8296 0
8333 1
9396 0
4255 1
6780 1
9160 0
2134 1
2134 1
8264 0
8513 1
7847 0
6144 0
1829 1
1226 1
1833 1
7613 0
6774 1
6261 1
8827 0
2134 1
9517 0
8887 1
3849 0
2134 0
1406 0
2239 1
2134 1
1686 1
5793 0
2134 1
5818 1
1121 1
9624 0
2623 0
2804 0
3210 0
4450 1
9655 1
2134 0
9129 0
4068 1
1804 0
5409 1
5253 1
7947 1
6842 0
2378 0
1068 0
2134 1
2134 0
2134 0
2134 0
5934 1
5986 0
6613 0
1126 1
2134 1
9190 1
1569 1
1637 1
6480 1
7600 1
4026 0
2134 0
8674 0
2639 0
2765 1
7078 1
4179 1
6030 0
2134 1
1484 1
8084 0
8463 0
2743 1
2817 1
2134 0
5758 1
2836 1
3368 0
8398 0
9976 1
6133 1
5679 1
9902 1
1835 0
2274 1
9268 1
7165 1
1509 1
1867 0
6230 0
2134 0
8747 1
2356 1
2134 0
5223 0
6497 1
3117 0
9283 0
2134 0
6315 1
4708 1
3485 0
2232 1
9941 1
7585 1
5517 0
6731 0
2134 1
3195 1
2134 1
7979 0
2134 0
2134 0
9614 0
9995 1
1482 1
3620 0
4418 0
2134 0
2134 1
2134 1
3180 0
7511 1
9199 1
1724 1
4482 0
2134 0
4845 0
8875 1
4700 1
2134 0
2134 0
2134 1
2134 0
4515 1
2134 1
2134 0
3059 1
1938 0
7651 1
4336 1
7087 1
2134 1
2428 1
5056 1
2134 1
6807 1
7336 0
6747 1
5037 1
9040 1
3376 0
6816 1
3507 0
4023 0
1542 0
2134 1
6165 1
7757 1
2921 0
4768 1
5497 0
3983 0
1278 0
2467 0
4565 1
2134 1
7922 0
7953 0
2134 0
5025 0
8793 1
2134 1
9156 0
4723 1
5446 0
2134 0
7337 1
2134 0
7868 0
2134 0
2134 1
4289 1
9435 1
1078 0
2056 0
3313 1
6037 1
3326 0
8178 0
6047 1
7777 1
5611 1
2178 0
2134 1
4732 1
7002 0
2134 0
7609 1
9936 0
5466 0
2134 1
9519 1
5340 0
2134 1
2134 0
5341 0
2134 0
2134 0
8868 0
2134 0
3575 0
2134 0
2134 0
9802 0
2797 1
9403 1
5539 1
7232 1
7963 1
5989 0
2134 1
2134 0
9746 0
5330 0
5132 0
4281 1
3684 0
5575 1
2808 0
2134 1
6364 0
2134 0
6700 0
3798 0
5480 0
6965 1
1246 0
3931 1
5858 0
7666 1
2141 1
4254 1
3032 1
2134 1
2880 1
4286 0
2134 1
4215 0
4498 1
2134 0
6098 1
8432 0
7130 0
2134 0
6849 0
8372 0
2728 0
5696 0
6263 0
2134 1
5837 0
2134 1
1171 1
9974 1
2134 1
9694 0
6308 1
7958 1
6017 1
7475 1
3388 0
5577 0
3864 1
6935 1
2134 0
8395 1
4400 0
7777 1
2134 0
3781 1
2134 1
2134 1
3335 0
9335 1
3533 1
5796 1
3247 1
6744 1
2134 0
1939 0
2134 1
7143 1
2134 0
3109 1
5035 0
7177 1
3606 1
2134 1
9153 1
3546 1
4716 0
6120 0
3264 1
8564 0
2134 1
2028 1
5557 1
8164 0
1687 1
2134 1
5875 0
9591 1
3064 1
2134 0
2134 1
2134 1
2134 1
2134 0
2134 0
1453 0
8242 1
2985 0
9427 1
2134 0
2134 1
2134 0
2134 0
2134 1
2134 0
2134 0
9476 0
2134 0
3737 1
8331 0
2134 0
8126 1
6858 1
2134 0
3240 0
9409 1
4173 1
9085 0
2369 0
2458 1
9790 0
7458 0
2134 0
8055 1
4381 1
9623 1
8699 1
1446 1
9022 1
1867 0
4730 1
9538 1
4193 0
2134 1
6263 1
9600 1
7423 1
2134 0
2134 1
4746 1
2134 1
2134 1
4435 0
3973 1
2134 0
9980 1
2134 1
3218 0
5480 1
1144 0
6255 1
1389 0
2134 1
2498 0
4912 0
1156 0
7488 0
3732 0
5928 0
5547 1
6243 0
7447 1
4115 1
2964 0
2134 1
2066 1
6790 1
9264 0
9453 1
4703 0
6099 1
2983 0
9159 0
2134 0
3424 0
7057 1
2134 1
8026 0
7291 0
4096 1
2134 1
6511 0
2706 0
5347 1
2134 0
2430 0
2134 0
9603 0
2357 0
6150 1
2134 1
7587 0
1505 1
7314 1
5511 1
3983 1
2765 1
1717 1
1905 0
6472 0
2134 1
2134 0
8271 0
2134 0
5799 0
5741 0
1779 1
9001 1
2134 1
2134 0
2134 0
6670 0
4403 1
9499 0
4223 0
3086 0
7795 1
2049 0
2134 0
2134 1
6207 0
5000 0
8022 0
2425 1
2134 0
9178 1
2134 1
3630 0
6785 1
8072 1
8360 1
2134 1
4965 1
8173 0
5923 1
5251 0
2134 0
7153 1
9783 1
3921 0
8345 1
4057 0
4976 1
7248 0
2134 0
2147 1
3751 1
4533 1
1528 0
3213 1
2134 1
9205 0
3262 1
4590 0
1838 1
8380 0
7642 0
6899 1
5004 0
5543 1
7248 1
9904 0
6653 0
2134 0
8588 0
5601 1
2134 0
2134 0
2134 1
8377 0
7642 0
7493 0
5557 0
5473 1
2356 1
2829 0
1492 1
7536 1
8574 0
2134 0
7784 0
3206 1
3968 0
2134 1
9233 0
2134 1
2134 1
3186 0
3853 0
5923 1
7909 1
8272 1
2134 0
1503 1
2134 1
5129 1
8475 0
2134 1
8834 1
6449 1
4249 0
2134 1
6041 1
5258 1
6682 0
2074 1
6203 1
2030 1
1330 0
2134 1
7730 0
2134 1
2134 1
2939 0
3087 1
2134 0
1984 1
6607 0
2134 0
2134 0
2154 0
3435 0
2134 1
4541 0
6054 0
3608 1
2773 1
7620 1
4541 0
4017 1
2134 0
2134 0
2134 0
8012 0
1467 1
7690 1
2134 0
2134 1
8789 0
2134 0
3861 1
2134 0
9141 0
1457 1
1225 0
7686 1
2335 1
8391 0
5407 1
4196 0
6958 1
4262 1
8287 0
9484 0
9745 1
1667 1
6760 1
9543 0
9179 1
6916 1
3574 0
2134 0
9510 1
5496 1
8292 1
4962 0
5669 0
5064 0
9202 1
8747 0
2489 1
2189 0
2134 1
5063 0
3130 1
4280 1
2944 1
1103 0
3073 0
7720 1
7005 0
8060 0
9132 0
4418 1
4201 0
2276 0
8017 0
2134 1
5196 0
1942 0
9077 1
2134 1
8728 1
7861 1
2134 1
9618 0
4925 0
8955 1
3263 1
7459 1
5753 1
4830 0
9348 1
4833 1
2134 1
2459 0
1644 1
2134 0
2134 0
1547 1
3864 1
8420 0
7638 1
4877 1
9844 0
3672 1
2483 1
2134 1
8053 0
4649 0
3508 1
6179 1
4604 1
4211 0
3166 0
5954 1
5706 0
5201 1
2060 0
7370 1
4228 1
2134 1
5767 1
4733 0
2134 1
2134 0
2850 0
2134 0
1499 0
2134 0
1884 0
2134 0
8819 1
2134 1
8473 0
3354 1
4094 0
4352 1
9565 0
7835 1
7659 1
5895 1
4150 0
2985 0
2134 1
2134 1
8782 0
2134 1
3675 1
6036 0
4477 0
7417 1
4751 1
3906 1
8231 0
3380 1
6823 1
2134 1
3217 0
3151 1
6353 1
7391 1
3441 1
4386 1
8481 0
2134 1
2134 0
2134 0
3321 1
8747 0
5200 1
2134 1
2346 0
2134 1
9121 0
3507 1
8340 0
2134 1
2134 0
1467 0
9034 1
9818 0
3754 1
2134 1
2336 1
1080 1
2134 0
2134 0
3397 0
1002 0
1372 1
1415 1
6557 0
6900 0
3933 1
2621 0
2134 1
4932 0
2134 0
9709 0
2134 1
5674 1
2134 1
6956 0
2134 0
7660 0
7945 1
9567 1
2268 1
6280 1
2134 0
2134 1
5239 0
9027 0
4229 0
4989 0
9002 0
2134 1
3854 0
5699 1
2134 1
5395 0
9923 1
2134 0
3137 1
4283 1
2134 0
2134 0
2466 1
5766 0
8632 1
1119 1
5239 0
2134 1
8559 1
3554 1
5698 0
9298 0
7440 1
7447 1
5920 0
2134 1
4471 1
2134 0
5476 1
4036 1
3942 0
2134 0
6343 0
1126 1
6375 0
7391 0
4391 0
7862 1
3925 0
2134 0
5576 1
8518 1
4511 0
2449 1
2134 0
6567 1
1310 1
4701 1
2134 0
2134 0
1851 0
5664 0
8011 0
2134 0
2800 0
4891 0
9921 1
3512 0
2134 1
2457 1
4726 1
2134 1
8854 1
5829 0
2134 1
1925 0
3904 1
6416 0
8638 0
2134 0
1595 0
1491 0
3227 1
2134 1
2134 1
7037 1
2134 1
7026 0
1551 0
4998 0
8308 0
2134 0
3384 1
7942 1
2134 1
1978 0
2592 1
6336 0
3362 0
1266 1
2134 0
3154 0
4707 0
2134 1
5533 0
5429 1
2134 1
8309 0
2134 0
2134 1
1403 1
1669 0
3285 0
9561 0
2134 0
2732 1
1470 0
2134 1
4992 1
9344 1
1032 0
