1411 3064
8326 1
9209 1
3064 1
8878 0
9423 1
5623 0
9362 1
5711 1
9683 1
7588 0
7004 0
8589 1
3740 1
4634 0
5217 1
3064 0
3064 0
7006 1
9069 0
8753 1
3064 1
6291 1
1717 0
9056 1
6718 1
3064 1
2577 1
3064 1
1846 1
3064 1
3064 0
3064 1
1036 0
3064 0
5736 1
9030 1
5988 1
5544 0
4473 1
1046 0
9977 0
6330 0
1435 1
8234 0
3081 0
2567 0
3064 0
8263 1
6780 0
8937 1
2888 1
9694 0
2009 1
3064 0
5150 0
4584 0
6151 1
6640 0
1711 1
5003 0
6140 0
5969 1
4479 0
5163 0
5408 1
1544 1
3064 0
3064 1
4332 1
5043 1
6398 1
3064 1
5104 0
3064 0
3064 0
3503 1
5263 0
3064 1
4225 0
7428 1
3064 0
3999 1
9398 0
8289 0
3149 0
1489 1
1344 0
5608 0
5119 1
9597 0
1908 0
4478 0
3064 1
3064 0
7629 0
3064 0
9930 0
3064 0
3064 0
9924 0
5044 1
1993 1
3064 0
1059 0
3064 1
6780 0
4409 0
1539 1
8159 1
3476 1
3400 1
4796 0
3064 0
4852 0
3064 0
3064 0
4726 0
9353 1
3064 1
3064 1
6008 1
3064 0
4584 0
3064 0
5962 0
4440 1
9416 1
2832 0
2028 0
8337 0
3064 0
5147 0
3064 1
3547 1
2643 0
4957 0
8398 1
7814 0
9647 1
8027 1
6365 1
2551 0
3745 1
9775 0
5041 1
2341 0
3815 0
4509 1
2198 0
6961 1
9151 0
3064 0
9867 0
1214 0
4108 1
8645 0
3064 1
5127 0
3064 0
3290 0
1832 1
2080 1
8348 1
8215 0
5781 0
8889 1
4886 1
9378 0
6466 1
5613 1
3064 0
2911 0
5210 1
2148 0
1302 1
6454 1
3064 1
4155 0
9885 0
6351 1
8316 0
5838 0
3064 0
4483 0
5631 0
3285 1
6091 0
5616 1
5794 0
4230 1
5442 0
9070 1
4300 0
1212 1
7153 0
2340 1
4258 0
2797 0
1842 0
9773 0
3064 0
8777 0
3482 1
3812 1
7625 1
7069 1
6150 0
1322 0
7462 1
6748 0
9265 0
7223 1
7956 0
3064 0
3066 1
3064 1
2933 1
5436 1
3064 0
8223 1
3064 0
3738 1
3201 0
7792 1
5866 1
3064 1
6344 1
4978 0
3064 0
2147 0
3047 1
4051 0
4142 1
3695 1
3064 1
3064 0
6549 1
1825 1
3064 0
7738 0
5133 1
4638 0
7420 0
1227 0
3325 1
3064 1
3064 0
3064 0
7323 1
3266 1
3064 1
3064 0
4845 0
3064 1
3064 0
8140 0
4226 1
3064 1
7801 0
9229 0
6552 0
6170 1
5710 1
3064 1
7012 1
9560 1
3064 1
2251 1
8115 1
3268 1
3064 0
5787 0
6644 1
9077 1
3064 1
4075 1
5884 0
7301 1
5904 0
4019 1
6287 0
7785 0
3188 1
1113 0
3064 0
9737 0
4479 0
5133 0
7192 1
4882 0
2860 1
3456 1
6218 1
8942 0
3064 0
3064 0
2161 1
2992 1
3064 1
5799 1
3064 1
3064 1
2116 0
4572 1
9791 1
6085 1
3777 1
6321 0
5142 1
2478 0
7278 0
3797 0
4054 0
1690 0
3489 1
3064 1
1037 0
3064 0
7129 0
3064 1
6574 0
3064 0
3064 0
1177 0
4231 0
3064 1
3064 1
3122 1
6448 0
3064 0
6074 1
5143 1
1717 1
8921 1
3064 1
3064 0
3064 1
2745 1
5980 1
2824 1
8704 0
4475 0
4446 1
3064 0
4319 1
1162 1
9830 0
1082 0
2607 1
3064 0
3132 0
3064 0
5110 1
4309 1
2870 0
3541 1
3704 0
3534 0
9968 1
2575 0
3118 1
6406 1
2856 1
1246 0
8368 0
1643 0
4345 0
1764 0
7062 1
5040 0
5973 0
9039 0
3064 1
3064 1
8523 0
4243 0
2239 0
3064 0
3064 1
3064 1
9763 0
3064 1
3198 0
2292 1
5556 0
9158 1
1054 0
3064 0
2871 1
7455 1
1156 0
3064 1
3064 0
3463 1
6576 1
3461 1
4975 1
2364 1
2997 0
4868 1
3064 0
3064 1
3064 1
8751 1
3064 1
5675 1
1526 1
3064 1
3064 1
5969 0
8971 1
3064 0
7747 1
8404 0
3223 1
3064 0
6085 1
4113 1
3064 0
6882 0
4733 0
5907 1
3064 0
3064 1
1373 1
7137 0
4712 1
7108 0
2530 1
7479 0
4361 0
3064 0
3064 1
7356 1
8860 0
6585 1
3064 0
3064 1
9985 0
9055 0
2239 1
3064 1
3064 1
1188 1
4063 0
6882 0
3295 1
8922 1
9626 0
9611 0
6019 0
4610 0
3543 0
3064 0
5071 0
3064 1
3064 1
7198 0
3064 1
3064 0
2895 0
8858 1
3064 1
8747 1
3434 0
5090 1
9161 1
1704 0
5298 0
3064 0
9689 0
3064 0
9098 0
7766 0
6513 1
8947 0
4037 1
9550 0
7607 0
3064 1
6464 1
6153 0
7737 1
5532 1
3064 0
3064 0
4141 1
1824 1
1066 1
8684 0
7728 1
1544 1
6698 1
1787 0
6319 1
9875 1
1943 1
7904 1
1403 0
9272 0
3064 1
3064 1
3064 0
8773 0
2994 0
3345 1
7593 1
6954 0
6729 0
3064 1
9212 1
3320 1
7860 0
3945 1
5727 0
8297 0
1891 0
4360 0
7772 1
6440 0
5512 0
1207 1
5892 1
6809 0
3064 0
1625 1
1185 1
8955 1
7328 1
5131 0
4075 1
4880 1
2709 0
4750 0
3064 1
3064 0
2825 1
3010 1
8318 0
5646 1
7129 1
1205 1
3064 1
6302 0
2797 0
8806 1
2314 0
4064 1
6437 0
2057 1
3262 1
9063 0
3064 0
4193 1
4691 0
6291 1
3064 1
7171 1
7587 0
1376 0
2433 0
3064 1
8051 0
3064 1
7194 0
5095 1
2146 0
7002 1
1525 1
8112 1
8488 0
3064 1
7200 0
2603 1
8762 0
9114 0
7861 0
5548 1
9863 0
4596 1
3064 0
8928 0
3064 0
1640 0
9596 1
8358 1
4825 1
3064 0
8136 0
9938 0
5913 0
6353 0
2634 0
2540 0
7118 0
4832 1
5275 0
8551 0
3064 0
3064 1
4078 1
3064 0
8854 1
3064 0
4828 0
7647 1
9339 1
8564 0
7528 0
3064 0
6453 1
8356 1
2676 1
7882 1
2363 0
4909 0
4514 0
3422 0
1046 1
3861 0
8256 1
6170 1
7405 1
2063 1
6246 0
8961 0
9323 0
2672 0
9937 1
5730 0
3064 1
4451 0
3064 0
3064 1
6889 0
9824 0
4883 1
3290 0
8091 0
3064 0
2861 0
1531 1
4809 0
4257 1
1110 0
3064 1
5764 1
9647 1
9289 1
3064 0
6945 0
8806 1
6690 0
3064 1
3064 1
5405 0
6080 0
6665 1
3064 0
9509 1
3064 0
7976 0
6169 0
1616 1
5834 1
4274 0
6032 0
8464 0
5129 1
5152 0
7481 0
9702 0
6221 1
1546 1
3064 1
4079 1
1053 1
1629 0
7044 1
7765 1
3441 1
3064 1
2215 0
3064 0
4137 0
8442 1
3064 1
2182 1
7412 0
2106 0
4634 0
3064 1
5903 0
1662 1
2022 1
5159 1
9953 0
3064 1
3064 0
6682 1
2821 1
3112 1
3136 1
3064 0
6477 0
3064 0
3064 1
2235 0
8541 0
7368 0
6178 0
3064 0
2305 1
5309 0
9626 1
7769 0
3601 1
7262 0
3064 0
3064 1
3064 1
2454 0
6567 0
3064 1
7251 1
9912 0
3064 1
1401 1
1354 0
7616 0
3064 0
9101 0
3064 1
5700 0
3064 0
7305 1
4612 0
9455 0
8224 0
7031 0
8246 1
7810 1
6912 0
6623 1
3121 1
8952 0
3064 0
3064 0
3064 1
3064 1
3064 0
3547 1
1793 0
3064 0
9418 0
2545 1
3064 1
3064 1
4268 1
3654 0
3386 1
9641 1
2747 0
3064 1
3064 0
9640 1
3064 0
4289 1
3660 1
2950 0
3064 0
2420 0
3600 1
1295 0
7890 0
8926 0
3064 0
2168 0
5457 1
3064 0
3064 1
3064 0
8313 1
6835 0
5456 0
8714 0
5036 1
7242 1
2360 0
6646 1
8770 1
4319 0
3697 1
4495 0
5245 1
3642 1
8930 0
3064 1
6991 1
7023 0
8865 1
6176 0
7260 1
3064 1
3064 1
4058 0
1463 0
6504 0
4632 0
7976 1
4999 1
3064 0
5800 1
3064 1
9506 1
5078 0
5488 0
3064 0
3064 0
3064 1
3441 1
1417 0
2768 1
2985 0
5730 0
3087 0
3064 0
5622 1
5312 1
6676 0
8645 1
3064 0
8045 0
7166 0
3064 1
3064 0
2862 1
3064 1
1479 1
4598 0
3018 1
1888 1
3447 1
1080 1
3064 0
4598 1
3514 1
5377 1
4396 0
4649 0
1626 1
6629 1
9468 1
3584 1
2097 1
3064 0
4875 0
3064 1
6813 0
3064 1
8027 1
3064 0
3496 1
2493 0
1014 0
4477 0
3064 1
3096 1
1054 1
4075 1
7535 0
2914 1
3064 0
2328 1
3821 1
3064 0
9319 1
2991 0
3064 1
8142 1
2173 0
7874 1
3064 1
8954 1
3064 0
6070 1
3813 1
4633 0
3064 0
7391 0
4932 0
4281 1
8603 1
6460 1
2766 0
2006 0
7408 1
1553 0
7722 0
3064 1
1031 0
4023 1
8189 1
1228 0
1949 1
9184 0
6260 0
2351 1
3997 1
3215 1
3064 1
3816 1
7092 0
9083 1
9245 0
1004 1
5540 1
7276 0
3064 1
3253 0
3064 0
3064 1
3954 1
3064 0
3147 1
3064 0
8461 1
3064 1
1261 0
4462 0
3064 0
3064 1
7376 0
6020 1
6327 0
7615 0
3064 1
8305 0
3064 0
1921 0
8631 0
3618 0
9278 1
6654 1
9027 0
5354 1
3064 1
7940 0
6245 0
8875 0
6692 1
3064 0
3064 0
3064 1
3064 1
2995 1
8374 1
3728 0
9401 1
5206 1
1056 0
2977 1
2228 0
8625 0
4236 1
3064 0
3165 1
3064 1
1936 1
3064 1
2006 1
2781 0
3064 0
4600 1
9036 0
1534 1
2021 0
1855 1
9063 0
3064 1
3064 0
1567 0
3064 1
3064 0
5612 1
7092 1
1946 1
3064 0
3064 1
9757 1
3675 0
9184 0
5872 1
9919 1
6747 0
8711 1
5803 0
4102 0
6466 0
3064 0
6341 1
8409 1
5181 1
3346 0
7448 0
3064 0
3064 1
1881 1
3064 1
7352 0
5580 0
3566 1
3064 0
3064 0
5562 1
7908 0
3064 0
3064 0
9780 0
3064 1
3444 1
3064 0
5259 0
5242 1
3064 0
6524 0
3064 0
3064 0
7248 0
6724 1
6505 1
4518 0
7231 0
3182 1
1059 1
3555 1
3064 0
4185 0
9333 1
4669 1
9578 1
4563 1
9875 1
4923 1
3064 0
5339 1
5247 1
1679 1
5549 1
3119 1
5096 1
9387 1
5312 1
1667 0
8304 0
3064 1
7736 0
8299 0
3064 0
3064 1
8360 0
3064 1
3064 1
3064 1
2155 1
5550 0
3868 0
3064 0
5542 0
2055 1
3064 1
7525 1
3237 1
4622 0
5962 1
3064 0
2500 0
3554 0
1534 0
3064 1
6686 0
3064 1
3064 0
3064 1
4969 0
5943 0
8257 0
2727 1
8099 0
9987 0
3064 0
3064 1
9199 1
4406 1
6138 0
3064 1
7277 0
6560 1
4231 1
9755 0
6184 0
3148 0
5189 1
4363 0
5268 0
1543 0
3064 0
3818 1
4477 1
1568 1
8407 0
3585 0
3463 0
3064 0
5939 0
3064 1
3064 1
3406 1
1857 1
3064 0
3064 1
1789 0
3064 0
3698 1
6381 0
7957 0
3064 0
3064 0
1613 1
1371 0
3064 1
1500 1
4069 0
2706 1
9099 1
6950 0
5769 1
6321 1
2721 1
4278 1
8760 1
6281 0
1374 1
8905 1
3983 0
4547 0
9354 1
3064 0
1173 0
1286 1
8957 1
4029 1
2249 0
9890 1
1238 0
7036 0
3064 1
3064 1
4432 1
1958 1
3064 0
9058 0
6063 1
3064 0
3064 0
6426 0
6664 0
1053 0
7190 0
9196 1
7097 1
5262 1
3064 0
9897 1
3064 0
2060 0
3064 1
3064 1
2038 0
3064 0
7746 1
4295 0
1392 1
3064 0
4136 0
3064 1
4160 1
2573 0
3064 0
9325 1
8237 0
6484 0
6221 1
8619 0
2851 0
3064 1
4600 1
7760 0
3064 1
8156 1
7482 1
3071 1
8556 1
3064 1
3882 1
6208 0
8524 0
3124 1
9884 1
3064 0
3064 0
7589 0
3064 1
4165 0
8573 0
8846 1
3064 1
1273 0
8917 1
7638 0
2539 0
8275 1
3216 1
2771 1
9576 1
3064 0
2498 1
7931 0
3919 1
6758 0
8861 0
2435 1
3064 0
6097 0
3064 0
8031 0
1683 1
9533 0
7464 1
7735 0
1846 1
7059 1
3064 0
5916 1
2013 1
6234 0
3064 0
3855 1
3388 0
7204 1
2291 1
3137 0
6548 1
5043 0
6176 1
1965 0
3257 0
3064 1
1947 0
7615 1
8434 0
3064 0
5210 0
1758 0
3064 1
3064 0
8225 1
3331 1
3064 1
3303 0
4145 1
8675 0
3064 1
3064 0
8734 1
6845 1
8998 1
4680 0
3064 0
2363 0
8374 1
3064 1
4375 1
5827 1
9351 0
5438 1
2283 0
3064 1
1827 1
6999 0
3064 1
1258 1
3064 0
5955 1
1365 0
9012 1
7210 1
5805 0
9565 0
7744 1
2096 1
6811 0
3064 0
7030 1
1719 0
7587 1
1158 0
8168 0
4812 0
3064 0
8852 0
9948 1
4111 1
1364 1
4391 0
3064 1
3064 1
9751 0
9136 0
3064 0
2496 0
4936 1
9185 1
3064 1
1992 0
7369 0
2840 0
6768 0
6519 0
3064 1
6604 0
3064 0
3064 1
3064 1
3064 0
7337 1
5681 1
9402 1
2242 0
3064 1
7451 0
8243 0
3064 1
3064 0
4696 0
3064 0
3022 1
8897 1
3064 0
5431 0
4025 0
2036 0
3064 1
5875 1
7074 1
1078 1
3064 0
5379 0
3064 0
9877 1
7523 0
8604 1
8786 0
6418 1
8646 0
3072 1
3064 0
2064 0
3064 1
3064 0
1317 0
3611 1
1882 0
5020 0
6893 0
6273 0
2674 1
2370 1
9787 0
6230 0
2104 0
7733 1
1604 1
7391 1
5481 1
6795 0
7140 0
5255 1
8868 0
8573 0
6822 1
4550 0
4575 1
9206 0
8229 1
4414 0
3064 0
3916 1
9003 0
4877 0
5982 1
5543 0
9189 0
7088 0
3064 0
6249 0
7016 0
2424 1
9412 1
1010 1
3064 0
