8229 3670
8215 0
2229 1
4490 0
3670 1
7380 1
3670 0
3670 1
3292 0
3279 0
7713 0
1334 0
3670 1
6579 0
6594 0
1672 0
5367 0
2319 0
1247 1
6377 1
8869 0
5657 0
3670 1
5764 1
3670 0
8050 1
8723 1
3670 0
3670 1
7718 1
3670 0
5737 1
4606 0
6615 0
1289 1
5898 1
8968 0
3670 1
4383 1
9087 1
3670 0
2461 0
3670 0
8228 1
9526 0
3670 0
4583 1
5059 0
6233 0
9834 1
1173 1
9625 1
3670 0
7088 1
3670 0
8974 0
4538 1
3670 1
9995 0
6275 1
1248 1
4506 0
3670 0
3421 0
3670 0
3670 1
8277 1
3119 0
9078 0
3670 0
9505 0
3670 0
3670 0
6862 1
9338 1
3670 0
9693 0
2870 1
3670 0
2556 0
1634 0
4495 1
9381 0
6906 0
3768 1
9458 0
8570 1
5765 1
4946 1
3670 1
5232 0
3670 0
3670 1
3631 0
7781 0
1208 0
6686 1
3670 1
1305 0
3670 0
8055 0
6848 1
7634 1
3670 1
3670 0
4121 1
6963 1
3670 0
3454 1
5123 0
3670 0
5847 0
7399 1
7672 1
3670 0
3670 1
4018 0
3157 1
9563 1
8630 0
3670 1
2238 1
6037 0
5243 1
1297 0
7690 0
9173 0
3670 1
3670 0
2651 1
7204 1
5104 0
3694 1
6084 0
1327 1
7977 1
5667 1
2192 0
3670 0
3670 0
9559 1
6763 0
8219 0
3670 1
9349 1
2981 1
1875 0
3670 0
3128 0
6660 0
7216 0
4127 1
9890 1
3670 1
4052 0
3670 1
3670 0
5457 1
1815 1
9192 1
8761 1
8959 1
3670 1
3670 1
4418 0
6231 1
6310 0
7090 0
8899 1
9714 0
3670 0
3670 0
3529 1
3931 1
3670 1
9539 0
4639 1
9142 1
7047 1
6687 0
3670 0
3354 0
3670 0
4160 0
3670 0
6549 0
9376 0
3670 0
3070 1
6545 0
7111 1
3927 1
6810 1
8598 0
9110 0
9953 1
6111 1
3670 1
7136 0
3670 1
3089 1
6552 0
6832 1
3642 0
3670 0
3670 0
8900 0
3670 1
3670 1
7284 1
4420 1
6097 1
3670 0
8969 0
5801 1
5795 1
4387 0
8442 0
3450 0
7274 1
9259 0
9798 1
4724 1
5970 0
9456 1
3670 1
1570 0
5424 0
3670 0
3527 0
7153 1
3670 0
2446 0
9394 0
3670 1
9306 1
5406 1
3670 0
8534 0
8367 1
3670 0
5516 1
6752 1
6573 0
5308 0
3670 0
7265 0
6330 0
7542 1
3428 1
8147 0
4941 0
1309 1
3624 0
7386 0
7894 0
6914 1
4148 1
1590 1
8810 1
6935 1
6848 0
4925 1
6107 0
3862 0
3277 1
9712 1
3670 1
3911 1
5848 0
3670 0
9475 1
6323 1
7600 1
3670 1
4660 1
1775 0
3670 1
1231 1
3670 1
1407 1
2254 1
3651 0
3670 1
5850 0
4851 1
1592 1
3670 1
3670 1
3670 1
3987 1
7358 0
8107 1
5044 1
5160 1
7951 1
8343 0
3670 0
3670 1
5612 0
8368 1
2355 0
3670 0
3693 1
3670 0
4655 0
7514 1
8872 1
5080 1
8233 1
1197 1
8565 0
7272 1
5986 1
3670 0
1500 0
3670 1
3670 1
3670 0
8389 1
5299 0
3670 0
3670 1
3511 0
8973 1
3670 1
7374 1
6875 0
4736 1
3670 1
8186 0
9058 1
3670 0
6002 0
3049 1
5154 0
8491 0
3217 1
3670 0
7347 0
7039 1
5226 1
1636 1
2736 1
3921 0
7616 0
3670 1
1455 1
1024 0
6469 0
6649 0
8589 0
3886 1
8869 0
5802 1
3670 1
8829 1
6466 1
7515 1
2887 1
1995 0
3670 0
3961 0
4200 0
9421 0
5224 0
4667 1
4484 1
3670 1
3335 0
2575 1
3570 0
3000 1
3670 1
7732 1
4505 1
3670 1
6702 0
3408 1
8229 0
7916 1
6843 0
3670 0
3670 1
3468 1
3014 1
3581 0
3670 0
2553 0
8952 0
5695 1
6658 0
7745 1
7677 1
8180 0
5863 1
3670 0
9709 1
3171 1
8687 1
3670 0
3171 1
8829 1
3926 1
1604 0
8784 0
2000 0
5982 0
3589 0
3670 0
4072 0
1684 1
3670 1
5626 1
3670 0
4239 0
1797 1
3468 1
2268 1
9777 1
5161 1
8233 1
3670 1
6456 1
3670 0
3670 0
8022 0
5820 1
3670 1
8841 0
4821 1
3390 0
3670 1
5213 1
4131 1
8554 0
9374 0
7396 0
3670 0
9545 0
8386 0
3207 0
2949 0
6515 1
3870 0
6843 0
8405 0
9532 1
7110 1
8290 0
3670 1
9106 1
7236 0
3670 1
5763 0
5985 1
9180 1
7586 1
3670 0
2926 0
7956 0
3216 1
8674 1
5911 1
3446 1
9538 1
7755 0
3670 0
3094 1
6564 1
3670 0
1508 1
3724 0
8750 1
4661 1
4459 0
1350 1
8105 1
3226 1
6669 1
8543 1
8654 1
3670 1
4769 1
9600 0
7721 1
3511 1
3670 0
6338 0
5916 1
2585 0
7480 1
3670 0
8861 1
3630 0
9582 1
4656 0
3670 1
4072 0
9410 0
5326 1
3670 0
2735 0
3670 0
5410 1
3670 1
1355 1
9088 1
1156 1
4140 1
4945 0
2932 0
9608 0
2344 1
1708 0
6285 0
3670 0
4745 1
3828 1
3670 1
3670 0
9181 1
7766 1
8492 0
3223 0
7546 0
7279 1
7251 1
1996 0
2177 1
8928 1
2027 0
3670 0
7057 0
2495 0
5629 1
9471 0
6950 1
5273 0
8582 1
4025 1
5569 0
6293 0
2136 1
5470 1
2028 0
3670 1
2038 0
3670 0
3962 0
2544 1
3670 1
4008 0
2179 0
7234 0
6116 0
3465 0
5426 0
3670 0
3670 0
3670 1
3189 1
7688 1
3670 1
7666 0
3670 0
6483 0
8951 1
2416 1
4194 1
7011 1
3670 1
1202 0
8457 1
2281 0
6299 1
1454 0
3670 0
6447 1
3670 0
7935 0
7087 1
3670 1
9381 1
2663 0
9006 1
4419 1
8081 1
2929 1
8377 1
9945 0
3670 1
2251 1
3886 0
3076 1
9722 0
6002 1
3670 1
2485 0
4415 1
3670 0
3429 1
1242 0
2493 1
2732 1
4808 1
1882 1
4236 0
8169 1
3670 1
3670 1
5317 1
5098 0
3670 0
8037 0
2332 0
3887 0
2717 0
6827 1
5342 0
5343 0
6110 1
3670 0
8695 0
1387 1
1925 0
3670 1
3670 1
1429 0
6495 0
6709 0
6872 1
6151 0
3670 0
2567 1
3670 1
3904 1
3670 0
8711 0
3670 1
9785 1
3677 0
1911 1
4489 1
9529 1
4239 0
2971 0
3670 1
9636 1
8347 1
2036 0
7719 0
3670 1
8992 1
9833 0
9362 1
9953 0
9276 0
2504 1
6881 1
3670 1
5613 1
9684 0
2982 1
1767 0
3670 1
7566 0
7519 0
6796 0
3670 0
2345 1
5922 0
1535 0
7571 0
3670 1
4316 0
5168 1
2735 0
6606 0
3670 0
4293 0
5638 0
1560 0
8447 0
3670 1
6188 0
3670 0
7183 1
3670 0
3670 0
6718 1
9121 0
3670 1
3670 1
2717 1
5340 1
8232 0
4421 0
1277 1
3670 0
3670 0
5758 1
1967 1
5325 1
1798 0
3515 0
7856 1
3440 1
4213 1
4491 1
3670 1
8914 0
2728 1
2285 1
2934 0
3670 1
6776 1
3670 0
3618 0
4788 0
4644 1
9368 0
3670 0
7482 0
8267 1
1729 0
2342 1
3670 0
3670 1
5762 1
9921 1
3670 1
3349 1
1328 1
3922 1
3670 0
7136 0
3670 0
5486 1
3670 0
6413 0
7752 0
1231 1
4707 0
7550 0
3670 0
2759 1
7822 1
8318 1
1156 0
1112 1
3670 0
2612 0
3670 1
3649 0
4652 1
3670 0
9289 1
7424 1
6988 1
1391 1
3670 0
8381 0
8551 0
3670 1
2307 1
3670 1
5213 0
8046 1
3670 1
3670 0
3670 0
8775 1
3783 1
3670 1
3302 0
1586 0
2893 1
5491 0
3213 1
6576 1
1012 1
5140 1
3307 0
9312 0
2663 0
5620 0
3083 0
3670 1
6610 1
1937 1
9109 0
9378 1
9317 0
4005 0
5578 1
4156 0
5969 0
4379 0
3670 0
4525 0
3670 0
3670 1
6787 0
9983 1
3838 1
3357 1
4540 1
1344 0
9230 1
5070 1
8595 1
8991 0
3670 1
5020 1
5334 0
3670 1
1238 0
3670 0
7427 0
4554 1
9290 1
2892 1
3670 1
9688 0
3670 0
3670 1
1382 1
3739 1
2345 0
4061 1
4855 0
8106 0
8447 0
1920 0
3670 0
3670 0
3670 0
3091 1
5058 0
7263 0
1598 1
9056 0
8219 0
9510 0
3670 1
8796 1
2896 1
2044 0
1575 1
3670 0
6791 0
7389 1
3670 0
9280 1
9879 1
9251 1
5399 0
3670 1
9619 0
5089 1
4617 1
7760 1
5149 0
7947 1
6317 1
4196 0
6247 0
3670 0
3670 0
3670 1
3670 0
3670 1
3670 1
5862 1
3670 0
8487 0
9040 0
1663 1
3498 0
8254 1
7602 1
1273 1
5385 0
4114 1
9603 0
7593 1
3670 1
1936 0
7445 0
8160 1
5831 0
4106 1
1325 0
3811 0
4327 0
3670 1
6097 0
5981 1
7119 0
7413 1
9462 0
2112 1
3670 1
7341 0
7505 0
8184 0
2391 0
1317 0
6650 0
1055 1
2380 1
2529 1
2806 0
3486 1
8952 0
4320 0
1895 1
4568 0
9574 1
2700 0
5943 0
2296 1
3466 0
8924 0
8427 0
8971 0
3670 0
8465 0
6264 1
9713 1
7921 0
3670 1
3670 0
7897 1
7595 1
1342 0
7291 1
5627 0
3670 1
3670 0
7337 1
7262 0
3112 0
3670 0
9479 0
3670 0
3043 1
1337 1
1251 1
4867 1
2151 1
3670 0
2054 1
9101 1
3670 1
3670 1
8802 1
7667 0
9522 1
8668 0
9794 1
3670 1
9375 1
6558 1
4542 0
8450 0
9351 1
4484 0
8012 1
3670 1
9245 0
9039 1
1405 0
7402 1
3670 0
8886 0
7336 0
3670 1
8839 1
3542 1
4118 1
9715 1
6107 0
3670 0
3670 0
8159 0
3670 0
2031 1
8151 1
6571 0
3670 1
3670 0
3670 1
9411 0
3670 1
6092 1
2109 1
3670 0
6040 1
7071 0
3670 1
3493 0
1213 1
4525 1
8954 1
6198 0
8643 1
9752 0
6372 1
2429 0
6789 0
6960 1
7078 0
7036 0
4657 0
8656 1
6141 0
8976 0
3130 0
4973 0
7592 1
2785 0
3670 1
3431 1
2067 1
6009 0
6150 1
2286 1
7174 1
5787 1
5829 0
2660 0
2804 0
6378 1
6988 0
3670 1
4599 1
3670 0
3670 1
3670 1
5267 0
3670 0
4933 1
3946 1
3102 1
3670 1
7823 1
1048 1
1999 0
3793 0
5001 1
9269 1
8915 1
3670 0
8990 1
8445 1
4278 0
9803 1
4936 1
9008 1
6788 0
3670 1
7341 1
3609 0
5921 1
3670 1
4757 0
5387 0
2543 1
6479 0
2840 1
5980 1
6058 0
3670 1
5809 1
8083 0
3670 0
3670 1
8437 1
3670 1
3670 1
3419 0
2611 1
7592 1
3670 0
5540 1
3670 0
5404 1
3670 0
2957 1
1394 0
3991 0
3670 0
8084 1
7938 0
5261 0
9220 0
5740 0
3670 0
6461 0
8418 0
8812 0
3670 0
4301 0
2385 1
6675 1
3670 0
1847 0
4230 1
6538 1
3670 1
9814 1
3670 0
6372 0
8031 1
3670 0
5936 1
2561 1
3489 0
1611 0
3670 1
9862 1
7760 0
3670 0
3670 0
3670 0
3670 0
2072 0
4360 1
3274 0
5763 1
3726 1
1059 0
3670 1
4568 1
6988 1
5781 1
6309 1
7245 0
9593 0
3670 1
1511 0
3670 1
3279 0
2735 1
6304 0
3670 0
9989 1
1678 0
3670 0
3670 1
2277 1
3904 1
8101 0
6983 1
7205 0
3670 1
6114 1
6110 1
3670 1
9363 1
2047 0
3324 1
6228 1
3670 1
1662 0
3670 1
3762 1
9969 1
3670 0
3609 0
3670 1
2480 0
6140 0
7150 1
2363 0
3670 0
3670 1
3670 1
8086 0
3670 1
2368 1
2330 0
3670 1
8952 1
5092 1
3670 0
1587 1
3032 1
2141 1
5120 0
3504 1
2224 1
3554 1
7797 0
6049 0
8614 1
6869 0
7658 0
3700 1
7067 1
4448 1
5648 0
7579 0
3670 0
7590 1
5215 0
2664 0
4404 0
8177 1
4090 1
3670 0
3670 1
2802 1
3619 0
3670 1
7614 1
2481 0
2314 0
5369 1
3670 1
5999 0
3670 0
9604 0
3618 0
7745 1
6541 0
1507 0
3670 0
6367 1
5141 0
3670 1
7630 0
3670 0
6341 1
2303 1
3670 0
6945 1
3670 0
7479 0
6820 0
4827 1
7203 1
3670 1
6973 1
5038 0
3303 1
7275 1
3670 1
3824 1
3670 0
3994 0
7543 1
6234 0
3670 1
6876 0
3670 0
5916 1
4587 1
3804 1
3670 0
5834 0
3670 0
2337 0
4612 0
9873 1
4101 1
4703 1
5394 1
6211 0
6528 0
3670 0
2839 0
8019 0
1743 1
9702 1
3670 1
3670 1
8833 0
3670 1
4261 1
8195 1
1943 1
3670 0
8212 1
3419 0
2258 1
7645 1
2805 0
3670 1
3670 0
6666 0
9803 1
3116 1
6156 1
3670 1
1394 0
2344 0
2995 0
5254 1
8298 0
7855 1
1673 0
6390 1
3051 1
4345 1
3670 0
2008 1
1110 1
9506 0
3670 0
2570 0
3670 1
1087 0
2609 1
6247 0
3394 1
7614 1
5974 0
6085 1
2943 1
7355 0
8312 0
8579 1
9877 0
4564 0
5994 0
3670 0
2294 1
2918 1
7960 0
4763 1
4938 0
3480 1
8462 1
6052 1
6242 0
6179 1
3730 1
3607 1
8570 1
6476 1
1737 1
4311 1
2816 1
1198 0
9497 0
3670 1
8247 0
5064 1
3799 1
9495 1
4658 0
3759 0
5340 1
5384 1
3670 0
3670 1
6644 0
3670 1
1103 1
2366 1
2199 0
7508 0
1907 1
8616 1
8142 1
5218 1
8143 0
3212 0
2777 1
3235 0
1441 1
6433 0
5727 1
9945 1
4216 1
6622 1
3670 0
9086 1
9096 0
3670 0
3670 1
9453 1
2444 0
1399 1
3670 1
5884 0
2145 1
3670 1
3670 0
3670 0
3670 1
6458 1
6226 0
3031 1
3670 1
6822 0
8290 1
3670 0
1918 0
1262 1
8907 1
6175 0
2633 1
5211 1
4594 1
8069 0
9295 1
9598 1
9071 0
4608 0
5733 1
3670 1
3670 0
9153 1
1716 0
5310 1
3670 1
3670 1
5209 1
3670 0
5048 0
8656 1
3670 0
3668 1
2328 0
3670 1
6113 1
1423 1
1155 1
6533 0
2510 0
6558 1
5214 0
3308 0
6639 1
8890 0
6723 1
3670 0
2385 0
8590 1
7356 1
2589 0
8112 0
4660 0
6282 0
4148 0
6410 1
2137 1
7287 1
9945 1
9136 0
7189 1
1800 1
9625 1
8111 1
9589 1
7308 1
3670 1
2340 1
2217 0
9684 1
9212 0
3670 1
3670 0
2281 1
7389 1
9296 0
8390 0
3670 0
4054 0
8616 1
6771 0
1414 0
8598 0
1230 0
8840 0
2913 1
3670 1
2726 1
1316 1
3670 1
1612 0
4736 0
3670 0
7037 1
8702 1
9001 1
4040 0
3670 0
5694 0
4635 1
3670 1
6523 0
3670 1
3670 1
9834 0
9935 1
1267 0
6790 0
5227 0
2942 0
8907 0
9548 1
3423 1
1148 1
9865 0
3670 0
6291 0
3670 0
3670 1
1443 0
3670 1
3670 1
2664 1
2212 0
4635 0
3670 1
1595 0
2939 1
8231 1
2567 1
6777 1
3670 1
2381 0
4045 1
2609 0
6244 0
4731 1
5731 1
9704 0
3670 1
1951 1
7728 0
3177 0
5456 1
3670 1
3670 1
2842 1
4108 0
8618 0
3670 1
3670 0
5872 1
1679 1
3277 0
9689 1
3324 0
8692 1
7886 1
1994 1
6964 1
3031 0
7482 0
3670 0
9098 0
3670 0
6393 1
8717 1
3670 1
1495 1
3389 1
2886 0
5939 1
5632 0
4736 0
3670 0
8144 0
1889 0
9606 1
1719 0
9718 0
7063 0
1373 1
3670 1
3670 0
2277 0
7421 1
5565 1
6454 1
3412 1
4131 1
1201 0
4616 0
2342 1
5409 1
3356 0
4363 1
2798 0
4685 0
2519 0
3670 0
8636 1
8212 1
7822 0
3670 1
8701 0
2057 0
5421 1
3670 1
5766 0
6326 0
6326 0
4962 0
3670 0
4258 0
1199 1
8900 1
3670 0
1222 1
9994 0
5761 0
2087 0
7413 1
2376 1
4550 0
3670 1
4487 0
3670 1
1664 1
1886 0
1880 0
3993 1
3670 0
1343 0
8009 0
4334 0
7622 1
3670 1
8860 1
3670 0
8235 0
3769 1
2091 0
8799 1
9142 1
3670 1
2286 0
8572 0
5792 0
2005 1
7881 1
2996 0
3670 1
1803 1
3670 0
3670 0
3670 1
6952 0
2142 0
3954 1
4228 0
7999 1
3670 1
6656 1
1999 1
2682 0
3670 1
3257 0
6561 1
5055 1
5361 0
8590 0
6589 1
9962 0
9036 0
9331 0
2307 1
3670 0
2154 1
6229 0
8130 1
6790 0
9492 0
4887 1
5270 1
1352 1
6640 0
3670 1
3670 0
8615 0
2196 0
3670 1
4124 1
3670 1
1926 0
3703 0
2248 1
2264 0
3670 0
8257 1
3053 0
8115 0
4204 1
4680 1
1781 1
4802 0
3670 0
3670 1
6423 1
3670 1
4625 1
7316 0
5334 1
8263 1
8942 1
6233 1
1802 1
6427 1
3300 0
7789 0
7710 1
3173 0
5495 0
9522 1
3670 1
8937 0
9028 1
1273 0
6222 1
1695 1
9463 1
3670 1
3670 1
6625 1
5328 1
2308 0
3670 1
7116 0
3670 0
9150 1
8311 0
4054 0
3670 0
6193 0
3670 0
8461 1
9276 0
6729 0
1434 0
1582 0
7084 1
2747 1
3670 1
9388 1
3670 0
3992 0
3670 1
5018 1
3670 0
7726 1
3670 1
9530 1
6614 1
8361 0
1515 0
9992 0
8790 0
9886 1
3670 0
3670 0
3670 1
7340 1
2629 0
3327 0
8908 0
7893 1
3670 0
4394 0
3670 0
3670 0
5924 1
3670 0
5175 0
9358 0
3670 0
4043 1
2951 1
7196 0
3670 1
1730 1
5959 1
3670 0
9175 0
4570 1
3658 0
4374 0
3670 0
3629 1
3670 1
2032 1
8342 1
2047 0
3683 1
3670 0
7461 1
6876 1
3738 1
2174 1
4804 1
4513 1
3670 0
3670 0
5542 1
3670 1
1981 1
4364 0
3670 1
2859 0
3670 1
3670 1
3670 1
6025 0
3670 0
9586 0
3670 1
3374 1
9451 0
3670 0
4982 1
7077 0
5557 1
2564 0
3670 1
9146 1
9485 1
3169 1
2895 0
3670 0
8265 1
3247 0
3670 0
4949 0
3286 0
5042 0
4189 1
1026 1
3670 1
3670 1
3244 1
9573 0
4939 0
8088 0
9389 0
2676 1
4070 1
3670 1
2298 1
8534 1
9503 0
3620 1
5003 0
5985 0
6291 1
3670 0
2140 1
5211 0
3670 0
3574 0
3670 0
3109 1
6879 1
1223 0
5858 1
8581 1
3670 1
7551 0
7594 1
8870 1
3670 0
8764 0
3670 0
8357 1
4864 0
9182 0
4599 1
3670 0
1447 1
9425 1
3670 1
3670 1
9236 1
3670 1
3074 0
4531 1
3564 1
7454 0
7278 0
5147 1
2202 0
6358 1
6381 0
3670 0
3670 1
3670 0
7721 0
9082 0
6977 0
3670 0
8314 1
9715 1
1541 1
9270 0
6730 0
8039 1
2421 1
3670 1
3670 0
7790 0
2502 0
3670 0
3670 0
4593 1
3670 0
4046 1
9776 1
5167 1
6589 0
9628 0
3670 0
3920 0
3670 0
3670 0
3670 0
5610 0
5488 1
9203 1
1839 0
8380 1
4228 1
4708 1
3670 0
2660 0
6029 0
3823 1
3670 1
3670 0
3925 0
8050 1
4695 1
6929 1
6144 1
8504 1
3670 1
1390 0
1912 1
4396 1
8720 1
3248 1
4967 1
2418 0
3097 1
4836 0
8553 1
3670 0
3134 1
8503 1
2588 1
6592 0
3670 1
9603 0
2022 0
1471 1
3670 0
3670 1
8869 1
7172 1
1091 0
7406 1
3670 1
4889 1
3670 1
6052 0
4630 1
8558 1
9514 0
3670 1
7338 1
7565 0
8920 0
3670 1
8857 0
5637 1
3670 1
4715 1
7593 1
9484 1
3670 0
8138 0
3392 1
6807 0
8323 1
7180 1
3670 1
3670 0
9907 1
2769 0
2827 0
9016 0
4506 0
6898 0
1058 0
8381 1
2914 0
2083 0
1942 1
9824 0
6287 0
8846 0
9532 0
2307 0
3670 1
3670 0
2074 1
3988 1
5071 1
3670 1
7638 1
3670 1
9410 0
5288 1
4672 1
7307 1
3670 1
9855 1
3670 0
7327 1
4632 0
6850 0
3670 1
8981 1
1008 0
5272 0
3670 0
3686 0
5637 0
4314 0
3670 1
9865 0
9771 0
6571 1
2904 1
2913 1
3670 1
5068 1
5106 0
3670 0
3670 0
3852 0
9651 1
1947 1
3785 0
2818 1
2651 0
9083 1
1504 0
5610 0
5354 0
3670 0
1503 0
4998 1
2969 1
6512 1
3670 1
9344 1
5779 0
3670 1
3670 0
9435 0
3670 1
3670 1
3670 1
5946 0
8035 1
3909 1
1601 0
7297 1
9429 1
3064 0
7662 1
4967 0
7036 0
4329 0
3227 1
6997 0
6188 0
1795 1
1466 0
3670 0
2426 1
2507 1
5957 1
7916 0
5820 0
8112 1
3670 0
7761 0
5908 0
6374 0
3596 1
2532 1
5817 1
6608 0
4916 1
3670 0
8032 1
8696 1
3670 1
9868 1
3670 0
4073 1
2736 1
6610 0
9090 0
6837 0
9405 1
7437 0
3670 0
1072 1
9940 0
3535 1
8726 0
6449 0
8989 0
3670 1
3769 1
3670 1
1902 0
7014 0
3670 1
4537 1
6255 0
2046 0
3277 1
3767 0
3670 1
2941 1
7578 0
8480 0
2846 1
6285 0
3670 1
3670 1
1339 1
3670 0
9661 0
9740 0
2659 0
9484 0
2088 0
1550 0
3373 0
2382 1
3997 0
3670 1
3670 0
2234 1
3670 0
2878 1
5865 0
2904 0
3664 0
3670 0
5020 1
3670 1
3670 1
8760 0
7603 0
3670 0
3926 1
1263 1
7085 0
4995 0
9808 0
7994 0
4914 1
4831 0
2464 0
2750 0
5453 0
7387 0
3670 0
3624 1
8126 1
4596 1
7734 0
3313 0
3670 0
3324 0
5075 1
6880 1
1619 1
3157 1
1751 0
9064 1
2043 0
3595 1
9562 1
3670 1
3670 1
8007 0
4887 1
5507 1
7664 0
8415 0
4831 1
5874 1
5822 0
5384 1
2439 1
6764 0
9208 0
8610 1
1536 1
9665 1
4124 0
3670 1
4379 0
5233 1
9342 0
3680 1
2376 1
2312 1
4107 0
3567 1
7794 0
6852 0
8137 1
5244 0
3670 1
1019 1
1860 0
7019 0
9429 1
8167 0
3670 1
2374 1
3670 1
3670 0
3670 1
2665 0
3670 0
7671 0
5883 0
9254 0
8683 0
6851 0
5094 1
9943 1
1967 1
8897 1
7965 1
4866 0
8632 1
5287 1
6201 1
1776 0
3670 1
3670 1
2867 0
3835 0
3670 0
1110 1
3670 1
4198 0
9887 1
5830 1
9457 0
9935 0
2859 1
3670 1
2999 0
3670 1
7469 1
9861 1
1411 1
1298 1
3480 0
2938 0
2873 1
4733 0
5812 0
9726 0
3670 0
6581 1
3670 0
9691 0
7341 1
9822 1
3670 0
9571 1
2248 0
4594 0
8939 0
3670 1
3670 1
6215 0
4116 1
1990 1
3670 0
6669 0
5363 1
3670 1
3670 1
3670 0
8998 0
5950 1
8673 0
4325 0
6021 1
5058 0
1269 1
8240 0
4548 0
5575 0
4485 0
1003 0
1557 0
7327 1
4566 0
2795 0
8456 1
6945 1
6834 0
9371 1
9151 0
3670 0
7846 1
5638 1
4108 0
3670 0
2323 1
3670 1
3670 1
9430 0
4740 1
1977 0
5348 0
6073 1
7356 1
3319 1
9199 0
7875 1
5006 1
3670 1
7594 1
4713 0
3744 0
6798 0
5051 0
5295 1
8646 1
4300 0
3670 1
8963 1
3670 0
9590 1
1656 1
4400 1
3670 0
5290 0
6149 1
6679 1
6409 0
4013 1
3670 0
3670 0
4675 1
3670 1
6960 0
4511 0
6137 0
2304 0
3670 0
7184 1
3670 0
5218 1
4546 0
4625 1
7154 0
4114 0
3670 1
7449 1
3670 1
1692 1
9136 1
3988 1
3670 0
4834 1
7809 0
7559 0
3670 0
5126 0
3670 0
6499 0
8974 1
3670 1
8838 1
3235 1
3670 0
3313 1
3395 1
3670 0
2725 0
5533 0
3143 1
3670 0
6841 1
5150 1
6447 0
3670 1
1916 0
7637 0
3670 1
3670 1
3386 1
3670 1
3670 1
7984 0
2177 1
3670 1
5504 1
4860 0
5776 1
3670 1
1088 1
1005 1
9022 1
5635 1
9971 1
2149 0
4828 0
6603 0
3670 0
8140 1
5258 0
9645 1
6082 0
8104 1
8853 0
3670 0
8721 0
3550 0
6505 0
1891 0
7028 0
3670 0
3670 1
2244 0
3670 0
3670 1
5985 1
8909 0
6289 0
9875 0
3670 1
3670 0
1003 0
3670 1
9953 1
3670 1
7620 1
2459 0
7966 1
5212 0
3670 1
4523 1
2428 0
3958 1
8259 0
8212 1
3670 1
3670 0
3670 1
3670 0
3938 1
8151 0
9644 1
3251 1
1523 1
3670 0
1899 1
9111 0
5872 1
7040 0
3370 0
3670 0
3670 1
3670 1
3899 0
6197 0
5772 1
5706 0
5768 0
8017 0
4779 1
2809 1
3670 0
9672 1
4383 1
8996 0
3670 0
9172 1
2231 0
6999 0
3670 0
3670 1
3670 1
5309 1
2791 0
8393 0
7462 1
4898 1
3670 0
2785 0
3901 1
4019 1
1660 1
9215 0
8408 0
5781 0
3670 1
5914 0
7164 1
2092 0
4796 1
3670 0
6831 1
3670 1
3670 0
9847 0
4795 1
3670 1
8409 0
3097 1
1064 0
5187 1
3670 0
2510 0
3670 1
8312 0
8723 1
7542 0
3670 1
2037 0
5040 0
7855 0
9115 1
8875 1
1385 0
3670 0
2704 0
3670 1
6992 1
7292 0
5682 1
3670 0
4331 0
5440 1
1375 0
3670 0
8532 0
4311 0
3670 0
1433 0
3335 0
9065 0
3670 1
7643 0
5433 1
3670 0
3670 0
3670 0
1705 1
3670 0
6664 0
7098 0
3670 1
8191 0
1816 0
3670 1
3670 1
3670 1
6720 1
8893 0
3670 0
5993 0
3670 1
6413 1
1701 0
3670 1
8312 1
8996 0
2940 1
8539 1
4419 0
1883 0
4228 1
3670 0
1893 1
2595 0
7840 1
4901 0
6773 1
8890 0
2432 1
6514 1
3670 1
2161 0
1751 0
3800 1
7742 1
1483 1
6723 0
3670 1
8234 1
3670 0
7745 1
3670 0
3670 1
5386 0
7314 0
5423 0
9967 1
3670 0
3748 0
3499 1
3670 0
9387 1
2920 1
6704 0
2090 0
3670 0
3670 0
1986 1
7910 0
3700 0
5186 1
7554 1
4293 0
6213 1
2917 1
3670 1
2596 1
1818 1
3670 0
5494 0
3670 0
9408 0
2678 1
1112 0
6159 0
3670 1
5718 1
3287 1
8885 0
3822 0
5668 0
1215 0
7299 1
8290 1
6223 0
6721 1
6488 1
6615 0
2858 0
1747 0
3670 0
3670 0
5471 0
2771 1
1061 1
3636 1
3670 1
3670 1
6513 0
9690 1
9104 1
2340 0
9244 0
4716 1
3839 0
3670 0
1882 1
9194 0
7410 0
9142 0
6361 1
5095 0
6361 0
2139 1
5852 0
7511 1
6908 1
3670 1
3670 0
3474 1
3670 0
3591 0
4486 1
6721 0
5552 1
5452 0
1838 1
3670 1
6313 1
2377 0
3670 1
9920 0
3670 1
6626 1
1013 0
7766 0
2565 0
3670 0
4521 0
1775 1
3670 0
3640 0
3670 1
3670 0
3747 0
7096 1
7166 0
9140 1
6567 1
3670 0
2078 0
7618 0
5535 0
2007 1
1300 0
5094 0
3816 1
5954 0
3139 1
6149 1
1032 0
3042 0
8896 1
8714 0
6120 0
3670 1
5886 0
9795 1
4265 0
6214 1
6368 1
2304 0
3670 0
7280 1
3670 0
9083 0
3670 1
9691 1
1702 0
5019 0
7828 0
6786 0
3128 0
1512 0
5144 1
7490 1
3308 1
1751 0
3670 0
3928 0
5786 1
3859 0
3670 1
8357 0
6221 0
7718 0
5208 1
4869 0
5620 0
2041 0
3670 1
3178 0
3389 1
3670 1
3670 1
7183 0
5194 0
7804 1
3670 1
3618 0
2964 0
2552 0
3754 0
4397 0
1269 1
2850 0
7005 1
3670 1
2868 0
3261 0
3670 0
5628 0
4533 0
7287 0
1684 0
8306 1
7508 1
4513 1
9743 0
9405 1
7370 1
2961 0
8867 1
9861 0
5710 0
6117 0
3670 0
8275 1
3670 0
9315 0
3670 1
4856 1
6149 0
4265 1
5930 0
5756 0
7095 0
6635 0
3670 0
9901 1
6568 1
3670 1
2052 0
4553 0
5170 0
1101 0
3209 1
9304 1
3670 1
1024 0
3670 1
8403 0
5599 1
4003 0
4909 0
9079 0
6532 1
8742 0
3670 0
2208 0
2233 0
8510 1
8708 1
1548 1
3670 0
3670 1
3670 0
3561 0
1722 0
6194 1
6641 1
3670 1
3670 0
4403 1
9463 0
1011 0
3670 1
1613 0
3670 0
7473 0
4707 1
9806 1
4466 1
9358 1
1113 0
3670 1
9344 0
4432 0
5045 0
3670 0
9129 0
3670 0
7433 1
4959 1
6128 1
3670 0
8466 0
6193 0
4930 0
1854 0
3510 0
8991 0
9179 1
3670 0
3670 1
7067 1
6675 1
3670 1
3670 0
8594 0
4793 1
2389 1
1305 1
3670 1
3670 0
3670 1
6577 0
9996 0
6671 1
8164 1
3203 0
2173 1
8348 0
3670 0
3441 0
3670 1
7936 0
1865 1
1861 1
3670 0
3670 1
3466 0
3670 0
1129 1
8478 1
1216 0
1630 0
3670 1
3670 1
4730 0
5591 1
9476 1
8877 1
1481 1
1611 0
6441 1
6657 1
3670 1
7517 0
9692 0
3670 0
2431 1
3670 1
3670 0
3670 0
3670 0
4322 1
9053 0
2543 1
7879 0
5396 1
3670 0
3708 0
2492 1
9751 0
3670 0
3488 0
6810 1
3216 1
4759 0
8990 0
3670 1
9965 1
1025 0
3670 1
4977 1
8465 1
8306 1
2468 0
3670 0
7885 1
3519 0
6616 1
6581 0
6606 0
5476 0
6745 1
2254 1
1269 0
5723 0
3670 0
3670 1
8587 1
5203 0
8136 1
2095 1
6571 1
9668 1
1922 0
8543 0
3670 0
8296 0
2656 1
7153 1
9824 1
1199 0
4316 0
3670 0
3224 1
1498 1
6393 1
9659 1
7915 0
3512 0
3670 1
3148 0
3347 1
3670 0
6476 0
6052 1
6550 0
9295 1
8954 0
4221 0
4085 0
9457 0
1301 1
9302 0
5509 0
8907 1
9234 1
2343 1
5967 1
6753 1
3711 0
5641 1
9719 1
4497 1
2291 1
9745 0
3670 0
9948 1
3670 1
4363 0
3670 1
3501 0
3670 0
1653 0
3670 0
3742 0
5033 1
2131 1
5277 0
9705 1
3234 0
2226 1
2079 1
1484 0
2824 1
5419 1
2509 0
4458 1
8684 1
7562 0
6003 0
9985 1
9650 0
1931 0
3865 0
3670 0
9013 1
3670 1
1719 1
6755 0
4318 0
6673 0
4010 1
1012 0
1943 0
2161 1
1657 0
6475 1
1454 0
6311 1
6054 1
2088 1
5534 1
3276 0
6733 1
8847 0
3397 0
3312 1
3670 1
5632 0
6996 0
9029 1
3670 0
5170 0
7446 0
4180 1
3670 1
3670 1
2592 1
4615 1
3670 0
3670 1
5688 1
4717 0
2454 0
1908 1
3092 1
4301 0
6697 1
5641 0
9256 0
3670 1
3670 1
2480 0
6197 0
3670 1
3670 1
7303 1
9409 0
1387 1
7152 1
3670 1
9252 1
9305 1
3670 0
4852 1
6954 0
5987 1
9642 0
9051 1
6790 0
3670 1
3670 0
3670 1
6541 0
6330 0
4951 0
6121 0
4943 1
8677 0
5118 1
5512 0
7612 1
9709 1
3670 0
3670 0
3670 0
3670 1
9574 1
5827 1
7066 0
5300 0
8938 1
9366 1
1089 0
7004 1
3670 0
2721 0
5088 1
3670 1
5631 0
9050 0
1702 1
6992 0
3670 0
9998 1
3670 0
4975 1
1224 0
1454 0
3670 1
6206 0
8313 0
1308 1
7307 1
3824 0
1174 1
8066 1
4911 0
9829 0
3670 1
7811 0
3670 0
6718 0
4378 1
1685 1
3670 1
3851 1
3670 1
1625 1
4654 1
6248 1
8446 1
6851 1
9921 1
1651 1
8688 0
9550 1
7937 1
3670 1
8591 1
2552 0
3065 0
1390 1
3670 1
3517 1
4168 0
3670 1
5384 1
8714 0
3670 0
3670 1
8549 0
4557 1
1651 1
6147 1
2337 1
3382 1
3670 1
3670 0
4647 1
7696 1
3670 0
9861 1
1447 0
4098 1
4491 0
7358 1
2888 0
4724 1
6062 0
8349 1
8301 1
5906 1
8511 0
5416 0
7662 1
8846 0
3670 0
3670 0
5081 1
1143 1
8493 1
6794 0
2700 1
7563 1
2980 1
9642 1
3670 0
4053 1
7185 1
1125 0
3950 1
4399 0
9652 1
5273 1
3670 1
3670 0
2950 1
8038 1
3670 1
3670 0
1552 0
9968 0
3670 0
6808 0
6460 0
1733 1
3670 0
3564 1
3670 1
5982 1
4426 1
9055 1
2161 0
3670 1
3670 1
6168 0
1964 1
5918 1
4560 0
2504 1
7486 0
3670 0
3105 1
4574 0
8378 0
2816 1
2628 1
3607 0
3670 1
8320 1
9824 0
7311 1
2927 1
3670 1
3670 0
3102 1
4811 1
2689 1
4180 0
7940 1
6261 0
6085 1
9748 0
2676 1
5627 1
3670 0
2953 0
6438 1
3670 1
2448 1
9389 1
3002 1
5439 0
3670 0
3670 0
3670 1
6195 1
3253 0
3670 1
4966 0
1221 1
2549 0
1764 1
2453 1
3280 1
2752 1
8014 1
3670 1
3670 1
4997 1
6315 1
6537 1
8086 1
8850 0
7655 1
7287 1
3670 0
7697 0
2117 1
3670 1
9237 0
5552 1
2089 0
3670 1
3670 1
3418 1
2872 1
3670 1
9416 1
3822 1
3817 1
6040 0
9003 0
9490 0
9434 1
6455 1
3670 0
3670 0
5584 1
2353 0
2527 1
3670 1
1658 1
1105 0
5968 0
8198 0
5603 1
5427 0
1827 1
5968 0
5081 0
3232 1
4663 1
3670 1
8937 0
8871 1
8240 0
3670 1
6004 1
6831 1
9152 1
3670 1
3670 0
2499 0
3670 0
3442 0
4066 1
6920 0
2392 1
3249 1
3670 0
5321 1
3722 1
7882 0
9381 0
6229 0
1180 0
2905 1
9604 0
1527 0
2158 0
3670 0
9581 1
3670 1
5430 1
4812 1
1041 1
3670 1
5526 1
3670 0
6842 0
3019 0
3670 1
4092 1
5679 1
8170 1
5381 1
7498 1
3670 1
4629 1
6858 0
3670 0
3670 0
5018 0
4128 1
3670 0
2785 0
3670 0
3670 0
3670 0
3670 1
3351 1
3670 1
4010 1
4062 1
3670 0
5694 1
8001 1
5988 0
5848 0
3738 0
5479 1
5182 1
1023 0
3670 0
6066 0
5904 0
3670 1
9833 0
5821 0
8022 1
8112 1
3591 1
3670 0
3670 0
5312 0
3670 1
1874 1
3642 1
9500 0
9621 0
5867 0
2242 0
1641 0
9233 0
9468 1
2706 1
7363 1
3670 1
5507 0
3670 1
1301 1
3521 1
3670 1
9463 0
9658 0
3670 0
2187 1
3670 1
4232 0
2157 0
3685 0
2530 1
1274 0
3670 0
9726 1
9280 0
3670 0
2094 1
5315 0
8547 1
3670 0
8002 1
7411 1
3670 1
1271 1
3670 1
3901 1
3441 0
5043 0
6423 1
5505 0
3670 1
3670 1
2845 0
7821 1
3670 0
2981 0
9077 0
2804 1
9460 1
9583 0
4672 1
2709 0
4908 0
3111 0
9570 0
3670 0
4067 1
7763 1
4900 0
9785 1
4741 1
4202 0
3670 1
5704 1
5167 1
4737 0
4685 0
3670 0
8723 0
3670 0
6308 1
1722 1
3457 1
4253 0
8958 1
4125 1
7863 1
3670 0
6745 1
3670 0
9920 0
3580 0
3670 1
2922 0
4199 0
3162 0
3840 1
5435 0
3670 0
7051 1
2791 1
2712 0
5292 0
5947 1
3670 0
3024 0
3670 0
1815 1
4470 0
3670 1
6301 0
5699 0
6360 0
9762 0
6664 0
3670 0
4995 0
3670 0
9494 1
3805 1
3670 1
3670 1
5147 0
5989 1
8543 0
1093 1
7591 1
3670 1
6032 1
8787 1
3670 1
5761 0
8210 1
3357 1
8346 1
3670 1
6219 0
2899 0
3670 1
1329 1
6014 1
3670 0
3670 1
3670 0
3670 0
7693 1
4699 1
7255 0
9827 0
2726 0
3145 0
3670 0
2735 1
6765 0
6557 0
1911 0
8622 1
2031 1
7681 0
3670 0
1050 0
3670 1
8296 1
7383 1
4149 1
7058 1
5322 1
1296 0
2328 1
9009 0
4027 1
3660 1
3670 0
1868 0
6551 1
3670 0
2054 1
3728 1
1377 1
9057 1
5418 1
3670 0
3670 0
3915 0
3670 0
6332 1
9333 1
7824 0
3246 0
4789 1
9991 0
3670 0
1489 0
9293 0
3208 1
3235 1
6756 1
2626 0
3670 0
3402 0
7192 0
7183 0
5531 1
1659 0
8802 1
1627 1
9058 1
9647 0
3670 0
3318 1
7873 1
9809 0
3670 1
2811 1
3670 0
4811 0
6906 1
5940 0
1730 1
5499 1
7817 1
5690 0
3670 1
2760 1
1923 0
8097 1
6722 0
9677 0
9043 1
8057 1
3670 0
8046 1
3670 0
5932 0
5044 1
5967 1
4064 0
3670 0
5715 0
3362 1
5443 0
5672 1
1070 0
7510 0
6802 1
7185 0
3426 1
8939 1
1136 0
2743 0
3670 0
3670 1
3670 0
3670 1
3302 0
3670 0
2491 0
3670 0
1958 1
9541 0
5262 0
3670 1
3760 1
3670 0
3670 0
3670 0
3670 0
6802 1
4748 0
7540 0
8499 1
3670 0
3297 0
9121 1
2882 0
4374 1
6623 1
9697 0
8460 0
2362 1
1293 1
7678 1
8810 1
4823 0
3670 0
3670 1
9971 0
3946 1
3670 1
3670 0
3670 0
3670 0
8875 1
2448 0
3062 0
9681 1
2162 0
1163 1
6473 0
6732 1
5588 1
2914 0
8478 1
6233 1
6283 1
7223 1
2877 1
3670 1
3670 0
7881 0
3670 1
2031 0
4650 0
4440 0
3670 1
6187 0
2885 1
5616 1
6861 0
5621 0
9854 0
3670 1
3670 1
5757 0
8826 0
3670 0
4432 1
1303 0
4397 0
6720 1
3170 0
1322 0
5342 0
4041 1
3743 1
6885 0
8072 0
3670 1
6823 1
1945 1
9281 0
3670 1
7554 0
3670 0
3654 0
4145 1
9814 1
4213 1
1529 1
3670 0
3670 0
6153 0
9896 0
3670 0
1624 0
5006 0
6744 1
7439 1
3584 0
8667 1
3670 1
8773 1
3670 0
8051 0
6275 0
3670 0
9752 0
1101 0
3836 1
3194 1
8896 0
3670 0
8042 1
3670 0
3670 1
1274 1
3670 1
2388 1
3295 0
7297 1
8739 0
3670 0
3670 0
8296 0
3670 0
5241 0
4262 1
3670 1
2559 1
6349 0
4053 1
1176 1
1982 1
6003 1
4299 1
3670 0
3749 0
7011 0
3670 1
6511 0
3670 0
1938 1
3670 1
1599 1
3670 0
6779 1
7431 0
4421 0
5263 1
2819 1
7929 1
3670 0
1455 0
9339 1
9938 0
1140 1
6729 0
3670 1
5805 1
7420 1
9240 0
4521 1
1151 1
5071 0
3670 0
2422 0
8914 0
5643 0
9180 0
3670 0
9597 1
3670 1
9358 0
7344 0
3670 1
5088 1
9005 1
4743 1
3670 1
3670 1
9836 1
7884 0
3670 1
6121 1
3183 0
9397 0
1683 0
6137 1
6307 0
1936 1
6973 0
3622 1
3670 0
6249 1
1446 0
3830 1
2726 1
3062 0
8755 0
6544 1
4063 0
8741 0
7402 0
5995 1
9709 0
3959 0
9254 1
3584 1
6755 1
8881 1
6648 0
3670 1
9602 1
3670 0
8428 1
3670 1
3254 0
5894 0
3845 0
4518 1
7128 1
3670 0
6585 0
2615 0
5047 0
3475 1
7965 1
6413 1
1468 0
3670 0
8075 0
5203 1
4753 0
9307 0
1815 0
5423 0
4583 1
4840 1
3670 1
9860 1
5318 1
1522 1
3705 0
8515 1
7340 0
4280 0
4702 1
3670 0
9368 1
4939 1
9170 0
3670 0
4499 1
3670 0
3523 0
8229 0
4751 0
5697 0
3670 1
8618 0
1064 1
8722 0
5347 0
6198 1
3402 1
5474 0
4886 1
2282 0
6029 0
3670 1
8886 1
4476 0
8236 1
9208 1
2723 1
6644 0
3670 0
8722 1
1005 1
3670 0
3670 0
1111 1
6746 1
2104 1
8161 1
1416 0
3426 1
7262 1
3336 1
9693 0
3079 0
3670 1
5579 1
3670 0
8684 1
3670 0
3670 1
9566 0
3670 1
5358 1
3670 1
3670 0
3670 0
6820 1
5045 0
9636 0
3670 0
3133 0
9585 0
6504 0
3670 1
1658 0
5705 0
9446 1
3618 0
7663 0
3670 1
5545 0
7678 0
4616 0
1120 1
6005 1
6148 0
9030 1
3670 1
4026 1
3670 1
1464 1
6009 1
1040 1
4656 0
3670 0
2379 1
7636 1
8598 0
6359 1
3670 1
1464 1
8281 0
3670 0
3803 0
8693 0
3670 1
4577 0
3670 0
3670 1
7847 1
4206 1
7295 0
5778 1
3306 1
6645 0
3670 0
9135 0
9305 0
3961 0
4603 1
1260 0
3670 1
3670 0
3891 0
3670 0
2313 0
3505 1
3390 0
6157 1
9480 1
9403 0
3670 0
8886 0
3670 1
6259 0
6536 0
5201 1
3670 1
7619 1
6706 0
7079 0
4918 0
3670 0
3670 1
3670 0
2655 1
6837 0
1030 0
3670 1
3670 1
5103 0
1809 1
7888 1
2806 1
1636 1
3670 1
3531 0
7638 0
5632 0
7828 1
2435 0
7196 1
5563 1
4424 0
8480 0
8551 0
9141 0
9320 0
2209 0
9046 1
3670 0
7240 1
3319 1
1565 0
7179 0
1347 0
8200 1
2232 0
6606 0
9260 1
7095 0
6366 0
3670 0
3670 0
7681 0
3670 0
4362 0
3670 1
3670 1
8344 0
4950 0
4210 1
1306 1
4024 0
3208 0
7126 1
3850 1
7212 1
3670 0
1145 0
1735 0
9743 1
4043 0
3670 0
3670 0
6126 0
8389 1
4250 1
1141 0
5469 0
3670 1
3670 1
6733 1
4532 1
9098 1
4410 1
9537 1
3670 0
9392 0
3670 1
3774 1
6512 1
1952 1
3670 1
8606 0
2447 0
3670 1
8987 1
3670 0
3246 1
8126 1
4147 1
4638 1
9744 1
5905 1
3670 1
8521 1
3997 0
9336 1
7915 0
3670 0
2870 1
3670 0
3670 0
3670 1
3670 1
1686 0
6427 1
2300 0
5298 0
3670 0
8239 1
9335 1
3670 0
8556 0
3963 0
4547 1
3670 1
5447 0
2558 1
2120 1
3670 0
8985 1
6903 1
3670 1
4411 0
7309 1
7907 0
7323 1
9122 0
1680 1
2800 0
7013 1
9464 0
2251 1
2596 0
6517 1
3670 1
3670 0
9479 0
3670 0
4396 0
3029 1
1102 0
3670 0
3670 1
9868 0
3670 0
3593 0
6214 1
3670 0
7591 0
3545 0
6532 1
3670 1
8382 1
6599 1
3670 1
2350 1
3670 0
5754 1
8463 1
3446 1
3670 1
3670 0
9144 0
5167 0
3670 0
7519 0
2648 1
3366 1
4029 1
9906 0
8427 0
5715 0
2356 1
4896 0
7214 0
3670 0
7850 1
3670 0
7426 1
3670 1
1235 1
6970 0
3670 1
3670 0
9564 1
3670 0
2878 0
2298 0
9149 0
5441 1
5890 1
4659 1
5507 1
3670 1
6560 1
3670 0
8240 0
7470 0
8768 1
5269 1
3670 0
8552 1
1402 0
3670 0
3551 0
6806 0
9598 0
7838 0
2660 0
7780 1
9402 0
9112 0
8417 0
3670 0
3670 0
7648 0
3670 0
5095 0
3670 1
1338 0
4887 0
5600 0
3670 1
3670 1
5946 0
8238 0
3670 1
7832 1
2286 0
2690 0
9932 1
3670 0
2781 0
6203 1
6611 0
8909 0
3670 1
8656 0
3840 0
2478 0
4168 0
1452 1
7638 1
8859 0
1868 1
3670 0
3670 1
4773 1
9781 1
3622 1
5100 1
8269 0
8721 1
3670 0
8415 1
7976 1
1501 1
2934 1
3670 1
3649 1
3623 0
7724 0
3345 0
8418 1
8482 0
7405 1
4548 0
7117 1
6341 1
5852 0
8837 0
6650 0
3670 1
5342 1
7386 0
3670 0
2025 0
2926 0
3670 1
5326 0
2275 0
3670 1
6514 1
3670 0
3670 0
2658 1
6396 1
2115 1
1341 0
3670 1
4008 0
8392 0
5981 0
8759 1
8187 1
4873 1
9311 0
7994 1
3670 1
6937 0
3670 0
2740 0
7484 0
3670 1
9403 0
3670 1
3670 1
3670 1
1265 0
5746 1
2343 0
8280 0
3143 1
4207 1
3128 1
8825 0
8813 0
9276 0
2471 1
2733 1
8429 0
6244 1
2791 0
1078 1
9553 1
2494 0
3670 0
2028 1
3670 0
3670 1
6656 0
1930 1
6445 1
4195 0
3670 0
2742 0
3670 1
4762 0
1478 1
8180 1
3670 0
3670 1
3670 1
6147 0
8944 0
3670 1
3670 1
2591 1
7507 0
3670 1
3670 1
3670 0
4632 1
5840 0
3670 1
2939 0
9197 0
1425 0
3670 0
8543 1
3402 0
3670 1
3670 1
2550 0
2890 1
3670 0
4357 1
4265 0
3117 0
1461 0
2523 1
5802 1
2510 0
3670 0
9862 0
2752 0
7066 0
4061 1
1836 1
4038 0
3192 0
7241 0
3670 0
1450 0
1040 0
6405 0
9067 1
6919 0
1900 1
2207 0
3670 1
6896 0
4137 0
5181 1
2052 1
3872 1
6454 1
9394 0
3670 0
7964 1
9171 0
3670 1
5840 1
6330 1
1511 0
8915 1
3670 0
2863 0
3670 0
3670 0
8388 1
8478 1
5354 1
9631 1
9094 1
2684 1
3670 1
3670 0
3670 0
9907 1
5563 1
7284 0
3670 0
9595 1
3670 0
3959 0
3053 1
3670 0
3670 0
6429 0
7897 1
3670 0
1864 0
8148 0
2470 0
2001 0
7882 1
5376 0
2836 0
6073 0
3670 1
8105 0
3670 0
9468 0
3670 0
1259 1
3670 0
3670 0
2675 1
4403 1
3670 0
9047 1
3670 1
8043 1
3999 1
9819 1
2140 1
4931 1
8723 1
7750 0
3670 0
7144 0
6192 1
5447 1
5456 0
2235 1
1852 1
4519 0
6774 1
3670 1
8603 1
7109 1
1855 0
4266 0
9135 1
4552 1
9593 1
9052 1
3188 0
8379 1
3392 0
5577 1
4907 0
3670 0
3670 0
8431 1
2983 0
3670 1
3670 1
5449 0
9356 0
5115 1
5829 1
1004 1
8682 1
7978 1
3670 1
3539 1
2431 0
6245 1
3670 1
7872 1
9339 0
2520 0
3670 0
3487 0
3670 0
3670 1
1945 1
6690 1
4012 0
3020 0
2197 0
9980 1
1761 1
3670 0
3125 1
5685 1
5864 1
3670 1
7091 0
7455 0
9475 0
8025 0
5357 1
6119 0
5237 1
3670 0
3670 1
4039 1
1792 0
7883 0
2690 1
2166 1
3670 1
3670 1
3670 1
3670 1
3670 1
3670 1
2802 0
3670 1
9981 0
5187 0
3670 1
7267 0
5785 0
2328 0
9580 1
1304 1
6264 1
3670 1
2200 0
3670 1
3670 0
3670 0
9222 1
1680 1
1436 0
2104 1
5912 1
4571 1
4100 1
9139 0
4728 1
7010 0
4868 0
8994 0
8904 1
7495 1
3018 1
1493 1
8936 1
3670 1
7026 0
9269 1
8937 1
7827 1
7398 1
3670 1
3670 1
3670 0
5004 0
4007 0
6110 0
4705 0
7028 0
3713 1
4267 1
1166 1
5970 0
5621 0
7290 0
6804 1
3670 1
3670 1
3670 1
5778 0
9089 1
9471 0
3670 1
9973 0
8135 1
6925 1
7072 1
3670 1
8199 1
3703 1
3670 1
2110 0
3670 1
3667 1
8220 0
6095 1
3670 0
3670 0
3670 0
6028 0
4227 1
3670 0
5753 0
6863 0
3670 0
3670 1
7573 1
7376 0
3670 1
7588 1
1693 0
5023 0
7842 0
3670 1
6848 0
9887 0
3670 1
2833 1
4338 1
2246 0
3670 1
6195 0
6418 1
3670 0
6770 0
7266 1
1976 0
4277 1
3462 0
6801 0
8047 0
4234 0
7466 0
3073 0
5523 0
3670 1
7821 0
9565 0
3670 0
4782 1
3670 1
9767 1
4537 1
1855 0
1942 1
8250 0
3670 0
2210 1
6605 0
5277 0
9060 1
6995 0
9330 0
3252 1
3640 1
3670 1
3670 0
2172 0
3670 1
1210 0
3453 0
1458 0
2812 1
3933 0
8592 0
2457 0
6265 1
5675 1
5651 1
1366 0
7737 1
3670 1
3766 0
4144 1
3852 1
3164 0
2468 0
4225 0
3773 1
7596 1
3670 0
6901 1
2294 1
3564 1
9392 0
1245 0
3847 1
7235 1
5789 1
4387 1
3670 0
1906 0
3670 0
3887 1
3670 1
3670 1
1812 0
3670 0
3639 1
3670 0
9730 0
7706 1
9630 1
3670 0
7589 0
1476 1
4279 1
3827 0
3670 1
3670 1
5354 1
5051 1
8829 1
3670 1
1126 1
3492 0
3937 0
7050 0
9972 1
6344 0
9971 1
3670 0
9711 1
3670 0
4945 1
3670 1
5510 1
2293 0
3670 1
9016 0
9375 0
6001 0
2591 0
8018 1
1002 1
4947 1
6370 0
3670 1
4357 1
3248 1
5037 1
3670 1
3830 1
3670 1
8211 1
2354 1
8563 1
3670 1
7902 0
2152 1
4237 0
2691 1
9519 0
9701 1
8826 0
3321 0
6819 1
3670 0
5154 1
3670 0
3670 0
9587 0
4329 1
3670 0
3670 0
4522 1
3348 1
5670 1
8841 1
1457 1
1592 1
9533 0
6472 0
3670 1
6145 1
7221 1
9249 0
3670 0
5386 0
4227 1
3670 0
3670 0
3670 1
8513 1
3670 1
3145 0
3670 0
3670 0
5097 1
3670 1
3691 1
7375 0
9486 0
2934 0
2883 0
3670 1
3222 0
4360 1
6100 1
1197 0
1314 0
3670 1
4875 1
1713 0
3670 1
3670 1
7586 0
4281 0
3670 0
2855 0
4636 1
3670 1
3670 1
9553 0
4428 0
3670 0
3670 1
6796 0
3670 1
3670 0
3670 0
4488 1
1090 0
3037 0
2442 1
1995 0
2775 0
3670 1
9409 1
6765 1
3262 0
3768 1
8997 1
3670 1
7534 0
3670 0
7889 1
6573 0
9529 0
8938 1
3670 1
6121 1
3670 1
4053 1
7637 1
8875 1
5564 1
3670 1
2330 0
9717 1
7475 1
3670 1
6106 0
2243 1
3670 0
3670 0
6706 1
2237 0
3097 0
1279 0
4912 0
3670 1
6014 1
6619 0
8893 1
3958 1
6162 1
3670 1
7182 1
9279 1
6910 0
8175 0
6440 1
6190 1
3670 0
8869 1
2827 0
7989 1
9544 1
3670 1
7883 1
3670 0
8702 1
3341 1
3670 0
3895 0
6956 0
1548 1
9674 1
3670 0
3640 1
5310 0
3670 0
1353 1
3996 0
9744 1
3670 1
5690 1
2648 1
3907 1
3670 0
7197 0
8018 0
2486 1
9191 0
3187 0
9283 1
2922 1
8870 0
6365 1
9887 1
5505 1
4528 1
7487 0
3670 1
2430 1
2423 1
3670 0
3670 1
9681 1
9083 0
8744 1
4313 0
7430 0
4405 0
8486 1
7268 0
8691 0
9448 0
8201 0
9751 1
9381 1
8326 0
1136 0
7533 1
4653 1
4390 0
8932 1
8562 1
3670 0
1306 0
3670 1
2525 0
9851 0
9987 0
4873 1
3670 0
3897 0
2216 0
7784 0
8232 0
8538 1
8841 0
7885 0
3670 1
8736 1
3670 1
3670 0
4643 1
6542 1
4185 1
2315 1
3670 0
2953 1
3670 1
4205 0
9540 1
6457 1
3670 0
2983 1
9738 0
3670 1
1477 0
3670 1
2778 0
1987 1
5390 0
7541 1
2076 0
3670 0
3670 1
9814 0
1550 0
2823 1
3670 1
3670 1
8319 0
3670 0
9918 0
3670 1
3175 1
8731 1
6236 0
3670 0
5630 0
7453 0
9216 0
3757 1
8286 1
8204 0
3016 1
7903 1
3067 0
4785 0
4853 1
5314 0
8340 1
2897 0
1609 0
3670 0
8890 1
7984 0
6723 1
9729 1
7816 0
3670 1
9334 1
3670 1
9971 0
5676 1
3697 1
3670 1
2935 1
8898 1
7927 0
3670 0
3670 0
2781 1
1893 1
3670 1
9752 0
1990 0
3670 1
3670 1
3670 0
5019 0
1766 1
3390 0
1454 0
3670 1
2133 0
5229 0
3670 1
7902 1
6297 0
2638 0
3670 1
9186 1
3748 1
8559 1
8800 0
7285 0
2514 1
6242 0
3653 0
3670 1
6482 1
9492 1
1619 1
5137 0
9108 0
9173 0
7013 1
4284 0
4669 1
3670 1
5658 0
7455 1
5467 0
7718 1
1272 0
9717 1
3670 1
3670 1
4137 0
9516 1
8548 0
3670 0
3670 0
5609 0
5303 0
7918 0
6719 1
3670 0
9571 0
1241 1
3843 1
9572 0
3670 1
3670 0
6982 1
3670 1
3670 0
2962 0
8681 0
8186 1
1690 0
2036 1
4545 1
9307 1
3670 0
5068 0
3670 0
7264 0
3670 1
3670 0
3670 0
9798 0
1489 0
2525 0
3422 1
9082 1
4710 0
3672 1
5802 1
2299 0
3670 1
4126 0
9822 1
9073 0
2953 1
3544 0
3670 1
3670 0
7993 0
3131 1
3670 0
3670 1
9049 0
8156 1
5685 0
3670 1
2153 1
2050 1
4589 1
4307 1
3670 0
3437 1
3670 1
3670 1
4402 0
7285 1
3670 1
3670 1
9577 0
3670 1
3728 1
4437 0
5461 1
3670 0
6337 1
5128 0
3670 0
3670 1
2808 1
8494 0
4082 0
3670 0
3645 0
3670 0
9081 1
4332 1
3670 1
7388 1
1612 0
3670 1
6649 1
3670 1
3670 1
2752 1
3670 0
3052 0
2134 1
2818 0
1253 1
2695 0
4201 0
3670 1
3670 1
3670 1
8919 1
3670 0
3670 0
7646 0
3670 1
3790 1
1396 0
3091 0
3670 0
3670 0
6824 0
1576 1
3577 1
6659 1
2794 1
3766 0
3670 1
7230 1
6237 0
6801 0
3670 1
4800 1
5376 1
7954 0
1965 0
1111 1
3670 0
5304 1
2534 0
5123 0
3670 0
3670 0
5783 1
9226 1
3670 0
7009 0
3451 0
3670 0
3670 0
2045 1
9931 1
5055 1
3331 1
3670 1
3857 1
8666 1
2430 0
6159 1
7351 0
8774 0
6983 0
7933 1
2722 1
8392 1
7197 0
3670 0
3670 1
3670 0
3670 0
7641 0
3327 0
8188 0
6042 1
9440 1
1685 0
9058 1
7640 1
2240 1
9919 1
8460 0
1705 0
3670 0
3926 1
3670 1
9000 0
3670 1
4130 1
7433 1
5965 0
3588 1
5890 1
6355 1
3670 1
8002 1
3670 0
3670 1
2882 1
3670 1
2344 1
8783 0
3670 1
5781 0
1671 0
3670 0
2400 0
3670 0
8057 1
3670 0
3670 0
2424 1
1120 0
8904 1
3719 0
6134 0
2960 1
3670 1
5234 1
3670 1
3670 1
3792 1
3670 0
4675 1
8542 0
5541 0
3983 0
3779 0
4140 0
5902 0
7066 1
5195 1
8500 1
1581 0
3670 1
9911 1
3131 1
1593 0
8617 0
4285 0
3670 1
4218 1
8413 0
3670 1
4619 1
2771 0
3670 0
3670 1
1755 0
8893 0
3670 1
2014 0
2553 0
9364 1
7696 1
3670 1
7887 1
6574 1
3670 0
6254 1
3670 1
3368 1
9655 1
6742 1
3670 1
1128 0
6087 1
3018 0
1720 0
8456 0
3670 0
2596 1
4965 1
3670 0
3670 0
5697 0
1779 0
3670 1
6743 0
3670 1
4556 0
3670 0
3670 0
2080 1
3778 0
2690 0
3670 0
3670 1
1409 0
1993 1
5088 0
2230 1
7992 1
8284 0
9364 1
9494 1
3670 0
8216 0
9918 1
3670 0
3670 0
3670 1
9778 0
3670 1
3484 0
3670 1
2179 1
2720 0
1284 0
8501 1
3670 1
3670 1
9392 1
9463 1
1929 0
3050 0
5838 1
4369 1
3441 1
3726 1
2227 0
6998 0
3670 1
4979 1
3309 0
3483 1
3670 1
9999 1
1720 0
4162 1
3670 0
3670 1
1991 0
9613 1
3670 0
1517 1
9138 0
5485 0
3670 1
3085 0
3670 1
3610 0
6850 0
3670 1
3266 0
8813 0
9340 0
3670 1
8080 0
9457 0
5536 1
3670 0
9553 0
3670 0
3670 0
9465 0
6951 1
2126 0
6818 0
1648 1
3670 1
3670 0
1292 1
5277 1
6575 1
7372 1
3670 1
9929 1
3670 1
6766 0
7633 0
6580 0
3670 0
7225 0
5062 1
2453 1
3415 1
9875 0
3670 0
7656 1
1775 1
8408 1
3670 0
6244 0
9821 0
4884 0
3670 1
6345 0
3670 0
9162 0
8106 0
9372 1
3670 0
9186 0
5647 1
8743 0
3670 1
5090 0
3670 1
8720 1
2052 1
1539 1
3670 0
2171 1
3619 1
9054 0
5518 1
3638 1
3670 0
2992 1
1713 0
9117 1
7008 1
5403 1
1854 1
3670 1
4542 1
9060 1
9050 0
4130 1
3670 1
7473 1
3942 1
9950 0
2705 1
9911 0
6402 1
3178 0
7981 1
8737 1
1404 1
8989 0
3670 1
6371 0
3670 1
3670 0
3670 0
4690 1
3670 0
6310 0
3670 1
3193 0
6472 0
3670 1
1652 0
5758 1
3670 0
5109 0
4985 0
3670 0
5146 0
3670 0
8095 0
7475 1
4611 1
3384 1
1671 1
7855 0
2964 0
4301 0
2954 0
3608 0
3658 1
3253 0
8320 1
4299 0
3670 0
7746 1
3670 0
3670 1
9241 0
1514 0
4285 0
4313 0
3167 1
3670 0
3670 1
4655 1
2022 0
3670 1
2158 1
9432 1
3670 1
1493 1
1265 1
3696 0
5731 0
6087 0
9743 1
8117 0
1384 1
3483 1
4824 1
4032 0
3670 1
7869 1
5111 0
3654 1
6826 0
3670 1
3849 1
1585 0
4068 1
7893 1
1925 1
7450 1
7133 1
3141 1
3670 0
3670 0
8928 0
3670 1
2919 0
3670 0
9145 1
6414 1
3670 0
3754 1
3670 1
6243 0
3670 1
7736 0
6664 0
5793 1
2859 1
5641 1
3669 1
8973 1
3670 0
9145 1
3670 0
3670 0
3663 0
3613 0
1063 1
9433 0
9315 1
1910 0
3825 0
8986 0
8131 1
7223 1
1118 0
9556 1
2263 1
2794 0
6333 1
3670 0
7630 1
7382 0
3566 1
3670 0
5127 1
2597 0
3670 1
9245 1
3928 1
6374 0
3226 1
7209 0
1943 0
4510 0
8580 1
7205 1
9401 1
8781 1
9111 1
6122 1
9183 0
6502 1
4608 0
2487 0
3670 0
5235 0
3670 0
3670 1
1813 0
5299 0
3670 0
3670 1
1371 1
4226 0
5186 1
4026 1
7648 0
5885 0
9333 1
3670 0
3670 1
8326 1
6866 1
3670 1
3670 1
8947 0
5330 1
3670 1
3670 0
9194 1
4517 0
2129 0
8715 1
4236 1
3679 1
4664 0
3611 1
3670 1
3670 0
3670 1
3670 0
5606 1
3670 0
3670 0
5705 1
8012 1
4537 1
3670 0
7001 0
3670 0
6161 0
6745 1
2445 1
3670 1
2625 1
7926 1
3670 0
3310 0
4255 0
8864 1
7084 1
9597 0
6342 1
5140 0
6645 0
8874 1
4161 0
6461 0
9650 1
1139 1
3210 1
9443 0
4150 0
5023 0
7669 1
9292 0
3670 1
7300 1
3466 0
3670 1
3670 1
3670 0
6597 1
3670 1
3670 0
3670 0
2080 1
6878 0
3670 0
8177 1
6984 0
3670 1
6567 1
1444 1
7041 0
3670 1
3670 0
8391 0
1058 0
3119 0
3328 1
9837 0
4517 1
1085 0
1529 0
7570 0
8879 1
3116 0
4786 0
3333 1
6135 1
5728 1
2759 0
3876 1
4220 0
1139 1
4130 0
4135 1
3670 1
3361 1
8720 1
1056 1
5933 0
3670 1
6953 1
3670 1
8777 0
7332 0
4327 1
3670 1
4013 0
7115 1
3670 1
7101 0
2315 1
5464 0
3670 0
5580 1
8030 0
7995 1
3670 1
3670 1
3670 1
5072 0
5129 1
9151 1
1954 0
3358 1
2287 1
2584 1
3675 1
3670 0
3670 0
5581 1
7005 1
8486 0
4989 1
5944 0
3670 0
5947 0
3670 0
6933 1
6966 1
4591 0
6524 1
9881 1
8367 1
3356 1
5652 1
3955 0
7249 0
3127 1
1681 0
5283 1
3173 1
1940 0
3826 1
4471 1
7181 0
1727 1
7573 0
2243 1
1768 1
3670 1
1961 0
6402 1
1724 0
1765 1
4163 1
8565 0
6922 1
8880 0
3965 1
8732 1
3670 1
3755 0
1708 0
3670 0
3670 1
3670 1
3670 1
3670 1
3379 1
1434 1
3670 1
7463 0
8622 0
3670 1
6903 1
1537 1
3670 1
3670 0
3225 1
6022 1
5742 1
3670 1
6617 0
6417 0
3670 0
3670 0
5355 1
3244 0
2813 0
2932 1
6003 0
2453 0
8337 1
3670 1
3670 0
3670 0
2966 0
2436 0
9489 0
7014 0
4295 0
8517 1
2931 0
1952 1
2336 0
4194 1
3501 1
7351 1
1773 0
1688 0
3670 0
6442 0
3099 1
3670 1
3193 0
3670 1
4925 0
5278 1
3883 0
2449 1
9571 0
3670 1
3670 1
7796 0
3670 0
5165 1
8173 1
6288 0
9938 0
3670 0
3657 1
5710 0
5804 0
3670 1
6477 1
1433 1
5598 0
3772 1
6412 1
3670 1
8717 1
2374 0
7084 0
2889 1
9230 1
1719 1
7577 1
7809 0
5789 1
5440 0
3670 0
6605 1
3929 0
8004 1
3670 1
3290 0
1362 1
3670 1
5253 0
9598 1
3670 0
7996 0
3670 1
5017 0
7083 0
8241 0
3670 0
5384 0
3190 0
3670 0
1608 1
3670 0
2464 0
9985 0
3670 1
5140 0
3670 0
4005 1
3467 0
5987 1
2188 1
8994 1
3750 1
2567 1
2552 1
4015 0
3670 1
4536 1
4097 0
6513 1
9498 0
1991 1
1445 0
8396 1
1880 1
1675 0
3670 0
6709 1
9581 1
3670 1
3806 0
9656 0
3670 0
6308 1
3670 0
6823 1
4190 0
8309 0
1615 1
7458 0
4751 1
4909 1
4565 1
2565 1
7362 1
3670 0
3670 1
9051 1
7360 1
5327 1
2786 1
3889 1
7798 0
3670 1
6502 1
4129 1
3670 1
4816 1
1219 0
4931 0
9259 1
3670 1
3670 1
8145 1
3670 0
5151 0
3670 0
1377 0
7130 1
1651 0
7244 0
3670 0
4515 1
9264 1
1550 1
3670 0
6998 0
4246 0
1975 0
8105 0
3670 1
8133 1
9742 1
4257 0
9874 1
3670 0
6380 1
9730 1
3976 1
3670 1
6379 1
3670 0
2034 1
6637 1
3670 0
9274 1
4733 1
1840 0
6669 0
3932 1
2608 0
5340 1
5880 1
1905 0
3670 1
3670 1
3126 0
6860 0
3670 0
3823 1
3670 0
1635 1
4374 0
3873 1
1539 1
3427 1
3670 0
7166 0
2819 0
1500 0
4323 0
1893 1
6795 1
9609 1
3670 1
8271 0
1699 1
6979 0
2737 1
4356 0
7378 1
3670 0
3670 0
3670 1
8939 0
8961 1
9168 0
1467 1
6883 0
9465 0
3670 0
3670 0
3670 0
3696 1
7518 1
8135 0
5714 1
3670 1
8497 1
8724 0
3670 1
7373 1
8592 1
3064 1
3670 0
3133 1
3672 0
3670 0
3670 1
3670 0
5201 1
3926 1
3561 0
8492 1
7779 0
1448 0
9679 1
8694 0
3786 0
2916 0
2603 0
3316 0
1938 1
4285 1
5224 0
5579 0
8046 1
3670 1
3670 0
6794 0
6062 0
7666 0
9982 0
1920 1
3670 1
9099 1
3670 1
3670 1
3670 1
3670 0
3670 0
2674 1
7141 1
3670 0
2103 0
6095 1
7947 1
3670 1
3670 1
8270 0
9986 1
2770 1
3648 1
6734 0
5494 1
3949 1
3670 1
3670 0
3670 1
9493 0
3670 1
3670 0
3670 0
1914 0
3670 0
3670 1
8862 1
4356 0
4658 1
1055 1
3670 1
5874 0
3526 0
6648 0
5647 0
7483 0
4830 1
7534 1
5146 0
1242 0
3670 1
9675 0
3670 0
7159 0
3670 1
3670 1
4919 0
1225 1
5917 0
9296 0
4420 1
7198 0
5956 1
3237 1
9396 1
9555 0
5362 1
5005 0
5830 1
6837 1
6694 0
9442 0
4431 1
3670 0
5972 1
7847 1
7675 0
3670 0
8429 1
4259 0
7448 0
4142 0
3670 0
3670 1
1513 0
6919 0
2721 1
7079 1
4151 1
3670 0
8334 1
1144 1
8188 1
3920 0
7778 1
9224 1
3994 1
3670 1
3207 0
3710 0
2642 0
3670 1
3025 0
7565 1
1485 1
8263 1
3670 1
3670 0
8765 0
9913 1
2639 1
6185 1
3670 1
1921 0
2304 1
3670 1
3967 0
3670 0
3670 0
3835 1
9489 0
5703 0
4626 1
2544 1
1646 1
7925 1
6161 0
3670 0
4800 1
3452 0
6290 0
3670 0
3670 1
3670 0
8734 0
6427 1
3670 0
1965 1
4478 0
7310 1
4335 0
4021 1
3670 0
8725 0
3670 1
3670 1
6482 1
8825 1
7952 0
7869 0
5127 0
6185 0
3670 1
5737 0
3694 1
4170 0
8144 0
3670 1
3730 0
1682 0
5903 0
3670 0
3670 0
9204 1
6074 0
4429 1
3670 1
1594 1
5984 1
3670 1
9874 0
4516 1
1360 0
4069 0
3273 1
5699 0
9129 1
3204 0
4701 0
3670 0
6289 0
5113 1
4039 0
5877 0
1761 1
3670 1
6536 1
5665 0
5221 0
6274 0
3728 1
3670 0
3589 0
3980 0
6209 0
3670 1
1173 0
6709 1
3670 0
2591 1
3770 1
3670 0
6513 0
3670 1
9090 0
2736 0
3670 1
3670 1
3670 1
3743 0
3670 1
3670 1
9475 0
3400 0
9054 1
8726 0
3670 0
7826 0
2446 1
9389 0
3296 1
4364 0
8181 1
6620 0
5282 0
3670 0
9710 0
4878 1
3670 0
7687 0
3670 0
6815 1
6636 1
2986 1
7812 1
3390 1
1726 1
1436 0
2666 1
3670 0
3670 1
3584 1
3670 1
3670 1
4810 1
9433 0
4324 1
3670 1
1006 1
7794 1
9460 0
9260 0
8515 0
3670 1
9573 1
1735 0
1168 0
1844 1
1693 0
3878 1
8099 1
1350 1
6092 0
3670 1
4380 0
5213 1
4535 0
9735 1
1492 0
3670 1
6134 0
1586 1
8288 0
1732 0
2503 0
4704 0
8073 0
2690 1
3670 1
3105 0
7900 1
2120 0
3670 1
7964 1
8696 1
3670 0
4865 0
8504 1
3670 1
7569 0
1916 1
1168 1
3670 0
3190 0
5400 0
4794 0
9234 0
1452 0
8956 0
9337 1
2331 0
9078 1
2077 0
3670 0
6290 0
9540 1
2487 1
1985 1
2740 0
6528 1
8687 1
3670 0
3111 1
4188 1
5737 0
2635 0
3295 1
3670 0
4450 1
6190 1
9070 0
7757 1
9419 1
1781 1
9718 1
3670 0
3670 1
3486 0
3670 0
9967 0
3670 0
1748 0
3670 0
8770 0
5541 1
6322 0
3670 1
1568 1
5771 0
3670 0
6342 1
3670 1
1122 1
2378 0
3670 1
3670 0
3670 1
8885 0
4237 1
2157 0
3670 0
8272 0
1967 1
1414 1
2803 0
5205 0
1081 0
1499 1
4591 0
1076 1
3670 0
7088 1
3670 1
4771 0
5185 1
6988 0
8546 0
8627 1
3670 0
3670 0
1441 1
1740 1
8919 0
5371 1
6494 1
1679 1
3670 0
4474 0
8154 1
7658 0
2929 1
3670 0
8664 0
7583 0
3670 1
3883 1
1304 1
1912 1
2739 1
3670 1
3670 0
9284 1
3670 0
5683 1
4263 0
6013 0
3670 0
9629 0
3462 0
3963 0
7030 0
8643 1
7927 0
6009 0
3034 1
1284 0
7235 0
7069 0
3670 1
3468 0
9375 0
3670 1
9559 0
4839 1
9848 1
9235 0
3670 1
3438 0
2204 1
8084 1
1553 1
3670 0
9720 1
6632 0
1471 1
3670 1
8603 0
3670 1
1277 1
3670 1
7060 0
8147 0
3252 0
4166 1
3670 0
9160 1
9881 0
8583 1
3670 0
5174 1
3670 0
7918 0
2252 1
6139 0
3670 0
3670 1
5720 0
6760 0
3670 0
7216 1
8316 0
7045 1
8996 1
3670 1
6326 0
3670 0
3670 0
3670 1
3670 1
2603 1
1236 1
4804 0
3670 0
1748 1
3690 1
6398 0
3670 0
3500 0
4114 1
6966 0
5922 1
3670 0
3670 1
8112 1
8979 1
5141 1
3516 0
2708 0
5208 1
3670 0
6729 1
3670 1
1503 1
1375 0
8487 0
4819 1
3670 0
1645 1
3195 1
3237 0
3670 1
3670 0
3061 0
6976 1
7049 0
3670 0
3670 0
3435 1
2395 0
1224 1
1762 1
3670 0
5457 0
3670 0
3706 0
8756 1
3670 0
4860 0
8822 1
2908 1
6639 1
9918 1
3786 1
5595 0
3075 0
9461 0
1985 0
3380 1
8158 1
3999 1
9390 0
9135 0
9021 0
3670 1
3670 0
3670 1
1894 1
3670 0
3523 1
9094 0
3670 1
3670 1
3670 0
8432 1
5995 1
6343 1
3670 1
7008 1
7903 0
1603 0
7642 0
8168 1
8413 0
9707 0
1958 0
8131 1
1109 1
3670 0
5355 0
5847 0
8509 1
3670 0
3670 1
3102 0
9740 1
3162 1
4228 0
1637 1
3670 1
3670 1
8990 0
3670 0
3670 0
9204 0
9373 1
2659 0
4652 0
4955 0
6038 1
3670 1
2234 1
9627 1
1219 1
9321 0
5145 1
7612 0
9055 1
6903 1
3878 0
3670 1
3090 1
2027 0
8955 1
4956 0
5625 1
3670 0
2193 1
1248 0
3670 1
5730 1
3670 1
4337 1
3670 0
3670 0
6311 1
1268 1
3245 0
4161 1
3670 0
6956 1
1459 0
3670 1
3670 1
3670 1
3670 0
6697 0
9360 1
9628 0
9225 0
3670 1
7896 1
2204 0
2664 1
3670 1
9103 1
3148 1
8845 1
5557 0
2538 0
1763 0
4150 0
1984 1
3670 0
8388 1
2597 1
3670 0
6404 1
3670 1
3670 0
1106 1
8472 0
3670 0
9963 0
3670 1
2840 1
7580 1
3670 1
3670 0
5818 1
1150 0
7393 1
3670 0
9912 0
8745 1
5321 0
9399 0
7242 1
2886 0
8139 0
9796 0
1406 1
8176 1
1994 0
4273 1
3867 0
1760 0
2983 0
9868 1
1614 0
7177 0
3670 1
3670 1
7636 0
8631 0
3670 0
7049 0
8271 0
3670 1
7584 0
3670 1
7406 1
4583 1
4827 0
3670 1
3670 0
8039 1
4648 0
4124 0
3670 0
2385 0
4861 0
1782 0
3670 1
8419 0
3670 1
3670 0
3670 1
2343 0
5991 0
6467 1
7180 1
4816 0
3670 0
6090 0
6194 1
2742 0
9031 0
9910 1
9346 0
5870 0
3670 1
3670 0
2615 0
6923 0
9366 0
5560 0
3670 0
9826 1
3670 0
2083 1
6856 0
3670 0
7417 1
3616 0
3670 0
6988 0
3670 1
3670 0
4296 0
1474 0
1970 1
1831 1
8698 1
4741 0
3670 0
4138 0
4920 1
7716 0
3424 1
5435 0
1131 1
8422 1
8655 0
1404 1
3670 1
8284 0
9349 1
3670 0
1772 0
3670 1
4849 0
9049 1
5218 1
2219 1
4270 1
3670 0
3670 1
6634 1
3670 1
6154 0
7796 0
2911 1
5166 0
3048 1
9423 0
3670 1
5301 1
5878 1
8864 0
4008 1
3670 0
3670 0
3670 1
7435 1
3704 1
4191 0
5897 0
3670 0
5143 0
6364 0
4970 1
9313 1
3670 0
3670 0
6379 1
8009 1
2686 0
3139 0
6959 0
8455 0
4819 1
3670 0
3670 0
5399 0
8019 0
1751 0
8760 1
1446 0
9938 0
4249 0
3670 0
5407 0
3670 1
5760 0
7511 0
5531 1
6282 1
2394 0
9192 0
9130 0
3380 1
5084 0
5312 0
4330 0
5156 1
3670 1
5819 0
3670 0
2522 0
3670 1
2955 1
5241 1
3670 0
7796 0
1136 0
2940 1
4904 1
3670 0
7372 1
3043 1
7587 0
9542 0
4784 1
9968 1
5151 0
8139 1
2574 0
6790 0
1528 0
7579 0
6748 1
3150 0
3099 0
3670 1
3670 0
3670 1
9443 0
6854 1
5522 1
2940 1
8237 0
2287 0
3806 0
7343 0
6124 1
7514 1
5192 0
2519 1
3670 0
5079 1
6959 0
3769 0
6328 1
3670 0
9611 0
5735 0
3670 1
9065 1
3670 1
3670 1
5972 0
7355 1
3670 0
5825 0
3670 1
1472 0
7436 0
9523 0
9125 0
3670 0
3670 1
1443 0
3131 1
7404 1
6147 1
1703 0
3670 0
3670 1
3670 1
2839 1
1964 1
5939 1
3670 0
5059 1
6586 0
1170 1
3670 1
8156 1
6684 0
9000 1
1839 0
9156 0
5095 1
7673 0
3862 1
6371 1
7078 1
3670 1
5826 1
2888 1
2665 1
9353 1
8969 1
3670 1
4625 1
4839 0
7562 1
4641 1
2226 0
3921 0
3474 1
2566 0
3670 1
8425 0
4634 1
3670 1
3204 0
9766 1
4407 0
2985 1
3259 1
3670 1
3670 1
6751 1
7186 0
4574 1
2938 0
5142 0
2261 0
5668 0
5006 1
3670 1
3468 0
6243 0
5826 1
3670 1
7466 0
6757 0
8251 1
9512 1
2533 1
3670 1
8320 0
8140 0
3670 0
3670 0
4801 1
7832 1
8495 0
4557 0
5885 0
3670 0
6319 0
2650 0
9764 0
4128 0
6847 1
3458 0
6535 0
3722 0
3670 0
1581 0
5725 0
8393 0
6733 1
3213 0
6782 1
3670 1
3670 0
9703 0
4490 0
2834 0
3415 0
5492 0
3670 1
8381 0
3670 0
4224 1
1233 0
1998 0
3670 1
3670 1
7800 1
8812 1
3670 1
5988 1
8873 0
3195 0
3670 1
3670 1
3670 0
8687 0
7527 1
7788 1
5301 0
1905 1
5266 1
1371 1
4857 0
6829 1
9464 0
7548 1
2562 0
2580 0
3670 1
3670 0
1221 1
2839 1
3210 0
4419 0
1248 0
3670 0
9982 0
1595 0
2558 1
5414 0
5597 1
2546 1
7603 0
5345 0
9616 1
1146 0
2688 0
6577 1
5044 0
1173 0
2971 1
4989 0
3670 1
9310 0
7863 1
6820 1
2146 0
3806 0
3670 0
3670 0
3670 1
6456 0
3670 0
9638 0
5837 1
3670 1
3079 0
6251 0
4750 0
4908 0
9970 0
7198 1
3655 0
7641 1
2703 1
4444 1
5563 0
5674 1
2277 1
6058 0
1948 0
2989 1
6708 0
3428 1
8785 0
7332 0
5038 1
3064 0
9659 1
3670 0
8990 1
8606 1
2773 1
8595 0
9410 1
2928 1
6243 0
2472 1
3376 0
3670 1
3670 0
6982 0
3670 0
6273 0
3670 1
5365 0
3670 0
2000 0
7243 0
8716 0
8444 0
1354 0
7855 0
3670 1
3670 1
5078 0
3670 0
2672 0
3116 0
4750 0
3670 0
3670 0
5568 0
3670 0
5794 1
8998 1
5664 0
9950 0
9601 0
6074 0
2926 1
1058 1
2400 0
1896 0
3670 0
6026 0
7051 0
8949 1
9583 0
2889 1
4664 1
1189 0
5680 0
2646 0
5252 0
3653 0
7405 1
4172 0
7242 1
9912 1
8657 1
4032 0
2113 0
3670 0
4008 1
8109 0
3670 1
8849 1
9373 1
3670 1
4113 0
3670 0
1391 0
1251 1
5791 1
9329 0
8119 1
3670 1
3709 0
1372 0
3836 1
3670 0
5988 0
6379 1
6630 0
3670 1
1518 0
1880 1
3670 0
5719 1
5270 0
7473 0
5389 0
1377 1
4108 0
9738 0
8511 1
6613 1
2835 1
4972 0
5521 1
4913 0
5058 0
3670 0
2135 0
9599 0
3670 1
5892 0
8857 1
8044 1
3670 0
5819 0
3670 0
9091 1
5895 1
9428 0
7070 1
3670 1
6431 1
5256 0
3579 1
6879 1
9050 1
7006 0
1553 1
2097 1
3775 0
3670 1
3670 1
7044 0
3670 0
9759 1
3670 0
4765 1
3670 1
1518 1
8424 1
9521 0
9648 0
2053 1
7641 1
2025 1
3670 0
7984 1
9102 0
3670 1
4310 0
9086 1
5959 1
5608 0
3670 1
1475 0
3670 1
3670 1
9816 0
8207 0
3670 0
3099 1
3670 1
9491 1
3670 0
3670 1
9614 0
3670 1
8430 1
1110 1
3670 1
1314 0
3690 0
3141 0
4946 0
7609 1
9314 0
6280 0
4342 0
3670 1
4139 0
1418 0
3670 0
5270 1
7411 1
2358 1
3670 1
3670 1
9633 1
5055 1
3670 1
3670 1
9215 0
3670 1
8197 1
9819 0
7231 1
5941 1
2260 1
6894 0
5160 0
4120 1
3159 1
9277 0
9143 1
1729 0
3670 1
9011 1
3670 0
1517 0
7411 0
8923 0
3670 1
3670 0
1583 1
3670 1
9975 0
3670 0
4008 0
3670 0
8165 0
8682 0
3445 1
2368 1
1763 1
5965 1
6797 0
6773 1
4829 0
3670 1
4532 0
7656 0
8303 1
7282 0
5755 1
9769 0
2718 0
3670 0
6681 1
7863 1
1904 0
5291 1
5109 1
6322 1
3670 0
1351 1
7472 1
9190 1
8805 0
3670 0
8319 0
9224 0
1867 1
3328 0
3670 0
1008 0
3670 0
4111 0
5330 1
6457 0
6913 0
2585 0
8161 0
6380 0
3670 0
3670 1
2662 1
3670 0
6901 0
5831 0
7202 1
1877 0
5166 1
3670 1
3670 0
3012 0
1720 1
3670 0
2294 0
3670 1
3310 1
3122 0
3670 1
4581 1
8748 1
1937 1
1884 0
3670 1
6075 0
3588 0
7768 1
1078 1
3200 1
1591 1
5869 0
8618 1
3670 1
3670 0
9744 0
3670 1
3670 1
3670 0
3670 0
4411 1
5549 1
3670 1
3909 0
3670 1
1942 0
8941 0
8335 1
4547 0
2008 0
9784 1
3670 0
8583 1
6899 0
3670 0
9880 1
3670 0
4623 0
3062 1
8885 0
4444 0
7793 0
7213 0
3670 0
6962 1
4518 1
1751 0
8925 1
3393 1
5196 1
3670 0
5824 0
3617 1
3670 1
5493 1
8807 1
3670 1
9138 0
4893 0
3670 0
4099 0
3670 1
8546 1
1155 1
3670 0
1123 1
9455 0
7834 1
8772 1
3670 1
3670 0
7311 1
7781 1
3279 0
3602 1
3895 1
4018 0
3670 1
7822 1
9586 0
2778 1
8028 1
9729 1
9431 1
7679 1
3670 0
9171 1
3189 1
9367 0
4378 0
7162 0
6980 0
6731 1
4220 1
9068 0
6897 0
5806 1
3525 1
3332 0
9961 0
3670 1
1336 0
1686 0
4649 1
1654 1
1333 0
3670 1
9687 1
9564 0
3670 0
2282 1
3867 0
1555 1
3670 0
3759 1
3670 0
9913 1
9475 1
1092 0
3563 0
8751 0
1034 0
3670 1
3670 1
3670 1
9402 0
2646 0
9248 1
3670 1
8725 1
2950 1
3090 0
5127 0
3725 0
3670 1
1080 1
6835 1
5833 0
5081 1
4912 0
2669 0
1414 0
6283 1
1093 0
3075 0
9738 0
3670 0
7481 0
9197 0
5313 1
4303 0
6259 1
8449 1
6976 1
7170 1
3988 0
7239 0
7324 1
3243 1
9594 0
1858 1
4791 0
5490 0
3670 1
3670 1
3670 1
5051 1
1292 0
7737 1
3670 0
1587 0
3670 1
9870 0
2013 0
3856 0
5329 1
7581 0
2632 1
2924 0
3670 1
3364 0
1303 0
1946 1
8596 1
3217 1
4905 0
3670 0
3722 0
2706 0
1983 0
7996 1
3670 0
3670 1
3670 1
3715 1
1397 1
4180 0
6876 1
3450 1
6491 1
3670 0
3670 0
3345 1
6471 1
5252 0
7967 0
8364 1
2544 1
5773 0
8223 1
2066 1
4060 1
5373 0
3670 1
6753 0
1658 1
8536 0
2047 1
6298 1
5783 1
9574 0
3670 1
3670 0
4983 0
4920 1
1673 1
2331 0
7219 0
5618 0
1917 1
6700 0
3626 1
3670 0
8028 1
9734 0
1867 0
3670 0
1799 0
3670 1
2439 1
4785 0
3670 0
6103 1
5090 1
1277 0
7799 0
3670 0
3670 0
6332 0
9437 0
3670 0
3670 0
8917 0
6327 1
3670 0
3670 0
1023 1
3670 1
3116 1
2036 0
7369 0
3670 0
2333 0
3555 1
3035 0
6474 1
2202 1
8577 1
8194 0
6736 1
3590 0
2184 0
3470 1
2537 0
6872 0
3670 1
5735 0
9825 1
7106 0
1730 1
4587 1
2739 0
7343 1
1633 0
7477 0
3709 1
5416 0
3670 1
1819 1
3603 0
8600 1
2496 0
7010 1
7302 1
1062 1
7329 0
4508 0
6422 0
5514 1
8063 0
2343 1
9209 1
3670 1
1011 0
4060 0
4420 1
4258 0
1111 1
9743 1
7547 1
1601 1
9608 0
1111 0
7625 0
8792 0
3670 0
3670 0
1423 0
3670 0
3670 0
3209 1
3670 0
3670 0
2378 0
5054 0
6544 1
4855 1
2863 0
8333 1
4738 0
3670 0
5754 1
7282 0
3670 0
1202 1
5256 1
8153 0
3670 0
1207 1
7375 1
7613 1
5738 1
7844 0
5126 0
1891 0
6746 1
8155 1
3743 0
5006 1
5616 0
1505 0
7618 0
2445 0
3479 0
3670 0
3066 1
2199 0
3670 1
3187 1
7194 0
9162 1
9667 1
3670 1
7499 0
3567 1
3927 1
3345 0
1896 1
8879 0
1202 1
3670 1
1306 0
7325 1
1962 0
7044 1
3670 0
3670 1
2481 0
3670 0
9747 1
3670 1
6703 0
6480 1
3670 0
7178 1
8140 1
3670 1
4245 1
3920 0
3670 1
3670 0
7423 1
9948 0
5085 0
3720 1
6113 1
3670 0
2775 1
8641 0
3312 0
8464 1
4712 1
2819 0
8327 1
1734 1
3670 1
3689 0
4174 1
8507 0
3670 1
2440 1
9904 1
3670 0
3670 0
1904 0
3086 0
3670 1
3670 1
4029 1
4555 1
3062 1
6499 0
8787 0
9570 0
7706 0
3670 1
3670 0
2976 1
5964 0
6346 0
3670 1
5161 0
3670 0
6484 1
3038 0
3670 0
2935 0
7898 1
5947 1
3213 0
3826 0
6498 1
8011 1
7493 1
9032 1
7236 0
8369 1
9922 1
6658 0
3670 0
2658 1
8130 0
1856 0
1249 0
9162 1
6382 0
3670 0
3669 1
3592 0
3670 0
2261 0
3919 0
2050 0
3670 0
4846 1
6525 0
3670 0
3670 0
3670 0
5206 1
7798 1
3670 0
9625 0
3544 0
3670 0
9197 0
1395 0
4272 0
1508 0
3670 1
3670 0
2579 0
6576 0
4999 1
3641 1
3670 1
9933 0
4255 1
8152 1
3670 0
8118 1
5546 1
4477 1
1053 1
3670 0
3670 1
1540 1
7406 0
8180 1
6019 0
3670 1
6126 0
5777 0
6383 0
2038 1
3670 0
3670 0
4349 0
5276 0
7578 1
6353 0
2225 1
3670 0
4825 1
3670 0
5578 1
6125 1
5429 1
3670 1
3670 1
1570 1
3557 1
5267 0
3670 1
6620 0
3670 1
3670 0
1706 1
4184 0
3670 1
4476 0
1905 0
3670 1
7998 0
3670 1
3670 0
6695 0
2587 1
1803 0
5987 0
7377 0
5483 0
3670 1
4816 0
3670 1
3670 0
2409 1
1300 0
1235 1
3650 0
6772 1
4078 1
8998 0
6014 0
3670 0
3670 1
6432 1
5193 0
2845 0
3670 0
2303 1
1426 1
5315 0
7054 0
1119 0
3767 0
9236 1
9932 0
1482 1
3670 1
8404 0
7839 0
3670 1
3670 1
9330 1
4993 0
9502 1
8651 0
1584 0
7711 0
4035 1
8791 0
6631 0
9678 0
3011 1
9980 0
8599 1
2402 0
7228 1
3755 0
6297 1
8578 0
3670 1
9741 0
7789 0
3670 0
9004 1
3670 1
3670 1
6942 1
4405 0
8579 1
4140 1
7493 0
7476 1
4490 0
3514 1
8871 0
3670 0
3670 1
3670 0
3670 0
3670 0
3779 1
4272 1
3670 1
3607 1
1826 1
3670 0
2055 0
4787 0
2287 1
5730 1
9930 0
1061 1
4333 0
2450 1
7044 1
3479 0
2429 1
6602 1
4602 0
3670 1
6656 1
3670 0
3670 0
2011 1
3670 1
8907 1
8141 0
8591 0
3744 1
9037 1
6618 1
8928 1
3670 1
1260 1
8623 0
1106 0
3670 0
2253 0
3670 0
1547 1
3670 0
4143 0
3670 0
8229 0
4102 1
2277 0
3670 1
