608 3305
7115 0
3305 1
6111 0
4392 0
2631 0
3305 0
5298 1
7023 0
1429 1
3305 1
3305 1
9921 1
3375 1
3305 0
4972 0
5563 1
3305 1
7511 0
6336 1
8762 0
7657 0
5274 1
3305 1
3305 1
5922 0
3195 0
1212 1
7212 0
4723 1
7411 0
3305 0
9502 1
4631 1
4247 1
5465 0
6127 1
1761 1
1959 1
2537 1
7818 0
4091 0
3305 0
4399 1
6209 0
5862 0
9438 1
9619 0
5872 0
2908 1
5577 0
3973 0
3305 1
3305 0
5699 0
3305 0
3305 1
2268 1
3305 0
3305 0
1415 0
3516 0
7155 1
3305 1
7392 1
2340 0
4391 0
5300 0
3305 0
4264 1
9888 1
7655 1
1172 0
7327 1
3292 0
1158 1
2116 0
7404 1
9512 1
3889 1
3305 0
4191 1
9111 1
8695 0
7520 0
5912 1
1844 1
8438 0
2007 1
3305 0
3305 1
3629 0
3305 0
3645 1
3305 1
2743 0
8941 1
3026 1
1691 0
5679 0
3305 0
3305 1
1597 1
3305 1
9692 1
3305 0
5023 0
1247 1
6069 1
7998 0
1798 0
2874 0
5442 1
6040 0
8641 1
4008 0
6064 1
7214 1
7306 0
3305 0
3305 0
2170 0
1397 1
5839 0
3305 1
8827 1
3305 0
6746 1
6452 0
3305 1
4170 1
9946 1
4235 1
3305 0
9057 0
1778 0
9617 1
5385 1
3305 0
8601 0
5465 1
8635 0
3305 1
8994 1
3305 0
8775 0
6389 0
2234 1
7657 0
3305 1
3305 1
7960 0
3305 1
5663 1
1597 0
3305 0
1983 1
3305 1
3305 1
3115 1
3305 0
3305 0
5525 1
7088 1
1468 1
3305 1
3305 1
3305 1
3846 0
8851 0
8779 1
1895 0
4345 1
4636 0
3305 0
3305 1
3305 0
3305 1
3305 1
3305 0
7099 1
3305 0
6466 1
4365 0
6171 0
4246 1
9495 1
6535 1
4044 1
4036 0
7108 0
4027 0
3305 0
8720 0
6894 1
6030 1
4698 0
3305 1
3305 0
5938 0
3305 1
3305 0
3305 0
5866 0
5403 0
1475 0
7369 1
3305 1
2426 1
1166 1
9146 1
4818 1
3305 0
3305 0
5707 0
5006 1
6064 0
9598 1
9130 1
3305 0
4057 1
5274 1
8781 0
3305 1
9508 1
2567 0
3305 0
8669 0
2416 0
3466 1
3305 1
5199 0
6308 1
3305 1
3305 0
3305 0
6632 1
3305 0
8096 0
6766 0
5534 1
8001 0
7460 1
7328 0
8823 0
9100 0
4802 0
8377 0
1141 1
3305 0
3997 1
6406 1
1238 0
7049 0
4971 1
3873 1
8499 1
3305 0
1446 0
3305 1
3656 1
3305 1
2934 1
4784 1
3305 1
8964 0
7359 0
3305 0
6747 1
5923 1
3200 1
3305 1
9369 0
2455 0
9065 0
3305 1
2351 1
4077 1
2325 1
5425 1
3305 0
3050 0
9670 0
3305 0
3305 1
7728 0
3305 0
2733 0
6519 1
7664 1
3305 1
3305 1
3421 1
3305 1
7227 1
3305 0
9332 1
4412 1
5320 1
9856 0
6106 1
5673 1
8374 0
1795 1
3618 1
2463 1
6701 1
3490 1
9895 0
9034 0
2044 0
1718 0
3106 0
4980 1
6802 1
5852 0
7290 1
7052 1
3305 1
5828 1
7457 0
3305 1
2302 1
4408 1
3305 0
4355 1
1621 1
3305 0
3099 1
9005 0
3158 0
5345 1
5929 1
7232 0
7992 0
3733 0
3305 0
2357 1
9248 1
7447 1
2351 0
3305 0
2382 1
7311 0
1895 1
3305 0
4658 1
5394 1
4104 0
9704 0
7151 1
8503 0
4291 1
3305 0
2983 1
1231 0
6471 1
5444 0
9749 0
5133 1
7987 0
8457 0
4411 0
1076 0
1831 1
3305 1
2654 0
1105 1
8714 1
4162 0
3305 1
3305 1
3305 1
3305 0
6279 0
6355 0
4538 1
3305 0
3305 0
3305 1
3305 0
3698 1
4212 1
5083 1
6039 0
1685 1
4311 1
3305 1
8307 1
8883 1
1571 0
4161 1
9188 1
8588 0
1407 1
3305 0
9638 1
3949 1
6187 0
2986 1
3305 1
3305 0
2456 1
3369 0
4847 0
3305 0
2424 0
5109 0
6207 0
3305 1
3016 1
1433 1
2025 1
9833 1
3305 1
8686 0
9559 0
8335 0
9796 1
3355 1
4428 0
6027 1
3305 1
8725 0
8559 1
5466 0
6220 1
3305 0
2079 0
3305 1
9255 0
9802 1
7069 0
7417 1
6142 0
2053 1
3305 1
3373 1
6118 1
7197 0
5425 1
6007 0
3305 0
3305 1
7916 0
9966 1
8359 0
2251 0
3305 1
9145 1
4297 0
1108 1
3305 1
2986 1
9599 1
3305 1
1395 1
3305 1
4903 1
3305 1
5421 0
8868 1
9513 0
2934 1
1363 1
3515 0
3075 1
3470 1
3500 0
5171 0
7455 0
3305 0
3305 0
9853 0
3305 0
3566 1
4027 0
4821 0
3710 0
2544 0
3305 1
3305 0
3747 0
3305 1
2218 1
3305 0
9684 0
6540 1
5910 0
4708 1
5977 1
7097 1
3305 1
2723 0
3305 1
5647 1
3305 0
3305 0
3305 0
2416 1
3305 1
3739 1
4125 0
3408 0
1676 1
3305 1
3305 0
5163 0
3305 0
3305 0
8748 0
7517 1
2196 1
9583 0
3305 0
7028 0
3305 0
2172 0
4205 1
1885 1
2109 0
7209 0
4726 0
5922 1
5506 1
5806 1
9216 0
3829 0
3783 1
7900 0
5413 1
1352 1
7982 1
6016 0
3305 1
1931 1
3305 1
2484 1
5313 1
8096 1
3348 1
3305 1
9337 1
6245 0
7558 0
6655 0
7586 1
8387 0
5802 1
4708 1
8309 1
3305 0
8141 1
9959 1
3407 1
3305 1
5975 1
3305 0
5885 1
3305 1
3305 0
2516 1
9825 0
1963 0
7325 1
5456 1
2391 1
3305 0
2522 0
2516 1
2385 0
6531 0
7344 0
8177 1
2485 0
3305 0
3305 0
7321 0
3305 0
4335 0
3305 0
3305 1
1385 0
6916 0
3305 1
3305 1
8016 0
7430 0
9095 1
3768 1
5026 1
5158 1
6807 0
7192 0
1461 1
2074 1
7216 1
4843 0
1132 1
6670 1
3308 0
9634 0
7093 1
3305 0
3305 0
7265 1
3305 1
4895 1
4460 0
