8833 5417
5296 0
6730 1
7967 1
2543 0
9379 0
2146 0
3114 0
5417 1
4484 1
5417 0
5417 1
6259 1
4108 1
5417 0
4363 1
1485 0
4367 0
7564 0
6036 1
5417 1
1574 1
1762 0
7021 0
7482 1
8788 0
3711 0
5417 1
3651 1
5417 1
6485 1
9130 0
9704 0
5417 0
5417 0
5417 0
8674 0
5417 0
8587 1
1519 0
1522 1
8090 0
5417 1
1562 0
5417 0
5417 1
3632 1
1541 1
5689 1
3067 0
7617 1
8308 0
6903 0
8335 1
6250 1
3868 1
5417 1
5417 1
4741 0
9430 0
8849 0
5417 0
1594 0
5417 1
3412 1
5417 1
6318 1
5417 1
5417 0
5417 0
5417 1
2240 0
1926 1
5417 1
2622 1
3748 1
8129 1
1846 0
5417 0
5436 1
7989 0
4053 1
5417 1
2551 0
7708 1
9330 0
5417 1
8171 0
6842 0
7630 1
5417 0
1534 1
2604 0
4200 0
3104 0
9812 1
6494 1
5925 0
3486 0
1892 0
1167 0
9498 0
6376 1
9638 1
3003 1
5602 1
1916 0
1369 1
2698 1
9869 0
3022 1
5417 0
5953 1
6606 0
5417 1
7659 1
9613 0
5417 1
4621 1
5417 1
3723 0
8995 0
2787 1
5076 0
5417 0
2021 0
8227 1
2656 1
9564 0
1538 1
2027 1
9751 0
1570 1
2997 1
9377 1
5417 1
6439 0
6200 1
5575 0
2832 1
5417 1
7763 0
4867 0
5417 1
9142 0
4440 1
5417 0
7687 1
5312 0
1946 1
9793 1
6529 1
5417 1
4854 0
5417 0
7798 0
8765 0
4405 1
5417 0
5417 0
1988 0
4388 1
5417 1
4730 0
8023 0
5417 1
5959 0
5417 1
6321 0
7078 1
2875 1
2984 0
4039 0
8592 1
3322 0
7697 0
1232 0
1068 0
1991 1
1868 1
9929 0
6268 0
3060 0
4661 0
2280 0
3526 1
3253 1
2642 1
7315 0
5417 0
5417 1
6033 0
2301 0
1713 0
2726 0
5417 1
5417 1
4377 0
1202 1
4447 0
5417 1
7133 1
2775 0
6833 0
5417 1
5154 0
4043 0
8179 1
2557 1
9111 0
9911 0
3298 0
1790 1
5314 1
5417 0
4429 0
8037 0
3705 1
3930 1
2523 0
1367 0
6917 1
5417 1
1226 1
5540 0
6737 1
1825 0
7883 1
7270 1
5519 0
5417 0
4420 0
5417 1
6488 1
5417 0
7313 0
9683 1
6483 0
7672 1
2566 1
4095 1
7148 1
1568 1
5609 1
4988 1
5417 0
5417 0
5417 0
2371 1
1003 1
7113 1
3501 1
5417 0
1227 0
6161 0
7976 0
5819 0
9975 1
2167 1
8842 1
5417 1
3950 1
3803 0
9083 1
5410 0
5417 0
5417 0
8875 1
6793 0
5417 1
3175 0
5417 1
1274 0
5081 1
8897 1
1926 0
8032 0
5880 0
4756 1
7901 1
9156 1
4596 0
5873 0
5417 0
1539 0
3322 0
5417 0
3052 0
7932 0
5417 0
1783 1
9906 1
8556 0
5417 0
8212 0
5417 1
4854 1
3802 1
7978 1
9919 0
3472 0
1607 0
5417 1
8954 1
1755 1
6319 1
2377 1
1528 1
7348 1
5417 1
9183 1
5417 1
5417 1
8062 1
9649 1
8283 0
6188 0
5417 1
8913 0
7256 0
9113 0
2500 0
5417 0
1160 1
5417 0
6783 0
4388 1
5417 1
3520 1
5417 1
5417 0
5024 1
5417 1
7505 1
8741 1
8902 0
7124 0
5417 0
3521 1
4780 0
3635 0
1403 1
5427 0
5916 1
1554 1
5417 1
5417 0
5417 1
2082 1
5888 0
4234 0
2452 1
6195 0
2053 1
5417 0
5417 0
8658 1
2325 1
1537 0
8972 1
5417 0
5417 1
9578 0
3232 1
3640 0
5417 0
6758 0
4727 0
9500 1
5417 1
5944 1
3970 1
9882 0
5417 0
5417 0
5417 0
9037 0
4865 0
4093 1
8331 0
2246 1
5699 1
5476 1
9114 1
5417 0
9896 0
4932 1
8006 0
5417 1
4845 0
3176 0
5417 1
7617 0
8211 1
5417 1
1246 1
7996 1
8494 0
8030 0
5417 0
8750 0
4033 0
6345 1
3963 0
8526 1
6813 0
8476 1
1036 1
3880 1
2082 1
5417 0
3740 1
8544 1
2476 1
1882 1
5943 0
7421 1
5570 0
9926 0
9565 1
4848 1
1529 1
4947 0
4710 0
7437 0
3394 1
7812 0
8059 0
8342 0
8857 1
1455 1
5417 0
5417 0
4143 0
5417 0
5417 1
7302 0
5935 0
1989 1
2613 0
9516 0
6983 1
5417 1
7000 1
5162 1
7978 1
9211 0
9880 1
5417 0
1257 1
2871 1
2387 1
5417 0
7784 1
2136 1
6298 0
4276 1
5417 0
3430 0
2698 0
5417 0
6824 1
2527 0
8043 0
5417 1
8702 1
9404 0
8821 0
5417 1
2329 1
6271 0
6699 0
9875 1
2402 1
5417 1
1712 0
6767 0
5417 1
3603 0
5417 1
7991 0
2497 1
9584 1
6087 0
4661 1
8869 0
5417 0
3822 1
2922 0
5526 0
5449 1
5417 0
8686 1
8270 0
1709 1
5417 1
5417 1
5417 0
1174 1
5417 1
5417 0
4573 0
3771 0
7311 0
5997 1
1619 0
2329 1
5417 0
4461 0
1319 1
9999 0
8954 0
6082 1
2364 0
1700 0
7966 1
1088 0
3221 0
4570 0
5417 1
6391 0
7789 0
2991 1
7565 1
5417 1
4024 1
1990 0
5417 0
6767 1
9991 1
2563 1
7954 1
5417 1
6881 1
5417 0
5417 1
5417 1
5417 1
8625 1
5221 0
5417 1
1786 0
4703 1
3488 1
1844 0
5077 1
2918 1
9434 1
9975 0
5417 1
3158 1
1499 0
5417 1
6427 0
8916 1
7112 1
5417 0
3437 0
1876 0
3835 0
1772 1
3930 0
1781 0
6964 0
5417 0
5920 1
5417 1
5417 0
6191 0
7114 0
9935 0
4033 0
5417 0
5417 0
3713 1
9677 1
3775 0
1856 1
5417 0
4319 0
9058 0
5417 1
3326 1
4976 1
6908 0
9621 1
6650 0
5417 1
5417 1
8055 1
6351 0
4460 0
5908 1
8234 0
9562 0
6470 0
6091 1
2741 1
8518 1
6151 1
2409 0
6186 0
5598 1
3227 1
5810 0
2648 0
8894 0
5417 1
9939 0
6102 0
2969 1
8891 0
9274 1
5565 1
6442 0
5417 0
6053 1
4947 1
1872 0
3996 0
5417 0
9389 1
5417 1
8677 1
5417 0
5417 1
5914 0
2797 1
5417 0
7043 1
5417 1
6018 1
5417 0
3978 1
1886 0
9564 1
4608 1
5417 1
5500 0
2060 0
5438 1
6490 0
8860 1
2298 0
4126 0
7938 1
9306 0
7497 0
1603 1
3858 1
1703 1
9989 1
8663 0
6932 0
8180 0
7666 1
4068 1
4078 0
3984 0
5417 1
3949 1
4212 1
7317 0
9283 1
3548 1
4642 0
6323 1
4662 1
9499 0
3291 0
8941 1
5417 1
9107 1
7601 1
3889 0
2982 1
1934 0
5417 1
4199 1
1050 1
5417 1
5417 1
7553 1
4271 1
4658 0
4328 1
6547 1
9760 0
9296 1
5417 1
8557 1
3378 0
3349 1
6825 1
6760 0
5417 0
7017 0
3564 1
5417 0
9927 0
9987 0
8545 1
8275 0
1624 1
4801 0
7913 0
5417 0
5901 0
5417 1
7360 1
7287 1
5417 0
2805 1
3357 0
4762 1
5417 1
5417 0
1138 0
6052 0
5417 0
7781 1
9626 0
1443 0
5417 1
5417 1
5417 1
7747 1
7295 1
9235 0
3755 1
2665 1
1856 0
7406 0
7596 1
2412 0
8399 0
5833 1
1690 0
8772 1
6991 0
5417 1
1029 0
1587 1
5417 1
8460 1
9872 1
8272 0
1457 1
5417 0
7606 0
5101 1
5417 0
5106 1
2212 1
5417 0
7843 1
5460 1
9023 1
7765 1
5417 0
5830 0
4806 1
1014 1
5120 1
3684 0
3112 0
7353 0
8819 1
8556 0
6103 0
4798 1
7117 1
7404 1
5921 1
4003 1
7085 1
5417 1
2574 0
5417 1
5417 0
4095 0
6305 0
5417 0
5417 1
1736 0
5417 1
1485 0
2269 1
2173 1
3747 1
2112 1
6345 0
5130 1
7003 0
3064 1
6033 1
4676 1
2735 0
5417 1
3997 0
6912 1
7043 0
7622 0
7153 0
5417 1
7969 1
5417 0
6095 0
7534 1
3070 0
5417 0
2918 0
6640 0
5417 1
4018 1
5234 1
4484 0
5152 0
5417 1
9240 1
5417 1
3479 0
1353 0
5417 1
2684 1
5417 0
6277 1
4143 0
8977 0
2518 1
3793 1
1833 0
1664 0
2018 1
1497 0
6480 0
5417 1
3105 0
8338 1
5016 0
5417 1
5417 1
9787 1
2649 1
1487 1
5417 1
8096 1
8481 1
5143 1
2300 1
4786 1
5417 1
2468 0
2255 1
5417 1
7422 0
5417 0
2455 1
9801 0
3629 1
5172 1
3151 1
5417 1
5417 1
5417 1
3215 0
3472 1
1569 0
6947 1
2140 0
4013 1
5417 1
4291 0
9604 1
5417 1
5417 0
9761 0
2147 0
3602 1
7212 0
4721 1
9962 0
2726 0
3369 0
9326 1
1387 0
6845 1
6623 0
2645 1
9851 1
2696 1
2686 1
3449 0
9158 1
7668 1
1118 0
8469 1
4936 1
8344 0
7613 0
8690 0
1069 0
8410 1
5417 1
8251 0
2089 1
2665 0
9087 1
5417 0
4828 0
5417 1
5417 1
2715 0
5417 1
3314 1
3811 0
7706 0
3073 0
5417 0
5495 1
4979 1
3857 1
4630 0
6345 0
8040 0
5813 0
5417 0
3326 0
5417 0
5417 0
5541 1
8971 0
4580 0
7983 0
6221 1
5715 1
5417 0
3997 1
7571 1
8535 1
5908 1
7775 0
4622 0
4326 1
5012 1
2043 1
6114 1
5999 0
4762 1
2075 1
5984 1
5435 0
5417 0
5417 0
3890 0
7902 1
8945 0
5060 1
7411 0
5417 0
8630 1
5417 0
4939 0
3530 0
5742 0
5417 1
5417 1
5223 1
6817 0
5215 1
5417 1
2830 0
8784 1
5417 0
2504 1
5417 0
5417 1
1228 0
7440 1
7277 0
5417 1
5579 0
7992 1
5417 0
6892 1
1262 0
8357 0
1386 1
1614 1
5417 0
6314 1
6678 0
2257 0
6601 1
5224 0
5417 1
5650 1
1360 0
1746 1
5417 0
2820 1
5417 1
8511 1
6268 1
9303 0
7799 0
3187 0
7837 1
5549 1
6295 1
5008 0
5479 0
7633 1
5244 0
5926 1
5109 0
4264 1
8633 1
4316 0
2902 0
4188 0
1999 1
6945 0
1409 1
4647 1
5417 0
5417 1
2768 0
7753 1
5417 1
5417 1
8116 0
5417 0
2863 1
6161 1
5417 0
5417 1
7739 0
5417 1
3718 1
5077 1
4898 0
6841 0
6857 0
1811 1
5417 1
4491 1
5417 0
8650 1
4186 1
5417 0
3305 1
1394 1
1551 0
5417 0
5594 1
1239 1
5417 0
7560 0
9445 0
5417 0
4775 0
8366 1
5417 1
5417 1
1619 0
4148 0
4177 1
1767 0
9200 0
2821 1
2073 1
5417 1
5023 1
5279 0
2470 0
2438 1
4688 1
2088 0
5580 1
1336 0
8185 0
4814 1
4107 0
5721 1
7404 1
3354 0
8804 0
5783 0
5417 0
5417 1
5417 0
6652 1
5417 1
3485 1
9757 0
5417 0
2792 1
2498 1
5417 0
7182 1
8554 1
6631 0
1422 0
8010 1
5417 1
5417 1
5417 0
3616 1
2650 0
3495 0
4545 0
5417 0
5417 0
5679 0
3454 0
7816 1
5417 0
6243 0
1322 1
4545 1
9266 0
8993 0
4805 0
6641 1
4977 1
5417 1
9792 0
2808 1
5417 1
5417 0
2103 1
5738 1
1037 0
8479 1
5970 1
5492 0
5417 0
5417 1
5417 0
6421 0
5202 0
5417 0
4531 1
3024 0
6862 0
5417 1
9402 0
2246 1
8714 1
9679 1
6100 1
1302 0
3874 1
9759 1
7339 0
5417 1
3101 1
9244 1
5649 1
9486 0
4761 1
9371 0
9351 1
5804 1
5417 1
4579 1
3235 0
1054 1
1451 0
1174 0
9072 1
9815 0
6729 1
4118 0
5513 0
1290 0
6311 1
5417 1
8523 0
2686 1
5417 0
5980 0
5417 1
7790 0
5417 1
9054 0
4765 1
7759 0
5417 0
3301 1
5157 1
5417 1
2966 0
6770 0
5417 1
5417 0
1291 0
8671 1
5417 1
1175 1
4163 1
6082 1
4735 1
6648 0
5417 1
5626 1
5734 1
5417 1
8736 0
5417 0
4838 0
5417 0
4752 0
7841 1
4227 1
8931 1
1405 1
1893 1
8329 0
7065 0
5570 0
4250 0
3445 0
7723 0
4089 1
8751 0
5417 0
2141 1
4248 0
5417 0
5417 1
8698 1
7667 1
8725 1
6070 0
5417 1
3861 0
7353 1
2250 0
5417 1
5122 1
8690 0
7389 0
2408 1
1133 0
3556 1
9617 0
5417 1
9261 0
5417 1
3416 0
5417 1
2797 1
5417 0
6794 1
7717 0
5417 0
2420 1
2037 1
1793 0
8103 0
5166 1
7878 0
9676 1
1584 0
5391 1
5417 0
9088 1
5417 1
7517 1
5417 0
2612 0
5417 1
5417 1
5811 1
2839 0
5417 1
1383 0
1972 0
7412 0
9718 0
1573 0
5788 0
3904 1
7337 0
1978 1
5761 0
5417 1
2395 1
8485 0
9483 1
5417 1
2749 0
7537 0
7794 0
5131 0
3462 1
8223 1
1526 1
5417 1
5417 0
1454 1
5417 0
7094 1
6236 1
7250 1
7011 0
8738 0
1567 1
5417 1
9671 1
6020 1
3826 1
5457 0
6188 1
4457 0
5417 0
6323 1
2413 1
5417 1
4137 0
1160 1
6180 1
6359 0
1816 0
4356 1
5417 0
7404 0
1079 1
2493 1
1826 0
4488 1
1931 1
5798 1
9214 0
3316 0
8545 1
1663 1
6978 1
2627 0
3045 0
6599 0
7666 1
2266 0
2224 0
9351 1
8186 0
4835 1
5417 0
5417 1
7855 1
7252 1
1204 1
7870 1
6488 1
5417 1
8906 0
1124 0
5071 1
9151 1
1797 1
8852 0
6792 0
5455 0
3126 1
1955 0
1157 0
3047 0
5417 0
9609 1
5417 1
8709 0
7562 0
4354 0
5417 1
8409 0
1443 1
4893 0
5417 0
5417 0
5417 0
5542 1
5417 1
6617 1
5417 1
3266 1
5417 1
7503 0
7933 1
6672 1
7920 1
9155 1
2798 1
9706 0
5417 0
8872 1
2139 1
3622 0
5417 0
8769 0
5441 1
5417 0
5417 1
1157 1
2325 0
7715 0
6453 0
7730 1
2063 1
5547 0
4316 0
8758 1
2120 1
9989 0
1656 1
5417 0
3506 0
7904 0
5417 0
5417 1
8123 0
8144 0
6979 0
1071 0
6310 1
4968 0
8300 0
5417 0
7726 0
3522 0
3029 0
4435 1
9158 1
9990 1
2943 1
2236 1
8538 0
4223 1
1340 1
5417 1
5417 0
5305 0
6093 0
5417 1
9302 1
5417 0
5417 1
3125 0
8015 1
2238 0
5417 0
6292 1
8760 0
8039 1
5755 1
4876 1
5140 1
4998 1
5417 0
1407 1
5417 0
8932 0
2576 0
7689 0
5728 1
7835 0
2711 1
4203 1
5417 1
3352 0
5417 1
1880 1
7165 0
5417 1
5417 0
5362 0
7549 1
8517 0
5417 0
8612 1
4165 1
8429 1
3075 0
5417 0
4490 0
5417 0
8931 0
5417 1
1440 1
6666 1
5233 1
3760 1
1991 0
9333 1
6785 1
7627 1
7513 0
9113 0
8262 0
3280 0
8571 1
7441 1
9340 0
5417 1
5417 0
5417 1
2030 1
6625 0
1150 0
5821 0
2687 1
5417 1
4756 0
2959 0
8506 0
7034 0
6051 0
5417 0
2713 1
5417 1
8353 1
8511 0
5417 0
8622 0
5857 1
5081 1
5417 0
9858 1
3580 1
7051 0
2439 0
7145 1
5656 1
9832 1
8764 0
7008 0
5417 1
6582 1
5417 0
5417 1
1667 0
1758 0
8975 1
6910 1
5417 0
5203 0
2366 1
8088 0
5417 0
1037 0
5417 1
2762 0
5417 0
5368 0
7437 1
5417 0
4862 0
7682 1
5450 1
5950 1
3032 0
9957 1
2719 0
1379 0
6157 0
5417 0
8778 1
5203 0
4302 1
5417 1
8578 1
7962 1
5271 1
6990 1
7369 1
5417 0
9104 0
5234 0
9437 0
5417 1
5417 0
5642 0
5417 0
6267 1
5417 0
8007 1
5417 0
6888 1
3344 1
5417 0
5686 0
5417 1
5472 1
7466 0
5648 1
9073 1
5417 0
8958 0
8297 0
2498 0
6194 1
1880 1
3087 0
7147 1
6285 1
5417 0
3533 1
4642 0
5417 0
2665 1
4163 1
5417 1
4921 1
4442 1
5417 1
5417 1
9461 0
4277 0
5417 0
5417 0
3364 1
5029 0
5544 1
4901 0
5417 0
1807 1
9242 1
5417 1
5417 1
5417 1
4085 0
8319 0
3352 0
5417 0
9792 0
2045 0
9887 1
5759 1
4806 1
9667 0
2452 1
8230 0
3567 1
2959 1
2201 1
6535 0
2937 0
9146 1
9301 1
5946 0
2436 1
5714 1
7312 0
8615 1
5417 0
3640 1
7368 0
8336 0
2415 0
9301 1
4205 0
6914 1
7854 1
5417 0
5417 1
1096 1
3736 0
7457 0
5793 0
7209 0
3862 1
4419 0
1334 1
8188 0
6900 0
8430 1
7627 1
2082 0
5380 0
5019 1
6653 1
6227 0
2531 0
9278 0
3133 1
7063 1
8566 1
5417 1
7793 0
5417 1
5663 0
2316 1
4896 1
5417 1
3901 1
5417 1
2095 1
2297 0
6478 0
9093 1
9737 0
2753 0
1421 1
5317 1
1744 1
5417 1
7997 1
3944 0
5417 0
4434 0
3527 0
9617 0
2370 1
2791 0
5417 1
5146 1
4726 1
9075 0
3019 1
7903 0
3864 0
4046 1
1692 0
8113 0
5788 0
7895 1
2538 1
4392 1
2905 0
5417 0
5417 0
6508 0
9554 0
7598 0
5417 0
2845 0
3571 1
5417 1
4502 1
3519 0
1907 0
5417 1
9233 1
7293 1
2104 0
6684 0
8530 0
5417 1
6241 0
7095 0
6966 0
5225 1
8777 0
6188 1
5417 0
4120 0
7156 0
5686 0
1492 1
2152 0
2662 1
5417 1
1562 0
6691 0
9231 1
8737 0
2807 1
2505 1
5683 0
8089 1
4359 0
5417 0
5417 1
5070 1
1761 1
5417 1
7671 0
3013 0
4512 1
5417 0
2050 1
5417 0
1231 0
1756 0
2922 1
1220 0
4021 1
8044 0
1057 0
5417 0
4288 0
5417 1
2732 1
2964 1
1072 1
5417 0
1527 1
9290 0
5417 1
5417 0
5417 1
2564 1
5417 1
1316 0
3049 1
5417 1
5295 1
7791 1
5417 1
6779 1
2387 0
3084 1
5417 0
7391 0
5417 1
2256 0
5417 1
7001 1
5790 1
5417 1
4059 0
8020 0
4107 1
6698 1
5417 1
5417 0
6155 1
9989 1
3643 0
4240 0
8981 0
3040 0
7413 0
7872 1
4570 0
2775 1
4693 0
5220 0
5417 0
9742 1
5417 1
5417 1
1009 1
4741 0
9214 0
3808 0
8043 0
5132 1
4014 1
9326 1
5417 1
6416 0
5577 1
4131 0
9097 1
9288 0
4048 0
6936 0
1870 1
7375 0
3675 1
9692 1
4989 1
5417 1
1076 1
8491 0
3592 0
5417 0
3816 0
5417 0
1460 0
5454 1
8517 1
4316 0
5417 0
7378 0
5417 1
1069 1
2447 1
9291 1
2435 0
5417 1
3562 1
5850 0
5417 1
8950 1
7719 1
2184 0
2253 1
3700 0
9343 0
1779 0
1026 0
4728 1
6946 1
3481 1
8327 0
3562 0
5676 1
5417 1
8565 0
1971 1
5417 1
5417 1
1850 1
5417 1
8639 0
2316 1
2712 0
5417 1
5868 0
1481 0
8260 0
4045 0
7434 1
8284 0
6149 0
7553 0
9303 0
6639 0
5417 0
5386 1
5417 1
5417 0
2257 1
8408 1
9979 1
7519 1
3697 0
5417 0
4470 1
5417 1
6256 1
1322 1
5417 0
7717 1
5297 1
5417 0
9072 1
5461 1
5755 1
5353 1
7941 0
4198 0
1872 1
6222 1
9181 0
7901 0
5417 0
8083 0
1990 1
5397 1
5417 1
8109 1
8659 1
5417 1
4699 1
6000 1
5417 0
5417 0
9492 1
8662 0
5417 1
2758 0
8737 0
7578 1
5417 0
5696 1
5417 1
4529 0
3479 0
4414 0
5417 0
5057 0
3228 0
1568 1
4369 0
3181 0
5417 1
8685 1
5417 0
3713 1
5417 0
8740 1
9931 0
5417 1
7586 1
2578 0
4148 1
7016 0
8011 1
7427 1
1140 0
9608 0
1777 1
5417 1
7281 0
5417 1
5417 0
7928 0
5417 1
3062 1
5465 1
5417 0
1364 1
9972 1
5417 0
5417 1
6690 0
8678 1
5417 0
9380 0
3937 0
8352 1
4009 1
2083 1
2490 1
3971 1
6456 1
5417 0
5417 0
3324 0
5417 0
5417 1
5604 1
1497 0
9262 1
5743 0
4844 1
5417 0
7412 1
7339 1
7285 0
3089 0
5801 0
5834 0
5417 0
1502 1
5417 1
5250 0
3558 0
5417 1
8396 0
5417 1
3742 1
5417 1
5417 1
6936 1
1824 1
5417 1
7221 0
5417 1
5101 1
5417 0
5417 1
6014 0
6961 0
5417 0
3193 1
5417 1
8355 1
5417 0
5417 1
7261 0
5417 1
3089 0
8146 1
4160 1
7474 0
4824 1
5417 1
8509 0
3167 1
8151 0
2764 0
7744 0
5417 0
6406 1
6918 1
1744 1
2920 0
6636 0
4914 0
5433 1
4510 0
5756 0
4274 0
4378 0
6129 1
8067 1
9840 0
5417 0
9497 0
5417 1
5417 0
4526 0
5417 1
5417 1
1447 1
2177 0
5417 0
7421 1
2379 1
5417 1
5417 0
5417 0
7783 0
2374 1
6354 0
1599 1
5417 1
2213 1
3223 0
5417 0
5417 1
5993 1
6615 1
5417 0
5278 1
7623 0
7297 0
4847 0
5417 0
5417 1
3487 1
2140 1
6062 0
7248 0
5417 0
4247 0
8548 0
6556 1
5417 1
1871 1
2135 0
1974 1
9466 0
5528 1
5417 0
5597 0
8844 1
4745 1
1301 0
9168 1
7363 0
5417 1
5371 0
5417 1
5417 0
4439 0
9982 1
7604 0
3311 1
8177 0
3216 0
5477 1
6226 0
1597 0
9138 0
5856 0
8055 0
5417 0
2114 0
2117 1
8773 0
5597 1
8784 1
8982 1
5417 0
7122 0
9331 0
4738 1
7884 1
5352 1
4743 1
7621 0
5417 0
4660 0
5417 0
6596 0
1071 1
9402 1
4140 0
8376 0
3728 1
4823 0
2444 1
4215 0
1453 1
1620 1
6970 0
5417 1
5417 0
6088 0
1816 0
4544 0
5719 0
5417 0
9282 1
6033 0
9130 0
5417 1
9119 0
2067 0
4508 0
5417 0
6681 1
6660 0
1204 0
9487 1
2872 1
5417 0
5808 1
2279 1
5417 1
5151 1
5139 1
8172 0
2184 1
2388 1
5417 1
8851 1
5417 1
3404 0
9465 1
5417 0
9960 1
1334 0
8105 0
9783 0
8798 0
5417 1
5417 1
2663 1
4821 1
5520 1
8124 1
5417 0
4757 0
6130 1
9664 0
3594 1
5082 0
4667 0
6425 0
7938 0
8917 0
8438 0
5417 0
6938 0
5417 0
5417 0
5417 0
8633 1
4713 1
5417 0
9965 0
5417 0
8347 1
5079 0
6247 0
5417 1
1336 1
8828 0
9915 1
3436 1
9624 1
5417 0
8048 0
3748 1
7827 1
5417 0
5417 1
4787 1
9778 0
3684 1
5417 1
6767 0
7910 0
1438 0
8980 0
8450 1
5417 0
3304 1
7091 1
6870 1
6906 0
9098 1
6592 0
2394 0
2596 1
5547 0
5417 0
6198 0
5886 1
4107 1
8690 0
5254 1
1531 0
7201 0
3855 1
1691 1
2431 1
1468 0
2810 0
5417 1
3513 0
7495 1
9935 1
4951 0
5807 0
1293 0
2036 1
1192 0
5546 0
5417 0
5635 1
5417 1
9483 0
6770 1
1722 0
3881 0
4174 0
5211 1
2755 1
7301 1
6791 0
9628 0
9206 1
7131 0
6582 0
2112 1
9282 0
7077 1
3282 0
2069 1
7896 0
4062 0
4113 0
6917 1
5417 0
8256 1
8998 0
3914 1
6745 1
4979 0
4218 1
9248 0
5417 0
2937 0
8854 1
9446 0
8011 1
3271 1
1966 0
5417 1
3595 0
5417 1
7994 1
5417 0
5547 1
3149 0
7500 0
5417 1
5417 1
5417 1
4583 0
3199 1
5794 1
8959 1
5417 0
3758 1
5162 0
5417 0
8320 0
8427 0
7491 0
5417 0
4610 1
1324 1
6623 0
9915 0
1026 1
2540 1
4312 1
3140 1
6037 0
3625 0
5871 1
5417 0
4971 1
5417 1
8608 1
5417 0
5417 0
8689 1
9640 1
2333 1
5092 1
5417 0
4863 1
6634 1
8599 1
5417 1
8851 1
5152 1
3841 1
9834 0
8519 1
9963 0
5838 1
8753 0
7386 0
7360 0
5941 0
9509 0
1602 1
5417 0
5890 0
9533 1
5417 0
6650 1
2756 1
5417 0
3651 0
9401 0
5417 1
7762 0
6553 0
8883 0
9732 1
7896 1
1899 0
3655 1
5417 1
1107 0
6861 0
1784 1
4240 0
5040 0
8082 1
1657 0
6657 1
2497 0
5417 1
5417 1
5417 0
2531 1
9658 1
2899 1
8045 1
3075 1
5417 0
5417 1
3721 0
2571 0
7190 1
9758 1
8641 0
5417 1
2282 0
5417 1
6101 0
5156 1
2220 0
2294 0
3865 0
5417 1
6093 1
5417 0
9726 0
8977 0
1457 0
6558 0
8066 1
5417 1
6765 1
1338 0
5417 1
2299 0
8116 0
5417 0
5417 1
5417 1
5417 1
3818 0
6203 0
1503 1
7269 0
5417 1
5417 0
2885 1
8311 1
4247 0
5417 0
7007 0
8970 1
7059 0
9334 0
9925 1
5529 0
6081 1
5417 0
5417 1
5417 1
3062 1
4044 0
5417 1
5417 1
6848 1
3534 1
5417 1
7878 0
7629 1
6617 0
3916 0
1815 0
5707 0
5751 1
5417 0
9800 1
3334 1
5417 0
8018 0
2999 0
5417 0
9246 1
5417 0
5417 0
2759 0
5417 0
4592 0
1744 0
1431 1
9929 0
5417 1
1503 1
6472 1
2709 1
8761 1
1521 1
5383 1
5417 0
4700 0
5417 1
4962 0
3466 0
1321 1
6793 1
5417 0
9982 0
5417 1
9705 0
5417 0
5417 0
8373 0
9856 1
5417 1
7970 1
8291 0
5085 1
9939 0
4555 0
6044 1
2917 0
9153 1
5417 0
1957 1
3226 0
7027 0
4443 1
4525 1
8301 0
9745 1
1894 0
2274 1
5417 0
5417 0
9441 1
9019 0
5417 0
3133 1
2267 0
5417 1
5699 0
5417 0
4011 0
5285 1
6653 1
5417 1
5417 1
5417 1
8068 1
1202 1
2469 1
9162 1
5417 0
6276 0
5417 0
5378 0
5417 1
8240 0
5417 1
5417 1
6685 1
5417 1
5417 1
5417 1
8575 0
2763 0
5417 1
5417 0
5778 0
4162 0
9146 0
7763 1
5417 0
5417 0
8676 0
7938 1
2164 0
5120 0
5521 1
1299 1
5417 1
7178 0
2359 1
3379 1
3863 0
8301 1
5417 0
5417 0
4886 1
5735 0
5417 0
2394 1
2427 1
9677 0
7198 1
3079 0
3989 0
5417 1
1348 0
5234 1
7322 1
6960 0
2991 1
2552 0
5417 0
2030 1
1461 0
4451 0
3640 0
2842 0
9881 1
5417 0
5417 0
4872 0
9027 0
3859 1
4889 0
5350 0
6153 0
8794 1
7988 1
5417 0
8132 0
6628 1
7116 0
9157 1
5417 0
5417 1
9953 0
6949 1
5167 1
4957 0
5257 0
9741 0
6370 0
5417 0
5417 0
2135 0
8711 0
5417 1
5417 1
5985 0
2937 1
6877 0
5417 1
3442 1
5417 0
6648 0
7870 0
5417 1
8248 1
4265 1
5417 1
5539 0
1112 1
5417 0
5417 1
5417 0
4536 0
1185 0
5417 1
5832 0
1432 1
4697 0
3576 1
8589 0
3044 1
2848 0
5417 0
4312 0
5417 1
8372 1
1556 1
1989 1
5686 1
5615 0
4204 1
3600 0
5449 0
4247 0
5160 0
5417 1
1321 0
9139 0
2902 1
8823 0
5158 0
7041 1
6893 1
4821 0
9579 1
2117 1
8379 1
8846 0
7653 0
2147 1
5417 0
6984 1
5417 1
3905 1
5079 1
4658 0
3128 1
5417 1
5417 0
9636 1
9274 0
7736 0
1355 1
5417 0
5417 1
2077 1
5417 0
5417 1
1366 1
7182 0
1810 0
3728 1
4548 1
9348 0
8485 1
4574 0
5651 1
5362 0
3212 0
5422 0
6885 1
5336 1
9413 1
5417 1
5132 0
1725 1
4654 1
5417 1
7954 1
5417 1
2673 1
5417 1
4165 0
5094 1
5417 1
2155 0
8199 1
4780 0
4875 1
3838 1
5417 0
4413 0
5417 1
2946 0
9813 0
5417 1
7495 0
5417 1
2535 0
1944 1
3945 1
5417 0
7083 1
4195 1
5417 0
1315 1
5303 0
3567 1
3635 0
5170 0
6114 1
5417 1
1888 0
7971 1
2166 0
7978 1
9800 0
5417 0
2355 1
4990 0
9161 0
2627 0
8039 1
7351 1
1742 1
2276 1
2955 0
8889 0
5417 1
5417 1
5417 0
3895 1
5417 0
1180 1
5785 1
9984 0
6877 1
3236 1
3080 1
5417 1
4303 1
1815 1
4710 1
4427 0
1800 0
1423 1
5417 1
5417 1
7439 0
5417 1
9732 1
8859 0
5417 0
1396 1
2863 1
3801 0
4897 1
9854 1
5417 0
3411 1
7620 0
7352 0
3563 0
4318 0
7339 0
3814 1
6628 0
5417 0
7378 1
7792 0
5645 1
3476 1
9064 0
1360 1
2884 1
8346 1
5417 1
2949 0
8219 1
8886 1
7641 1
5417 0
5417 0
8774 0
1623 0
9438 1
5417 0
9131 0
2754 1
9254 0
4132 1
5417 0
5417 1
6480 1
2844 1
4901 0
6516 0
5417 0
2051 0
4728 0
5417 1
5417 1
6276 0
8431 0
7901 0
5417 0
5417 0
4334 0
9850 1
2855 1
3991 0
6881 1
6378 0
2654 0
7437 0
5339 0
6207 1
5417 1
9315 1
4852 0
5417 1
6795 0
3677 1
5417 1
1199 1
9768 1
3502 0
3612 1
7845 0
7160 1
2012 0
3799 1
4185 0
5417 0
5319 1
9732 0
2583 1
6125 1
5417 0
1189 1
4701 0
3065 0
5864 0
5417 0
3168 0
7487 0
7220 0
5417 1
5227 1
7571 1
5112 0
6165 1
8230 1
1447 1
6849 0
7353 1
4773 1
6910 1
9604 1
1733 0
7531 1
9981 0
3068 1
5417 1
5417 0
9293 0
6646 1
7772 0
5417 0
5417 1
7333 1
4469 0
3070 0
6837 1
5417 0
5417 1
3400 0
4934 1
3283 0
6769 0
1889 1
8222 0
5417 0
5417 1
6763 0
5950 0
8122 0
1522 0
2808 0
5417 1
5601 1
5329 0
3046 1
2135 1
3830 1
8112 1
8051 0
5823 0
1675 0
4037 0
3711 0
4445 1
1088 1
6279 0
9491 0
9465 1
2742 0
9494 1
7768 0
7850 0
6728 1
1171 1
5417 1
3492 1
6190 1
5417 1
5821 0
5417 0
5417 0
6623 1
8517 0
5417 1
3109 1
3280 0
5997 1
5937 0
5417 0
5417 1
6458 1
7726 1
5417 0
8641 0
8771 0
1885 1
9114 0
5417 1
7235 1
8868 1
9504 0
5417 0
7974 0
8883 0
5417 0
9699 0
2780 1
5417 0
1240 0
1378 0
3804 0
5417 1
1128 1
9703 0
2713 1
7485 1
5417 1
9517 1
5618 0
5858 0
5417 0
5417 1
4046 0
5417 1
5417 1
7908 1
6973 0
4459 0
7996 1
4313 0
1289 1
5417 0
4676 0
7421 1
2217 0
7441 0
5714 1
5977 1
8401 1
1338 0
1026 0
7464 0
3033 0
3390 0
5417 1
4284 1
9966 0
1736 1
3619 1
2892 1
5424 1
5417 0
1232 0
9617 1
5417 0
1201 1
5417 1
5417 1
5417 1
5417 0
5417 0
7216 1
5693 0
9458 0
1856 0
6631 0
3640 0
5417 1
7057 0
5417 0
4223 0
2287 0
8503 1
5417 1
9172 1
5417 0
5417 0
5417 1
2978 1
5174 0
2231 1
2755 1
2067 0
5417 1
3492 0
4041 0
1400 0
5417 0
5417 0
5417 1
4655 1
8688 1
5417 1
4180 0
2599 0
5769 0
8825 0
5417 1
3832 1
8801 0
5969 1
6976 0
3016 0
9415 1
7360 0
5520 1
3486 0
5417 0
5417 0
5417 0
6522 1
9101 0
5417 0
3815 0
8817 0
1380 1
8558 1
6283 0
9751 0
5417 1
3273 0
5417 1
9327 0
5417 0
3067 1
6618 0
6937 0
4616 1
4168 0
6206 0
8846 1
5417 1
3624 1
9303 1
4583 0
2678 0
5417 0
9810 1
1778 0
5417 0
5417 1
5417 0
8999 0
1118 1
7385 0
5417 1
7700 1
9378 1
5321 1
5417 0
5417 0
4585 1
7028 1
2541 0
6378 1
1191 0
4308 1
2008 0
5417 0
5417 0
1101 0
4701 0
8286 1
5417 1
1409 0
9878 1
6192 0
3007 0
5417 0
8305 0
1297 0
5417 0
3972 1
5045 0
5417 1
1515 0
4798 0
5417 1
4979 0
5417 1
5417 0
5417 1
5417 1
1848 1
5417 0
7560 1
7298 1
5417 1
5417 1
5417 0
8517 1
5417 0
1353 1
5417 1
7493 0
9556 0
5417 0
3129 0
5417 0
2037 1
8973 0
8059 1
3255 0
5578 1
5417 0
5417 0
5417 0
5417 0
7456 0
5417 0
9136 0
1173 1
6498 1
4557 1
6812 1
8743 0
3753 0
2609 1
5417 1
2752 0
6042 1
6237 0
6020 1
7932 0
1003 0
4598 1
4774 1
4382 0
6727 0
9609 1
5417 1
1723 1
9114 0
6313 1
8624 0
1808 1
5417 0
9446 1
5417 0
3881 0
6348 1
9264 1
7340 0
6454 1
5417 1
5417 1
8916 1
5417 1
4438 0
4115 1
5174 0
5560 0
4377 1
6668 1
5417 1
4659 1
5417 0
5417 0
5417 1
5417 0
4246 0
7361 1
5417 1
5417 0
5417 0
7825 1
4493 0
6866 1
1675 0
1639 0
4128 0
4814 0
5417 1
6149 0
5417 1
5417 0
5417 1
2021 0
2674 1
9311 0
9405 1
7051 1
7153 0
5417 1
5417 1
6278 1
9191 1
1091 0
8465 0
1139 0
6802 0
5417 0
5417 1
4929 1
2797 1
2926 0
8204 0
5417 1
2007 1
3545 0
1502 1
8097 1
3357 1
8571 1
6218 0
9113 0
1399 1
7317 1
5991 1
5417 1
5336 1
5417 1
3753 0
3462 0
5417 1
6294 1
8553 0
3739 0
3480 1
5417 1
5417 1
9101 1
4885 1
5417 1
5417 1
7119 1
5504 0
5417 0
5629 0
5417 0
5417 1
7430 0
1206 1
5417 0
4861 1
5417 0
5417 1
6330 0
7112 0
5417 0
5417 1
1733 1
1377 1
7807 1
5366 0
2026 1
8923 0
1359 1
5417 1
8842 1
3438 1
5417 1
8793 0
5417 0
9491 0
3753 0
3834 0
5417 1
9242 0
5417 1
4101 0
5417 0
5417 0
2972 1
1765 0
9935 1
1617 0
6665 1
1091 1
9792 0
9852 1
1305 0
5417 1
3934 0
8610 0
6726 0
9657 1
5417 1
1361 0
1453 0
7597 0
7450 1
5107 1
3371 1
5417 1
8926 1
5417 0
3707 0
7403 1
7764 0
5417 1
5417 1
5562 0
2233 0
5417 1
5417 1
2548 1
5417 1
2028 1
2087 1
8490 1
3607 1
8176 1
7695 1
4664 0
3093 1
3892 0
7681 0
1592 0
5417 0
2130 1
5417 1
5863 0
1392 1
5439 0
6456 0
8549 0
2441 0
9123 0
5417 1
5417 0
9486 0
5417 1
3541 0
3504 0
5417 0
7470 0
1685 0
9235 1
5417 1
5417 1
7928 0
1216 1
5417 1
5435 0
5417 1
5417 0
5417 0
3998 1
1300 0
3503 1
5417 1
3752 1
8032 1
5417 1
2292 0
5417 1
1485 1
6933 1
8076 1
2452 1
4795 0
5920 1
6024 0
1409 0
6010 1
8950 1
7044 0
2431 0
5417 0
7955 0
7934 0
1416 1
1046 0
1646 0
9404 0
3707 1
1903 0
5417 1
9543 1
5417 1
5417 1
9902 0
7248 0
6866 0
5417 1
3336 0
3766 0
6592 1
5892 1
7843 0
5423 1
7311 0
7133 1
4723 1
5417 0
5829 1
4446 0
7828 1
3277 1
5839 1
5295 0
7357 1
5417 1
5417 1
2874 0
5417 1
5417 0
5417 1
8118 0
5946 1
8224 1
1415 0
5710 0
5417 1
7724 1
3693 0
6033 0
4438 0
8837 0
5417 1
6114 1
4338 0
2105 0
4168 0
3587 1
7086 0
6090 0
5417 1
5014 1
3851 1
2827 1
9722 0
8728 0
9270 0
5724 1
3361 1
7657 1
5417 0
2123 1
5822 0
7398 1
5417 1
6042 1
2122 1
1392 1
6116 1
5829 0
3486 1
4974 1
2318 0
5417 0
9106 0
3057 1
9654 0
3955 0
9199 0
4102 1
8514 0
5273 0
7660 0
1689 0
5417 0
9280 0
7325 1
8405 1
5417 1
2111 0
5417 1
3954 1
8839 1
5417 1
7360 0
1796 0
1690 0
9993 1
5417 0
2841 0
9532 0
7440 1
7746 1
6586 0
5285 1
2513 0
3838 1
7090 0
5417 0
6162 0
5417 0
5417 0
2618 0
6106 0
1439 0
7756 1
8785 1
7962 1
5181 1
2393 1
5417 1
7864 1
9224 0
8024 0
1922 1
7759 0
8880 0
8867 1
9044 0
6312 0
4951 0
3945 0
5540 0
8753 0
5424 0
5417 0
9202 0
2023 1
1446 0
8888 0
7084 1
1316 1
8764 0
6436 0
5417 0
7856 1
5417 0
5417 0
6498 1
8680 1
9906 0
7444 0
5417 1
2755 0
9631 1
3631 1
6799 1
4447 1
5001 1
5417 1
5417 0
5565 0
4528 0
8840 0
5417 1
5417 1
3796 1
5331 0
4723 1
5417 0
9162 0
5741 0
1695 0
1210 0
2425 1
8305 0
5417 0
6984 0
5417 1
5417 1
2447 0
6457 0
2067 1
3309 0
4794 0
5417 0
5039 1
5417 1
1355 1
2257 1
7501 0
6300 0
2757 0
3824 1
3486 0
7280 0
3894 0
2652 0
7245 1
8823 0
9068 1
9055 0
5417 0
5722 1
8786 0
5417 0
6996 0
9891 0
2543 1
8788 0
5417 1
2949 1
5417 0
5068 0
4770 1
5417 0
9073 0
3212 0
5017 1
5417 0
7661 0
6407 0
8240 1
2717 0
6785 0
1555 1
2555 0
5919 1
6280 1
3883 1
3030 0
5417 1
7066 1
5417 0
1769 0
7554 0
5417 0
8439 1
2410 1
5417 0
2271 1
5417 0
5417 0
1464 1
4883 1
1729 0
8601 1
7805 1
1723 0
5417 0
3373 0
5294 1
1099 1
5285 1
6789 0
8564 0
7596 0
5417 1
1021 1
1745 1
6563 0
5417 1
9443 0
9542 1
4827 0
7968 0
3884 0
1481 1
3440 0
8007 1
5417 1
5417 1
8116 0
7559 0
5417 1
4806 1
1963 1
7302 0
9904 1
8370 1
5417 0
3417 0
5417 1
3135 1
8652 1
1601 0
5417 1
4858 1
7656 1
2850 0
4220 0
8092 0
5417 1
8804 0
1940 1
6944 0
7545 1
2953 0
3028 1
9405 0
4039 0
6044 0
4906 0
5417 1
2634 0
5142 0
9766 0
8313 1
5416 0
7379 1
5394 1
9130 0
4756 0
8743 0
8886 1
7321 1
5348 1
7273 1
8503 1
2761 0
5425 0
5417 0
8871 1
7913 0
1639 1
5417 0
7369 1
5417 0
6574 1
5417 0
1171 0
5417 1
5737 0
1569 1
5500 0
9789 1
7998 1
8587 1
9708 1
3634 0
3380 1
3668 0
3474 1
3636 1
2669 1
5967 0
9904 1
4546 0
4748 0
4482 1
7685 1
2058 0
6037 0
9098 0
6200 1
8763 0
8948 0
5417 1
8425 1
8393 0
1996 0
5417 0
8639 0
5417 0
7762 1
5417 0
5879 1
5685 0
9099 1
5417 0
5417 0
9025 0
1022 0
1706 1
5417 0
3265 0
5417 0
5417 0
6887 1
8924 1
8023 0
5084 0
1205 0
8870 0
7764 0
5417 0
6261 1
2585 1
9419 1
6340 1
9952 0
5417 0
8252 1
8458 1
7328 1
2444 1
7797 1
6414 1
2128 1
6617 0
4380 1
8512 1
8265 0
9596 0
6285 0
7161 1
9440 0
5333 0
2812 0
8710 1
5417 0
2935 1
7254 0
7178 0
5560 1
4975 1
5417 0
5417 0
6946 0
5417 1
9519 1
5417 0
4428 0
5417 1
3930 1
1109 1
5417 1
3083 0
9211 0
3131 0
1385 1
7803 0
3931 0
5417 0
5417 0
7654 1
9792 0
5417 0
9119 1
3904 0
5417 0
5585 1
8930 0
9146 1
2752 0
5001 0
9007 1
8799 1
5412 1
5417 1
2817 0
8431 0
5417 0
8562 0
5060 0
4165 0
8166 0
7173 0
3324 1
5417 0
5417 0
5417 1
3914 1
5417 0
7785 1
9293 0
6753 1
5753 0
1150 0
4490 0
2021 0
7422 1
9661 0
9596 1
2812 0
9942 1
3132 1
8488 0
9361 0
5417 0
5417 1
8870 1
3644 0
3305 1
2902 0
2066 0
5417 0
8417 0
5417 1
5417 1
3046 1
6806 0
1937 0
5417 1
2747 1
4928 1
1676 0
6128 0
2225 1
5417 0
5417 0
3545 0
4439 0
3914 1
5417 1
6186 0
8974 0
2015 0
2475 0
1294 1
5417 0
9988 1
5417 0
3291 1
7509 0
9566 1
5417 0
9775 0
7434 0
9722 1
2893 1
7070 0
5417 0
9516 0
2807 0
5417 1
1052 1
1572 1
7699 0
2486 0
2208 1
4101 0
7523 0
1934 1
5417 0
5995 0
9016 0
5251 1
3591 1
3009 0
5417 1
5417 0
2013 0
2153 1
8472 1
5417 0
3030 0
9233 0
6487 0
5417 0
8266 1
5417 0
8453 1
5407 0
5417 1
7409 0
5417 1
5628 1
9636 1
1013 0
5641 1
5417 0
2829 0
8739 1
7573 0
2433 1
5417 0
5417 0
5963 1
2508 1
5417 1
2698 1
5589 1
6746 1
2976 0
5417 0
8888 1
5417 0
5417 0
4380 0
5669 0
3947 0
5417 1
8773 1
5417 1
5417 1
6600 1
5417 0
1183 1
6003 1
4369 1
3527 0
7844 1
6364 0
3935 1
5417 0
5417 1
9978 1
6774 1
6957 0
5417 0
9025 0
1275 1
5417 0
1848 0
4348 1
2973 0
8266 1
5417 0
5154 1
3514 0
4670 1
1048 1
1323 0
7517 0
4577 0
6444 1
5417 0
2910 1
1154 1
8877 1
5417 0
4582 1
5417 0
2610 1
5381 0
5417 1
6628 0
5417 0
7132 1
5417 0
5417 0
7418 0
5417 0
8785 1
6194 1
7804 1
9537 1
5889 1
6559 1
5417 1
9053 1
6426 1
1196 1
1175 1
2088 0
6631 1
6128 1
4448 1
5167 1
2082 0
2481 1
2139 1
8258 0
7493 1
9218 1
7137 0
9213 1
8178 1
3032 0
3445 0
4731 1
5417 0
5417 0
5417 0
5417 0
5417 1
3346 0
5417 0
5417 1
9239 0
7690 1
1308 0
5417 0
7139 0
5417 1
8128 1
5852 0
1027 0
3741 0
5329 1
5417 1
7843 1
1454 0
3862 0
1001 0
1254 1
8480 0
6620 1
5417 0
4773 0
9102 1
1023 1
8635 0
5417 1
9219 1
5417 0
8541 1
9990 1
4643 1
5417 1
3750 0
3488 1
4195 0
9097 1
5453 0
2024 0
7597 0
4424 1
3435 0
8066 0
5417 1
5417 1
5417 1
5417 0
5417 0
4709 0
6514 0
5417 1
5417 0
5417 0
3264 1
5699 1
3765 1
5417 0
5417 1
5417 1
3858 1
2176 0
5896 0
5417 0
7728 0
6987 1
2406 0
1424 1
1915 1
1335 0
2172 1
1269 1
1427 0
7100 0
7663 1
9715 0
2382 0
8749 0
5417 0
5417 0
5417 1
5417 1
5417 0
1989 1
5417 1
7978 1
5417 1
5417 1
3247 1
5417 0
4975 1
3439 1
8525 1
5326 1
4690 0
7909 0
5417 0
9821 0
5417 1
5175 1
7531 1
5417 0
1154 0
7728 1
2201 1
5417 1
5032 0
5417 1
4379 0
9313 0
5417 1
5417 1
7019 0
3230 0
1880 0
5407 1
1613 1
5417 0
3606 1
3840 0
1247 1
7359 0
6425 0
5777 1
5417 0
6964 0
8724 1
6689 0
7197 1
2862 0
8258 0
5417 0
9488 0
3265 0
8042 0
3190 1
2690 1
5939 1
5761 0
5417 1
5417 1
4433 1
6562 1
3402 0
5667 0
3709 0
5417 0
6022 0
5332 0
3979 1
5417 1
5417 0
4895 0
5417 1
5417 1
6478 1
2145 0
2206 0
4458 0
5417 1
2752 1
5731 0
8258 1
5417 1
3086 1
6162 0
2640 0
1137 0
2343 0
5802 0
4203 1
6190 0
1172 0
5417 1
5089 0
5417 0
8926 1
7918 1
8055 1
9398 1
2552 0
3107 1
5417 1
2862 0
5417 0
7162 0
3574 0
8852 1
6770 0
5417 1
2675 1
4313 0
2046 1
5417 0
1758 0
4594 0
5417 0
7248 0
8663 0
5417 1
5417 1
1129 0
5417 1
1149 1
5417 1
5417 1
7953 1
8956 0
9177 0
6425 1
5088 1
6833 0
4642 1
1478 0
5417 1
9053 0
5417 0
6173 1
5417 0
3431 1
2533 0
3516 0
9528 1
9062 1
5417 1
7422 0
5417 0
5038 0
3089 1
5417 1
9712 0
5417 0
7544 1
3420 1
5129 0
5184 0
5417 1
5417 0
3398 1
1840 0
5417 0
8917 1
9910 0
3436 0
5417 0
2531 1
5417 1
6053 1
8122 0
8704 0
5417 1
5645 0
9426 1
5417 1
1134 0
7101 0
3840 1
4708 1
9761 0
5236 0
3940 1
7263 0
5417 1
8942 1
2861 0
2447 0
5573 0
3878 1
7309 0
5268 1
6282 0
3751 1
5417 1
7676 0
9625 0
8785 0
2297 1
1343 0
5417 0
6438 0
8058 0
4340 0
5417 0
9221 1
4249 0
3874 0
2659 0
1309 1
5417 0
9312 1
3102 1
1160 1
5417 1
2509 1
1730 0
5417 1
8327 1
8936 0
3870 1
1406 0
7071 1
9173 0
6686 0
7539 1
9188 0
2796 0
5417 1
5417 1
4244 0
5417 1
5605 1
1816 0
5417 1
3055 1
5417 1
1695 0
7235 0
9031 1
4186 1
5417 0
5390 0
4370 1
5417 1
6200 0
3670 1
4178 0
4873 0
5417 0
6106 0
5417 1
3975 0
9890 0
1273 0
5417 1
3805 1
8788 0
8525 0
1776 0
9456 0
5417 1
5417 0
5417 1
8334 1
4283 0
6249 0
5417 1
6565 1
4669 0
3304 1
5812 1
5417 0
8899 1
5417 1
5417 1
1185 1
1273 0
3201 0
5287 0
6160 1
5559 1
3087 1
5417 1
5417 0
1913 0
7405 1
4942 1
5417 0
6771 1
8169 0
5417 0
4231 0
5417 1
5417 1
8128 0
9420 0
2692 0
5417 0
2375 1
3943 0
7712 0
6769 0
8338 0
5466 1
4682 1
9320 0
9281 1
8647 0
6132 1
7438 0
2867 0
8113 1
6820 1
9809 0
5502 0
3027 0
8973 1
7612 0
6578 1
7258 1
5417 0
2042 0
8122 1
9891 0
7127 0
8045 0
8284 1
7803 0
3322 1
1325 1
5766 1
9427 0
8554 0
4500 1
6608 1
4217 0
5417 0
9493 1
9942 1
5417 1
5417 1
1659 1
5417 0
3064 0
9542 1
4264 0
7761 0
6655 0
3834 0
7816 0
2472 1
3805 0
9904 1
5417 1
1540 0
5417 1
7152 0
2265 0
7920 1
5417 0
1902 0
5484 0
1667 1
4861 0
5417 1
4589 0
5417 1
4550 1
5185 0
7932 1
1348 1
2250 0
4087 0
2106 0
5417 1
2240 0
3182 0
7011 0
7993 1
4943 1
8814 0
4440 0
8692 1
1338 1
5417 0
1831 0
1256 0
5417 0
5535 0
9880 0
4824 1
3638 0
5417 0
6991 0
1750 1
3966 1
5417 0
5417 0
4440 0
5417 1
1067 0
1913 0
2040 1
3486 1
2233 1
9459 1
1790 1
5417 0
1840 1
2632 1
5417 0
5059 0
5417 0
3030 0
5417 1
1456 1
5417 1
4895 0
5417 1
5980 1
4173 0
5417 1
5417 0
7977 1
5417 1
8537 0
5417 1
5659 1
1095 0
2342 0
4379 0
5417 0
3717 1
3226 1
4354 0
5882 0
4419 0
3528 1
5417 0
5417 1
9507 1
6719 0
6263 0
5417 0
8793 0
5417 1
5417 1
5146 1
8565 1
8446 0
7892 0
2642 0
4061 1
7160 0
9748 0
8542 0
1601 1
5417 0
1507 0
6368 1
9387 0
3789 0
1403 1
4736 0
8036 0
7668 1
5417 1
3021 0
7364 1
7276 0
1340 1
5498 0
6143 0
9006 1
2553 0
5417 1
5417 0
5417 0
1806 0
8653 0
4360 0
5435 0
5897 1
3852 0
4859 0
5417 1
5467 1
5417 1
2816 0
9975 0
5417 0
5417 1
5417 0
4775 1
5417 0
4515 1
5587 0
5417 1
7296 0
3704 0
5521 0
2848 0
1476 0
9817 0
5417 0
9140 1
3655 0
5594 0
5417 0
8164 0
5417 0
2702 1
5417 1
5904 1
8384 0
4783 0
9718 0
5417 0
1050 1
6337 1
5417 1
8496 1
5417 1
5045 1
6987 0
6757 0
6344 1
4227 0
9080 0
9130 1
5417 1
4180 0
5417 0
4584 1
5417 0
5917 1
5024 0
8210 0
1601 1
6039 1
6181 0
5417 1
4125 1
1110 0
5417 0
7784 0
5417 1
6935 1
1219 0
8222 1
9663 0
5417 0
6088 0
5472 0
3694 0
2050 0
5417 0
2153 1
8088 1
8307 1
6529 0
3544 0
4394 0
8117 0
5965 1
3923 0
2927 0
5312 1
9343 0
5801 1
4052 1
9803 1
5078 0
5417 1
6128 1
5417 1
8363 1
7642 1
2955 1
5417 0
2222 1
5613 1
7610 0
7142 0
4078 0
9206 1
7171 1
9504 1
5769 1
3472 1
5417 1
3779 0
4987 1
8645 0
5417 0
7278 0
6484 1
1007 0
6863 0
8984 1
5417 1
8189 0
5417 0
4832 1
5417 0
8266 0
1408 0
7123 0
6557 1
3367 0
7901 0
6762 1
5417 1
1888 1
5417 0
9340 0
5417 1
5417 1
4124 0
3032 0
1947 0
4077 1
5417 0
2430 1
3733 1
6005 0
7936 0
8172 1
7799 0
9489 1
1889 0
8723 1
5417 0
5064 1
5417 0
4822 1
5417 1
1680 1
4910 1
6192 0
5417 1
6691 1
5417 1
1243 1
1112 1
4431 1
7704 1
5417 1
8300 1
5814 1
5417 1
3954 1
7233 0
8753 0
5417 1
5006 1
4833 0
1192 0
6689 1
4989 0
9803 1
2800 1
8666 0
4870 0
1340 0
2065 0
6703 0
4695 0
6214 1
5791 0
7542 1
5810 0
4384 0
9191 0
5417 0
5546 0
6158 1
7956 0
7299 0
3330 1
9703 0
6878 1
9558 1
4552 1
7121 1
3678 1
5004 0
3034 0
2111 1
6402 0
5417 1
8373 0
2198 1
5417 0
5417 0
6246 1
7121 1
5417 1
5417 0
7774 1
8886 0
2640 0
5477 1
9643 1
1948 1
1128 1
3727 1
9848 0
5417 1
5417 0
3403 1
2289 0
5417 1
5417 1
7926 0
2757 1
2916 0
4011 0
3164 0
5701 0
1329 0
5417 0
5417 1
4010 1
7578 0
2856 0
5417 1
1279 1
7815 1
5417 1
1570 0
4068 1
5417 0
8876 0
7602 0
9257 1
1375 1
4247 1
4527 0
8694 1
4123 1
3368 1
5343 1
3714 0
5417 0
5417 0
1925 1
2300 1
5417 1
5417 0
1076 1
5417 0
2948 1
5316 0
5417 1
5417 1
3910 1
5578 0
6503 1
5417 1
3377 0
5857 1
5526 1
7124 1
5925 1
5417 1
5417 0
5417 1
9048 0
5417 0
5417 1
3805 0
6182 1
5417 1
5711 1
8552 1
7114 0
9387 1
5207 1
5417 0
2687 0
7963 0
8120 0
1654 1
9045 1
2962 1
9355 0
9025 0
8988 1
5417 0
5002 1
5953 1
5417 1
5481 1
3487 1
5417 1
5417 1
2359 1
2223 1
5417 0
2921 1
6421 1
1832 0
4945 1
5887 0
5417 0
2973 1
5417 0
5417 0
8719 1
4296 1
8378 0
4525 1
5417 0
3270 0
5129 1
8821 1
3353 1
5417 1
5145 1
3864 0
7161 0
2891 0
6416 0
2146 0
2978 1
6683 0
3057 0
7756 0
2801 1
7551 0
2583 1
8837 0
7762 1
7107 1
6075 0
6524 1
3146 0
2122 0
5417 1
7027 1
1391 0
5620 1
5389 1
7926 0
8961 0
5417 1
5216 1
4715 1
5417 1
1696 0
7723 1
5417 1
9838 1
4882 0
5417 0
2057 1
5417 1
1691 0
7068 0
8904 0
2306 0
9723 0
5417 0
8726 0
6255 0
6144 0
4553 0
1348 0
2730 0
1754 0
7595 0
2483 1
4095 1
1174 1
2045 0
1040 0
3493 1
5417 1
4968 0
4547 1
5417 1
1839 1
9674 0
3770 1
5417 0
3610 1
7620 1
7450 1
7703 0
2671 0
5417 0
1520 1
8711 1
8385 1
8507 1
8804 1
1145 0
6231 0
7458 1
3348 1
2114 1
5417 1
2894 0
5417 1
8790 0
7297 1
6101 1
3599 1
5417 0
4464 0
3194 0
5417 0
5857 1
3847 1
6899 0
5417 1
7980 1
5642 0
5558 1
5417 0
3720 0
5618 1
1358 1
6216 0
9063 1
3314 1
8004 0
7343 0
9135 1
4527 1
7748 1
5417 0
9117 1
5417 1
1252 1
6667 1
5417 0
5417 1
6084 0
3134 0
5417 1
1695 1
5796 0
4110 0
1625 1
5500 1
5417 0
1159 1
9499 0
2936 1
5417 0
6152 0
5417 0
9490 0
9248 0
5417 1
4707 0
5417 0
8514 1
6169 0
5417 0
2540 1
3963 0
6631 0
9532 0
1669 0
5417 1
5417 1
5417 0
5099 0
4640 1
7091 1
7844 0
5417 0
8770 0
5417 1
1772 1
5417 1
4008 1
1099 1
5417 1
1684 1
4833 0
4938 0
9232 0
5417 1
6784 1
5417 0
7645 0
5159 0
7645 0
7933 1
5417 1
3223 0
2109 1
7839 1
8504 1
5288 0
4691 0
4797 1
2616 1
5417 0
5417 0
6244 1
8467 0
9576 1
4768 0
9624 1
2264 0
5955 0
5417 1
1223 1
7056 1
8174 0
1557 1
7447 0
1726 0
5331 1
7806 0
5234 1
4524 0
5417 1
9645 1
5252 0
7494 1
5845 1
5417 1
5417 1
5417 1
3913 0
5417 0
8043 1
2567 1
1299 1
5724 0
9012 0
5417 1
4241 1
3512 1
5417 0
4074 0
6883 0
4926 1
6493 1
6792 0
8869 0
7881 0
5289 1
5417 0
5225 1
6597 0
1883 0
7467 1
3391 0
5417 0
1829 0
9698 0
5417 1
3044 0
4756 0
8981 0
5579 0
3814 0
5417 0
5417 1
7748 1
3071 0
6568 0
7493 0
9537 0
4293 1
9627 1
2558 1
5372 0
3006 0
3031 0
3492 1
3857 0
5417 1
2042 1
9036 0
6269 1
7960 0
5417 0
5941 0
7947 0
7331 0
5417 1
1865 1
1485 0
8879 1
5417 0
5417 0
8505 0
9205 1
5417 0
5417 0
3447 0
9778 0
6954 1
4339 1
5417 1
7711 0
5417 1
5417 0
4773 0
3979 1
7003 1
4997 1
6390 1
6519 1
7514 0
8994 1
6705 0
8685 0
4850 0
5865 1
1412 0
5417 1
5821 0
5417 1
9060 0
6574 1
2920 0
5977 0
2014 1
5417 0
8097 1
3140 1
9525 0
5417 0
5417 1
1105 1
6301 1
9392 1
9094 0
2071 1
2967 1
7416 1
5417 1
3306 0
8887 0
5360 0
9893 0
5417 0
2892 1
8338 1
5417 1
1785 0
4735 0
4963 1
4622 1
3509 0
5417 1
5417 1
9986 1
8013 1
2523 1
5417 0
4023 1
5589 1
8528 0
5417 1
4203 0
4527 0
5417 1
2198 1
2016 0
1621 0
1074 0
5417 1
7286 0
5417 0
2321 0
4323 0
8835 1
5919 1
7118 0
5417 0
9369 0
6107 0
9579 1
4217 1
9462 1
5417 0
3995 0
2830 0
5102 1
5417 0
8988 0
5417 0
5005 1
5417 0
6739 1
3112 0
5417 1
5555 0
7493 0
5417 1
2198 0
3418 0
3828 0
5417 1
5417 1
2852 0
8747 1
3993 1
7911 0
5825 0
2921 1
4119 0
5417 1
5417 0
6526 0
5417 0
5520 1
4363 0
9022 0
5417 1
8017 0
5417 1
3497 0
3968 0
6857 0
5417 1
4102 1
1965 1
1099 0
8822 1
7563 0
5417 0
2309 1
5417 0
8762 1
3124 0
5417 0
8125 0
2081 0
3783 1
5628 0
7961 1
5417 0
9453 1
5417 0
3303 0
5417 1
5681 0
3944 1
5417 1
5417 0
3184 1
7812 1
3126 0
5524 1
6583 1
2448 1
6145 0
1826 0
5417 0
1428 0
4156 0
1287 1
1701 0
5607 1
3291 0
5417 0
1668 1
6813 0
4991 0
8762 0
1788 1
9540 1
3123 0
2595 1
8052 0
5417 1
5417 1
5401 0
2214 0
3558 1
5417 0
3170 0
7211 0
6244 1
5417 0
2164 0
6676 0
1409 1
5810 0
4376 0
6934 1
5606 1
5066 1
5417 0
9301 1
5417 1
1096 1
4124 0
4533 1
6695 1
1072 0
4358 1
5417 1
5581 1
5417 0
5719 1
4651 0
4747 0
7872 0
8757 1
5453 1
2877 1
6235 0
2552 1
5417 0
6554 0
5417 1
6108 0
5417 1
6285 1
5417 0
1773 0
1126 1
7757 1
4812 0
2825 1
8562 1
7370 1
3478 1
9686 1
5417 1
3284 0
5417 0
5417 1
2875 0
6686 0
9401 1
5417 0
1792 1
8801 1
5417 0
9734 1
1852 0
9510 0
7515 1
6742 0
9780 0
9181 0
7937 1
7194 1
2498 0
9220 0
5647 0
1711 1
8393 0
5508 0
5063 1
3397 0
6415 0
1226 0
1189 0
8435 1
5417 1
3331 0
6932 1
5400 1
9610 0
1953 1
2478 0
7292 0
5417 0
5417 0
5534 1
7479 0
5417 0
4514 0
9400 0
9795 0
2605 0
6812 0
4787 0
5417 1
5417 1
1991 1
5933 0
6658 0
7524 0
4276 0
5417 0
5163 1
4629 0
2863 1
4315 0
8948 0
6468 0
5417 0
8506 1
6030 1
9307 0
9731 1
9112 0
5306 1
5287 0
5417 0
7845 0
4313 0
4779 0
6406 1
5417 0
9279 0
6362 1
5474 1
5417 1
5417 1
5417 0
8676 1
8278 0
8485 1
3929 0
5550 0
8845 1
6010 1
5417 0
5715 0
9335 1
9407 0
5417 1
8894 1
5417 1
3711 0
5417 1
4887 0
1084 0
2644 0
6030 0
6549 1
2136 1
2752 0
1647 1
5378 1
9391 1
6305 0
2065 1
9186 1
8572 1
5417 1
8917 0
3122 1
6126 1
5499 1
5417 0
4327 0
9633 0
5417 0
5495 0
2505 0
6625 0
5543 0
5417 1
9147 0
5001 1
2585 0
5913 0
2898 0
9948 0
4536 0
4049 0
5417 1
5751 1
7120 0
4616 0
9260 1
1854 0
8818 0
5417 0
7304 0
5417 0
4959 1
5167 0
7270 1
4390 1
5417 1
4164 1
9005 1
7111 1
7115 1
4419 0
2611 1
3853 0
3201 0
6855 0
8984 1
6876 1
5417 1
7913 0
8556 0
5417 1
2307 1
5417 0
5135 1
4232 1
9600 0
6710 0
1827 0
6915 1
4828 0
9736 0
5393 1
5911 1
5417 1
4091 0
4120 1
1004 0
3225 1
5417 1
5417 1
2438 1
8236 1
2923 0
5417 0
4663 0
6510 0
2589 0
1972 1
5417 1
4565 1
4682 0
3472 1
1708 0
3631 0
5252 0
3136 1
5417 0
5417 1
8766 1
7226 0
5417 0
6155 0
8730 0
7643 0
5417 0
1898 0
8628 0
6567 0
9975 1
5417 1
5417 0
5417 0
4112 1
5938 0
1236 0
6242 0
2232 1
2474 1
5417 1
8018 0
5417 0
5417 0
4150 0
5540 0
3085 0
5713 0
5984 0
5417 1
5105 0
8342 0
5499 1
2632 1
7506 1
5417 0
3808 0
3246 0
5417 1
1013 1
5417 1
5417 1
1434 1
5173 1
5417 0
7496 1
5417 0
2805 0
2965 0
5211 0
3170 0
9817 1
7129 0
4916 1
5417 1
2745 1
9241 0
7948 0
5417 0
1206 1
5417 1
4940 0
2109 1
5417 1
3467 1
6700 0
8445 1
5038 1
5417 0
3753 1
3959 0
5728 1
7020 1
5482 0
1073 0
5417 0
7200 0
5645 1
7036 0
9022 1
7067 0
1583 1
8401 1
3840 0
1547 1
8797 1
5448 0
8277 1
3831 1
6545 0
9365 1
6143 1
7650 0
9882 0
1243 1
5417 0
5417 0
5417 0
5417 1
6341 0
5417 1
5417 0
8555 1
8942 0
1657 1
2264 1
2846 0
6730 0
5418 1
5110 0
5417 0
5417 0
9044 0
4951 1
5417 0
5417 0
6981 1
1532 1
2678 1
5417 1
7218 0
2329 0
9133 0
5417 0
2266 0
5417 0
1806 0
5417 1
3896 1
2133 0
2436 0
8453 1
6041 0
5276 1
4772 1
5417 1
3764 1
4571 1
5417 0
5417 0
5117 1
5417 0
3370 1
3391 1
5417 1
5417 1
5417 1
9079 1
5417 0
1199 0
1022 0
4050 0
5417 1
6472 0
8843 1
8586 0
3328 0
5417 0
1558 0
8158 0
8358 0
5417 0
5417 1
1360 0
3030 0
9013 1
6116 0
2028 0
4728 0
2638 0
5417 1
6986 1
2407 1
5417 0
8608 0
7990 1
7004 0
3120 0
1500 0
2581 1
4219 1
5417 0
9342 1
8101 1
3268 1
7098 0
9713 0
4660 1
8524 0
2987 1
4656 1
2219 1
7294 1
9048 1
9050 1
7660 1
4261 1
4218 1
3648 1
5417 0
2944 1
1455 1
8674 0
5417 1
3244 0
2294 1
8954 1
9568 0
1138 1
1138 0
1068 1
6213 1
5417 1
6790 1
9378 0
4980 1
2218 0
5417 1
3376 1
3514 0
3653 0
5417 1
7078 1
5194 0
5417 1
5940 1
5417 1
2935 1
6867 1
7851 1
2109 1
3160 0
8928 0
6006 1
7553 1
5890 0
9957 0
6356 1
3974 1
5417 0
5077 0
6129 1
7185 1
5667 1
6788 1
8693 0
7558 1
4914 0
1558 1
5417 1
7541 1
5495 0
5417 0
3894 0
5417 1
1122 0
5417 1
2909 0
9760 0
5417 0
4482 0
4903 0
5417 0
2559 0
3370 1
5417 0
9845 1
5417 1
2209 1
1572 0
9308 0
3775 0
5947 1
3011 1
1923 1
4293 0
6495 0
5417 0
1800 1
2151 0
6807 1
5417 0
5417 1
7698 0
5417 1
7123 0
5123 1
2707 0
4081 1
3015 1
9511 0
4930 1
6010 1
9866 0
5417 0
7825 0
5420 1
5417 1
9752 0
3833 1
3201 0
9064 0
5417 0
5142 1
4760 1
5780 1
3605 0
5417 1
2613 1
2365 1
5198 0
4751 0
3815 0
4162 1
9519 0
9446 1
6393 0
9583 1
5417 1
5417 1
5417 1
5417 1
6708 0
7420 1
7812 1
5417 0
9555 0
5417 1
3029 1
5417 0
1895 1
9935 0
7692 1
9648 1
6355 0
3229 0
3266 0
5417 1
6668 1
8698 0
8814 0
5043 0
8252 1
5513 0
8482 0
2520 1
7075 1
5297 1
7734 0
5485 0
5417 1
5417 0
5417 0
5417 0
5417 0
4549 0
5417 1
5417 0
5417 1
5331 0
9628 0
4715 0
5417 0
2156 1
9385 1
8709 0
9257 1
3730 0
4166 0
7824 0
8568 0
2872 0
1700 1
1102 1
8893 0
5819 0
1782 1
4997 1
5417 0
1473 1
6691 1
7973 0
3142 1
8843 1
4052 1
4999 0
2007 1
5417 0
6482 0
5417 0
3317 0
5417 0
1138 0
8973 0
2157 1
5417 1
2067 0
9703 0
5984 1
3512 1
5356 1
5417 1
9044 1
6534 1
5508 1
4017 0
5417 0
5611 0
5417 1
2210 1
1268 1
9298 1
5417 0
5417 1
8338 0
5417 1
2604 1
5417 1
4160 1
6124 1
7791 0
5417 0
3596 0
5417 0
2992 0
7215 0
5417 0
4233 1
8598 1
5417 0
5417 0
3848 1
7991 1
9785 1
9095 1
4981 1
4115 0
1587 0
5417 0
1183 1
4775 1
2505 0
7567 0
5417 0
6665 1
3113 0
5417 0
6320 1
7517 0
5417 1
5417 0
5417 1
7392 0
5417 1
6461 0
3341 1
9006 0
2119 1
5417 1
5417 0
6794 1
3071 1
8397 1
1984 1
3260 1
5417 1
8323 0
5417 1
5417 1
5892 0
1457 0
3584 1
1210 0
4509 1
7956 1
5417 1
1453 1
7355 0
5417 1
4712 0
5417 0
5417 1
5531 0
6216 1
5417 0
2070 1
9026 0
5417 1
4333 0
1688 0
6592 1
7370 0
2715 1
5417 0
9318 0
6878 0
5300 1
4326 1
2615 0
1459 1
2885 0
9799 1
3213 1
5417 0
2162 0
8328 1
1818 1
8137 0
8774 1
5417 0
2256 1
1493 1
1292 1
9857 0
3146 0
9560 1
5822 1
8501 0
5109 1
1174 1
6381 1
9772 1
5417 1
3325 0
3156 0
6288 0
9391 0
6697 1
2505 0
6494 1
2279 0
8321 1
3208 0
5417 1
5153 0
2981 1
7847 1
6431 0
8553 1
7053 0
9706 0
5417 0
4201 0
6409 0
3797 1
5221 1
5417 1
1131 0
6563 0
2468 1
5417 1
1577 1
9106 1
3307 1
6069 1
8866 1
1439 0
1620 0
4560 0
5417 1
9012 0
4885 0
6816 0
2793 1
4621 0
4634 0
5417 1
4111 1
5417 0
9441 0
4337 1
3349 0
4586 0
7754 1
6900 0
1521 1
2507 1
9059 0
5544 0
9142 0
2528 1
3628 1
6769 1
9882 0
9425 0
7704 1
5417 0
4381 1
9205 0
7193 1
5417 1
4421 1
7049 0
1170 1
5417 1
4019 0
1540 0
5116 0
5849 0
2406 0
5417 1
4773 1
8194 0
5243 0
2765 1
2818 1
6000 0
9535 1
1211 0
1139 0
5417 0
6888 0
3815 1
5417 1
5923 1
5417 0
5417 0
9855 0
5390 1
6407 1
3053 1
5181 0
9190 0
5324 1
6004 0
5417 1
4316 0
1203 1
2411 0
6888 1
6047 1
8441 0
5417 1
1239 1
2915 0
5417 0
5417 0
1537 1
7346 0
6659 1
7714 1
2528 1
8395 0
9444 1
7035 0
6302 0
1574 0
4126 1
8997 1
4048 1
6489 1
9771 0
5417 0
6656 1
9247 1
8531 0
8597 1
4963 0
8218 1
8819 1
3432 1
5417 0
5417 1
5417 0
3571 0
5417 1
7693 1
8235 0
3126 0
3767 1
5417 0
1983 1
4416 0
5528 0
5417 0
6231 1
9416 0
4461 0
2697 0
2175 0
5417 0
5417 0
5417 0
5417 0
5417 0
1553 0
6838 0
9421 1
6189 0
9651 0
8700 0
9875 1
2170 1
1394 1
4210 1
1813 1
3206 1
5285 0
1603 0
5417 1
6854 0
4226 1
5417 1
7014 0
5417 1
5417 0
2627 1
5417 0
8342 1
3628 0
5417 1
4648 0
7854 0
5417 0
5417 0
5417 1
2240 1
5417 0
5417 1
5417 1
5417 0
5417 0
5417 0
3952 0
4394 0
5417 1
5417 1
5601 1
1969 0
5417 1
5417 0
4416 0
1513 0
3745 0
9832 1
2850 1
5417 1
7117 1
5417 0
7861 0
1484 0
7104 1
7872 1
8385 1
8482 1
8314 0
5417 1
2217 0
5686 1
1293 0
2913 1
3437 0
3222 1
5891 0
5908 0
5417 0
5417 1
5417 0
5417 0
2134 1
5417 1
5149 1
7062 1
5417 1
1957 0
5358 1
7144 0
7413 0
3348 0
5800 0
4286 1
9843 0
5417 1
4122 0
5417 0
9589 0
5417 0
3556 0
8037 1
7915 1
5417 1
6326 0
3240 0
8328 0
7827 1
6459 1
6049 1
7349 0
5793 0
8003 1
9912 1
4974 0
5417 1
3064 0
6428 0
1267 0
5080 0
5293 0
9576 0
5417 0
7287 1
5417 0
5667 0
4075 1
6139 0
8920 0
5417 1
3861 0
6299 1
6086 1
5371 1
5417 0
7636 0
9656 0
3731 0
8871 0
5143 0
4330 1
4950 0
7216 1
9057 0
5417 1
8422 0
1985 0
9425 1
6065 1
5121 0
3760 1
2553 0
3488 1
1959 0
7866 0
5417 1
9606 0
4362 0
3343 1
2694 1
5417 0
6604 0
8157 0
1645 1
8957 1
4175 1
6580 0
5417 0
4206 0
6550 1
8244 0
8907 0
4627 0
7059 1
5417 1
8177 0
2352 0
5284 0
6444 1
7665 0
5417 0
1772 1
9679 1
4306 1
7718 1
6525 0
4083 0
6865 1
9709 1
9495 1
5417 1
7456 0
8977 0
9849 1
8020 0
5707 0
5417 1
8232 1
2449 1
2159 0
8006 1
6885 0
2413 1
5417 1
5417 1
5417 0
8018 1
5142 0
9709 0
8774 1
6621 0
8696 0
5417 0
6430 1
3656 0
3776 1
7450 1
5417 0
6370 0
5417 1
5417 0
8999 0
4638 1
4634 0
4164 0
2458 0
9804 1
5417 1
6410 1
8673 0
7873 1
4207 1
4391 0
6429 1
4535 0
2775 1
5417 0
5417 0
7961 1
5417 1
8804 0
1573 1
5215 0
5208 0
8839 1
7104 0
5886 1
3478 1
9874 0
5417 1
3543 0
2939 1
6560 0
4388 1
2960 1
5417 1
7765 1
5417 1
9807 1
5417 0
9641 0
6310 1
4431 0
6829 0
4443 0
8912 1
9573 0
4690 0
4693 1
4526 1
5417 1
7562 1
5417 1
5417 1
1495 1
6513 0
7631 0
5417 0
9239 1
5631 0
5417 0
5417 0
3668 1
5417 0
9260 1
2804 0
8529 1
5417 1
4975 1
5440 1
1427 0
9313 1
8257 1
8277 1
5859 0
6384 1
8172 0
5417 1
6693 1
1822 0
8309 0
5417 0
9541 1
5417 0
5417 1
5221 1
4449 0
9309 1
5999 1
9033 0
7042 1
9492 0
3368 0
2910 1
7060 0
6840 1
2478 1
9853 0
3751 1
9105 0
1312 0
1763 0
4089 1
3903 1
1057 1
4398 1
5976 0
5047 1
7430 0
7416 1
1698 1
5417 0
3222 0
1117 0
9922 0
6788 0
5417 1
5417 1
6690 0
8865 0
7294 0
5417 0
7474 0
6499 0
5965 0
5687 0
5465 0
5994 0
2499 1
9403 0
4738 1
5417 0
5736 1
4500 0
5417 1
9634 1
5321 1
7138 0
3132 0
5417 1
9417 1
4143 1
5417 1
4532 0
5349 0
2666 1
2300 0
5417 1
5417 1
8048 0
5417 0
5417 1
6593 0
9736 1
2252 1
8504 0
6608 1
9200 0
3086 0
5417 0
4139 0
5417 1
2416 1
5417 0
4055 0
1206 0
8242 0
1627 1
3030 1
5417 1
2804 1
5417 0
5417 0
5417 0
2136 1
6498 0
5417 1
2502 1
9744 0
7723 1
7105 0
9190 1
5303 1
1908 0
1248 1
1255 0
5417 1
6813 1
5417 1
5417 1
2730 0
5417 1
3036 0
5417 1
3700 1
1960 1
5417 0
5417 0
7346 1
6772 0
1348 1
5417 1
5417 0
7932 1
5417 0
4372 0
4424 1
5384 0
3944 0
5417 1
8483 0
1632 1
1245 1
5417 0
7646 0
5417 0
7477 0
5696 1
8381 1
7763 0
7264 1
5417 1
6466 1
6320 1
5417 0
4740 0
9604 0
5417 0
6513 0
3995 1
6593 1
1875 1
2539 0
5357 0
1678 1
5226 0
6421 1
4941 0
5417 0
8122 0
2986 0
1965 1
7208 0
5550 1
6624 0
8027 0
6293 0
5417 1
5670 1
2478 0
5417 1
2266 1
3231 0
5417 1
3989 1
6040 0
5417 1
6437 1
7747 1
5417 0
9241 0
5883 0
9155 0
5417 1
1566 1
1087 0
7617 1
1346 0
4135 1
1882 1
8147 0
6569 0
4271 1
9591 1
8142 0
9836 1
6519 1
7521 1
4516 0
6502 0
8368 1
5417 1
2249 1
7648 1
5417 0
1910 0
8098 1
4618 0
5417 1
4557 1
4036 1
3254 1
1687 0
9288 1
6936 0
5417 0
4262 0
2361 0
3331 0
1822 0
7533 1
5417 0
2018 1
2705 1
8345 0
2634 1
5070 1
3425 0
6203 0
7879 0
8571 1
5417 1
1778 0
5417 1
9473 0
5417 1
5417 1
5541 1
1044 0
5417 0
5417 1
7385 1
5417 0
2306 0
1703 0
2119 1
7945 1
5417 0
5417 1
8685 0
5417 0
1449 0
4656 1
5743 1
2754 1
8703 1
5417 1
5417 0
4625 1
6741 1
5417 0
6516 1
2391 0
1975 0
5296 0
6853 0
2383 1
5417 0
2273 0
5417 0
4185 0
9245 0
5417 1
7179 1
1034 0
8417 0
8295 1
5417 0
7537 1
1888 0
8796 0
5417 1
3643 0
9375 0
6554 1
5417 1
4090 0
7744 1
5812 1
9701 0
5417 0
4641 0
3270 0
5913 0
5417 1
2931 1
4027 0
5417 1
2837 1
7384 1
8351 0
6404 0
5417 1
3785 1
1144 1
7057 0
5417 0
7123 1
2100 0
5417 1
2716 1
6011 1
5417 0
6173 0
3932 1
6763 0
1596 1
4476 1
7952 0
5417 0
6597 1
5665 1
1676 0
7696 1
2337 1
6114 1
1036 0
8367 1
3038 0
6076 0
6654 1
5417 1
8915 0
8307 0
6480 0
5417 1
1846 1
8235 1
5417 0
1695 1
5201 1
7760 0
9660 1
5927 0
4234 0
7066 0
4249 1
8038 0
3508 0
8419 1
7894 1
3721 1
5202 1
1650 0
6444 0
5633 0
3202 1
7969 0
8324 0
5281 1
7231 1
5417 0
5417 1
6087 0
6737 0
5417 1
5417 1
4278 0
5417 1
9041 1
5417 1
2988 0
8461 1
4581 0
4460 0
7758 1
7754 1
7682 0
1960 0
9189 0
3057 0
5417 0
1738 1
4320 0
5417 0
5417 0
2065 0
5275 0
5417 0
1142 1
1864 0
5417 0
3961 1
8087 1
8200 1
5111 1
3407 0
1825 0
3452 1
7823 1
5417 0
5417 1
3248 1
6209 0
1648 0
8849 1
5417 0
4841 1
9629 0
9355 1
5417 0
5417 1
3330 1
9453 1
6915 0
9104 1
2463 0
1959 0
3152 1
2781 0
5417 1
8784 1
3318 1
8195 1
6321 0
5417 1
9549 0
8364 0
6675 0
8827 0
7961 0
6450 1
7345 0
5894 1
5417 1
5417 1
9773 1
9322 1
5038 0
1713 0
6892 0
5417 1
5417 0
1651 1
5417 1
9895 1
9754 1
5417 0
5417 1
4006 1
8044 1
6109 1
5417 0
3640 1
4607 1
3124 1
7863 0
5417 0
3140 0
9472 0
5417 1
7595 1
5417 1
9499 0
6853 0
7472 1
6094 0
3443 1
5376 1
5417 0
3619 0
9295 1
4242 1
5556 0
4662 1
6408 1
6466 1
8648 0
6045 1
7812 0
9545 1
4587 1
1421 1
5417 0
2740 0
1167 1
5417 0
7778 1
6426 1
2471 1
5417 1
9913 0
8699 1
1656 1
4660 1
5417 0
9184 1
5417 0
7249 0
9644 0
1887 1
1060 0
5417 1
9287 0
4048 0
7143 0
5417 0
5417 1
5417 1
8512 1
4138 0
8894 0
5417 1
1892 1
8218 1
1594 1
4627 0
2319 0
9116 1
4535 1
1718 0
9892 1
8589 1
1267 0
6209 0
4087 0
8717 1
4138 1
1040 1
1253 0
6331 1
5417 0
4819 0
8374 0
7526 0
4896 1
9213 1
5508 0
5771 0
8854 1
6473 1
4810 1
5417 1
5417 0
9058 1
3937 1
7833 0
5417 0
9239 1
5885 0
5417 0
4859 1
9628 1
5417 1
5417 1
3236 1
5355 1
5417 0
4358 0
5417 0
5417 1
4110 0
7870 1
9081 0
8709 0
5202 0
5417 1
5417 0
8952 1
1286 0
8995 0
9955 0
1417 0
5639 1
4720 0
9781 0
5417 1
5864 0
4818 0
6597 1
7848 0
5417 0
1907 0
8676 1
4315 0
5417 1
9495 0
5417 1
9658 1
8673 0
3991 1
8596 1
3196 0
4103 0
2779 1
5417 0
2908 1
5417 1
4065 0
5417 1
6129 0
5417 1
5417 1
5417 0
6833 1
9141 0
1695 0
9572 0
2480 0
3884 1
5417 0
8160 0
6908 0
6000 0
3689 1
5417 0
5417 1
7683 0
8884 0
7727 1
5395 1
9831 1
5417 1
5417 0
5417 0
4604 0
7293 1
9867 1
1134 1
3520 1
5177 1
5417 0
7325 1
5184 1
3884 1
8661 0
1557 1
9681 0
9448 0
5417 1
6713 1
8242 0
8533 0
7746 1
2955 0
8013 1
5417 1
5390 0
5417 1
5417 0
5664 1
4634 0
2076 0
5417 1
1044 0
9961 1
4568 0
1467 1
6912 1
9196 0
5539 1
5074 0
7674 0
8516 0
5244 0
8717 0
5417 0
7014 0
1853 1
1082 0
1734 1
5906 0
2552 0
6613 1
1145 0
2074 1
2964 1
4774 0
7051 1
3593 0
1980 0
5417 1
4646 1
8948 0
5417 0
5417 1
5417 0
3592 0
6471 0
1069 0
8169 0
3703 1
8971 1
5417 0
7901 1
3887 1
5417 0
8908 0
8852 0
2676 0
2745 1
5417 0
9170 1
2853 1
4145 1
2046 0
2285 1
5405 1
1896 1
7964 1
7965 0
7600 0
1567 0
5066 1
5417 1
6847 0
5417 1
5078 0
5417 1
5417 0
9989 0
5417 0
3661 0
7613 0
5532 1
9598 0
8382 1
3100 1
9272 1
2084 1
2150 0
5417 0
2097 0
4483 0
5417 0
3705 1
5417 1
9168 1
5417 1
2926 1
9505 0
3920 1
8771 0
9317 1
5417 1
5417 0
5016 1
4121 0
7541 0
6965 1
8891 0
8397 1
8669 0
7440 0
4110 1
3987 0
5417 0
9664 1
5417 0
5649 0
5417 0
6050 0
8805 1
5417 1
5417 1
3421 1
6531 1
9518 1
5417 0
6252 1
4376 0
5417 0
5443 1
3301 0
3260 1
1888 0
5417 1
9133 0
5417 1
2681 1
1697 1
5172 1
1649 1
5417 0
5417 1
3878 1
1065 1
1649 0
4243 1
8247 0
7281 1
5330 0
9502 1
7503 0
9947 0
3044 1
7401 0
5417 1
2658 0
7634 1
5417 0
9961 0
5291 0
5417 0
9146 1
1293 1
8764 1
7243 1
6764 0
5417 0
5417 1
5417 1
8111 1
9563 1
9049 1
8583 0
9306 1
6569 1
9603 1
5417 1
2178 0
3478 1
2135 1
9608 1
5417 0
5417 1
8025 1
1711 1
5417 1
5417 0
5417 1
3816 0
4994 0
4824 0
5959 1
5568 0
2652 0
5417 1
6029 1
1128 1
5417 0
9620 1
5417 0
9030 0
8982 0
5417 1
7687 0
7092 0
1540 0
3014 1
2551 1
5139 1
4759 0
4547 0
5417 1
4674 1
3037 0
2027 0
2452 1
3112 0
5417 0
5703 1
9842 1
1953 1
5417 0
7384 1
2058 0
4096 0
2475 0
5417 1
9846 0
6646 0
8701 1
8543 0
6848 0
8700 1
8881 1
9701 0
2022 1
1384 0
5417 0
5417 0
5543 0
4244 0
9140 0
3340 0
2041 0
5417 0
4094 0
2711 0
9156 0
9529 1
9645 0
3012 0
1656 1
9922 0
4893 1
5417 1
7807 0
5417 1
8767 1
5276 1
4805 0
1802 0
3814 0
4470 1
1745 1
5638 1
4299 1
5417 1
3855 0
6692 1
2616 0
8200 1
8539 1
5417 1
2791 1
3536 0
5417 0
6693 1
5417 0
6195 1
5417 0
1153 0
6476 0
3519 0
1346 0
5912 1
5417 1
3464 1
2470 0
5417 0
3766 0
5417 1
5417 0
5417 0
5417 0
5417 0
5417 0
5417 0
6903 0
3495 1
5417 1
5417 1
5137 0
5417 1
3118 1
8350 1
6890 1
5091 0
7457 0
5958 1
6089 0
6681 1
4316 1
9468 1
8387 1
8512 1
3646 1
5417 1
5417 0
4578 0
5417 0
1616 1
3297 0
5218 1
2277 1
9487 0
7132 1
1515 1
3812 0
7088 0
7081 0
9692 0
3122 1
7681 0
5417 1
5796 0
6682 0
6081 1
5479 1
3141 0
5099 1
4326 1
5417 0
6678 0
1711 0
5417 0
2536 0
8218 0
4300 1
8779 0
8272 1
5417 0
2771 0
8975 0
3005 0
3716 0
7282 1
4492 0
4572 0
3887 1
5417 0
7269 1
6993 1
7395 1
8317 0
7660 1
5417 0
9690 0
4183 0
5107 0
5417 1
1533 1
7802 0
5417 1
2922 0
5417 0
8321 0
4676 0
5417 1
8726 0
5388 1
1005 0
5417 1
5511 0
7035 0
5710 0
5417 1
7743 0
8615 0
8619 1
7345 0
2733 1
5417 0
9312 1
5417 1
1787 0
9425 0
5417 1
3499 1
3046 0
5417 1
6419 0
5417 1
8069 1
7160 0
7665 1
5417 1
3402 0
5417 1
5417 1
3687 0
3085 0
2682 1
7581 1
4362 1
5417 0
1410 1
5417 1
8099 0
5417 0
5417 1
5417 1
2560 0
5417 1
7446 0
5417 1
1509 0
3164 0
1979 1
4812 0
2911 0
1595 0
9468 0
8380 0
9377 0
3057 0
7022 0
5350 0
8097 0
9282 0
6745 1
9241 1
5417 0
7842 1
9468 0
4472 1
5417 1
7670 1
3020 1
7470 1
5417 0
4459 0
4227 1
5417 1
8905 1
5417 0
1478 0
7199 0
8986 1
5661 1
3143 1
7763 0
5417 1
5417 1
6563 1
9802 0
5442 0
5920 0
5417 1
2959 1
2768 0
3539 1
8262 1
2034 0
6273 0
5417 0
5282 0
7076 0
5417 0
5417 0
9687 1
5417 1
5417 1
2771 0
1033 1
8419 1
5417 0
1788 0
3422 0
9498 0
8846 1
5417 1
4879 1
5417 1
5417 1
5697 1
5417 0
5417 0
5417 0
5417 1
5417 1
5614 1
2464 0
7662 1
5327 1
5417 0
1588 1
5417 1
4833 1
5417 1
1324 1
5417 0
9337 0
3758 1
5726 0
1937 1
5417 1
6565 0
4874 1
5232 0
5417 0
5417 0
3081 0
9255 1
2042 1
2646 0
9911 1
5417 0
9706 1
6712 1
5417 1
6638 0
2090 0
5417 0
1365 1
2316 1
8727 1
5417 0
4796 0
3310 1
5417 1
4711 1
1294 0
5253 0
5266 0
2983 1
5417 0
6370 1
6435 1
7583 1
5417 1
5417 0
7002 1
5417 1
4808 0
5335 1
3737 0
5417 1
1828 0
5417 1
5417 1
5417 0
2404 0
5417 0
7175 0
8899 1
5417 0
2719 1
7264 0
5417 0
8622 1
6607 0
7378 1
5417 1
6238 1
7977 0
5417 0
4559 0
8605 1
1507 1
7516 1
6138 0
5417 1
7890 0
8706 1
2296 0
5417 0
2180 0
3092 0
8049 1
8556 0
6072 1
8563 0
5012 1
1488 1
9049 0
4239 0
3289 1
5099 1
3376 0
5417 1
5417 0
7225 0
5788 0
5417 0
5427 1
5417 0
2690 1
9260 1
5363 0
3558 0
8802 0
3603 1
5417 0
1379 0
4675 0
5417 0
4208 0
5417 0
8142 0
5417 1
2711 0
5417 1
5587 1
5417 0
7836 0
5567 0
5417 0
7596 0
5417 0
7784 0
5926 1
7343 1
4487 1
2382 0
8894 0
5417 1
9838 0
5417 0
7039 1
1315 1
5417 1
6222 1
6880 0
9250 0
2044 0
5417 0
5417 0
5567 1
4218 1
8463 0
5756 1
6872 0
5417 0
8923 1
7637 1
6686 1
5417 0
5417 0
5367 0
8496 0
1303 1
5417 0
2761 0
3826 0
5417 1
7503 1
5417 0
5314 0
7029 0
5417 0
1624 0
3262 1
5417 1
1794 0
9102 0
2170 1
3161 0
5417 1
1499 0
8259 1
5167 1
5417 1
4313 1
9369 0
1164 0
6618 1
7789 0
5417 0
5417 0
5417 1
5417 0
5417 1
7643 0
3555 1
4220 0
3590 0
1106 0
5417 0
3538 1
7203 0
5417 1
5417 1
4160 0
1545 1
5417 1
9909 0
6507 1
7225 1
6580 1
5417 1
5417 1
1507 1
2778 1
5417 0
1556 0
9652 1
8655 0
8230 0
1396 1
6315 1
2663 1
8877 0
4258 1
8604 1
7109 0
6160 0
5417 1
3719 1
7193 0
5244 0
8876 1
5417 1
4181 1
4792 0
5417 0
8475 1
6171 1
1923 1
5417 0
9878 1
7203 0
5417 0
5417 1
4097 0
2568 0
7066 0
1343 0
5417 1
9153 0
5417 0
6523 0
2062 0
5417 0
5417 1
8838 0
8292 0
8130 1
1737 1
2819 1
6424 1
5417 0
3827 1
6972 0
7321 0
7514 1
9208 0
3936 0
5417 1
7885 1
5417 0
2878 0
8791 0
2618 0
5943 0
3264 0
5417 0
1829 0
5417 1
1074 1
2665 0
4246 0
3476 0
2267 0
5417 0
5417 1
8186 0
8593 1
4706 0
9186 1
9260 0
8278 0
5417 0
5417 0
5417 0
9972 1
7562 1
5417 1
5417 0
5417 1
5171 1
5417 0
7937 1
3334 1
5417 0
2064 1
9769 1
5417 1
5417 1
3890 1
9702 0
5107 1
1570 1
8868 1
5417 1
7489 1
4039 0
5417 0
5924 1
4892 0
5134 0
4836 0
6295 1
6866 1
3086 0
3217 1
2889 0
5417 1
9166 0
5173 0
6626 1
5417 0
5417 0
5417 1
5417 1
6174 0
8260 0
1478 1
9719 0
7048 1
2234 0
1370 1
5417 1
5060 1
3484 0
5956 1
5417 0
3504 1
1334 0
1053 0
4453 1
5417 1
4347 1
6135 0
7548 1
5417 0
6466 0
1710 1
1567 0
1901 0
8307 1
2760 0
4800 0
7209 1
2434 1
6977 0
8637 0
4187 1
9871 0
4605 1
5417 0
2363 0
1265 1
7183 1
5417 0
4510 0
7840 0
5417 1
8783 0
3272 1
2546 0
6842 0
5557 1
5417 0
5417 1
5520 0
5417 1
7992 1
8178 0
6129 1
5417 0
1811 0
8656 1
3916 0
5417 1
6235 0
5593 0
7345 1
2690 0
9868 0
5997 1
4904 1
8278 0
4415 0
7973 0
7316 1
7311 0
1033 0
7346 0
5417 0
5417 0
1158 0
5417 0
3110 0
4209 1
8224 0
5417 0
6243 1
5417 0
9445 0
4144 0
6586 0
3031 0
6403 0
8513 0
9074 1
4650 0
1433 1
7150 1
9697 0
8500 0
7207 0
1119 1
5417 0
5417 0
2346 1
1420 0
5417 1
5417 0
5417 1
6358 0
5417 1
1183 0
8452 1
6571 0
2051 1
5417 0
7894 1
5666 1
7089 0
6297 1
9007 0
5063 1
3323 0
7790 0
3377 0
5417 0
5417 0
5417 0
2369 0
7938 0
5602 1
1336 1
1027 0
7252 1
5417 0
1628 1
5417 0
3150 0
3550 0
2271 1
9210 1
2164 0
2500 1
5417 1
4318 0
5614 0
6242 1
3623 0
3303 0
9530 0
8969 0
8766 0
1514 0
1574 0
7711 0
6898 0
5924 1
5417 0
5417 0
5055 1
1937 1
7258 1
6024 1
5417 1
9749 1
7126 0
6987 0
2262 0
8834 1
6239 0
4970 1
8043 1
9204 0
8738 0
9805 0
2123 0
1714 0
6839 0
2093 1
5417 1
5417 1
5417 0
5417 1
2678 1
9862 1
4003 0
4245 0
5417 1
5417 0
6013 1
5417 1
1393 1
7437 0
5803 1
2212 1
4177 1
4881 0
5390 1
4374 1
5417 1
1693 0
4762 1
9756 0
5417 0
5417 1
5006 1
2512 1
5238 0
5417 1
5417 0
8354 1
8779 1
5417 0
6215 1
3323 1
3833 0
2255 0
5561 0
5671 0
5417 0
5048 0
9754 1
5417 0
5417 0
5417 0
3611 0
9676 0
5417 0
6939 0
5417 0
5142 0
5210 0
6610 0
5417 1
4132 1
1093 1
5417 0
4592 1
1842 1
3385 0
9698 0
2192 0
5417 1
6707 1
2684 0
3168 1
3261 0
2882 0
7001 1
1508 0
5417 0
6070 0
5417 1
7760 0
1819 1
5417 1
1183 0
2660 1
5417 1
1122 0
5417 1
5732 1
6686 1
5417 1
3995 0
4013 1
3397 1
4863 1
9662 1
5378 1
2853 1
9956 1
5417 0
8734 1
3025 0
4095 1
5417 1
7661 0
8876 1
8539 1
1269 0
5417 0
7495 1
9543 1
8278 0
7655 0
5417 1
8384 0
3398 0
2274 0
7165 1
5417 1
2140 1
5988 0
5531 1
3809 1
7817 1
8568 0
5417 0
7742 0
6368 0
3534 1
7321 0
7934 1
5331 0
7600 0
5417 0
6005 1
1925 0
2475 1
3690 0
5417 0
9370 0
4043 0
8329 1
5417 0
6063 1
5417 0
5546 1
6575 1
2949 0
9768 0
6604 1
3326 1
3721 1
5417 1
7645 1
3708 0
4312 1
5417 0
5417 0
9410 1
4870 1
5417 1
3867 1
5417 0
4618 1
3021 0
5417 0
6061 1
9373 0
9295 0
4104 1
9572 1
5417 0
5417 0
3488 1
4883 1
3238 0
5591 0
1652 1
1025 0
6673 0
9777 1
6701 0
5497 1
7160 1
5417 1
5417 1
7754 1
3345 0
3997 1
1375 1
5417 0
5417 1
2017 0
9298 1
5417 1
6241 0
7476 0
5417 0
5216 1
5417 0
2985 1
9712 1
4112 1
5417 0
5417 0
5478 1
5569 0
2589 1
4125 1
3416 1
2404 1
1741 1
5417 0
5437 0
7678 0
4928 1
5417 0
5501 0
4443 1
5417 0
5417 0
5417 0
6092 1
6834 0
4640 0
5417 0
3618 1
4899 0
9131 1
6021 1
9140 1
4104 1
7834 0
2784 1
7396 0
1823 0
4522 1
9027 0
4464 1
8107 0
8840 0
1846 0
5417 1
7155 0
2368 1
9732 0
5417 0
7987 1
5417 0
6795 1
3209 0
5417 1
2342 0
1617 0
1374 1
9267 1
2908 1
9021 0
4360 1
1374 1
5557 1
7847 0
5417 0
5417 0
5761 0
3487 0
9106 1
2015 1
7388 1
1748 0
5417 0
1209 0
1776 1
6064 1
4806 0
2131 1
5417 1
5417 1
5417 0
7309 1
5836 1
8957 1
5417 0
5417 0
1309 0
5417 1
5336 0
2521 1
5897 0
5417 0
5417 0
5174 0
5417 0
9102 1
6563 0
4407 1
9483 0
9121 0
2683 1
5417 0
5417 0
9213 0
2091 0
2208 1
5417 0
5417 0
6248 0
5062 0
5417 0
3589 0
5272 1
8675 1
3793 0
9018 0
2475 0
3875 0
7245 0
3118 1
7154 1
6727 1
3073 1
5417 1
5417 1
1858 0
7228 0
5417 0
5417 0
7276 1
3998 0
7353 1
5177 0
5417 0
7953 1
8160 0
3793 0
2712 0
5417 1
4016 1
1293 0
4291 0
1645 1
3174 1
5116 0
5417 1
6088 1
5417 1
7482 1
5417 1
1358 1
8124 0
8419 0
4361 1
5417 0
2164 1
4960 1
3534 1
7078 0
4560 0
7631 0
7367 0
4747 1
2771 0
1440 0
5417 1
5417 1
4861 1
4747 0
1825 1
5385 1
9369 1
5417 0
5417 0
3557 0
1317 0
2701 0
2602 1
6463 0
7562 1
8387 0
5417 0
7174 1
7170 1
3168 1
8941 0
5417 1
2490 1
4092 0
5417 1
5054 1
5417 0
5417 0
5417 0
5742 0
9264 1
2432 0
1373 0
7574 0
5417 1
6880 0
3787 1
4608 1
1168 1
6852 0
3030 1
5494 1
5726 1
9687 1
6831 1
8545 1
6516 0
5893 0
8782 0
5417 1
5417 0
4015 1
8509 1
5417 1
5417 1
3381 1
9366 0
3231 1
6235 1
5417 1
