6327 7312
6149 0
7143 0
9008 1
6145 0
2958 0
7312 1
7024 1
3198 0
7312 0
7312 0
8798 0
2596 0
9397 1
9135 1
9009 1
1887 1
6591 0
3615 1
3165 0
7006 0
3613 0
7312 0
7312 0
3841 1
2976 1
1985 0
7312 1
6266 0
6273 0
8615 1
1113 1
7931 0
5747 0
6064 0
7312 1
5000 0
7312 1
7937 0
1555 1
6828 1
5443 0
5556 0
9839 0
5587 1
7312 1
3496 0
7312 0
8649 1
3938 0
4493 1
7312 1
1274 1
6581 1
3131 1
1772 0
7312 0
8311 0
8931 0
7580 1
7870 1
2363 0
9037 0
8506 1
3531 1
4748 0
7904 0
2711 1
9545 1
8743 1
2109 0
7312 0
3508 1
7312 1
7312 0
7312 0
9255 1
5774 0
1048 1
3634 0
2503 1
5304 0
7312 0
7649 0
4380 0
7453 1
4447 1
1199 1
1127 0
5477 1
3691 0
7312 1
6633 1
7312 1
8029 1
8761 0
6214 1
7312 0
7405 1
9844 0
7312 0
3413 1
6285 0
7312 1
2881 1
7312 0
3406 1
3168 0
7945 1
7312 1
1053 0
4745 0
1267 1
7312 0
3102 0
7312 1
2829 0
7327 0
1586 0
1060 1
7312 0
7312 0
9144 1
7125 0
1166 1
4197 1
3261 1
5090 1
7312 1
3750 0
7401 0
7312 1
8176 0
4672 1
1797 0
8316 1
2513 0
4775 1
6217 0
4987 1
1695 0
1111 0
7312 0
7312 0
7441 1
7312 0
8900 0
8337 0
2033 1
7312 1
7312 1
1455 0
2150 1
2262 1
4690 0
3389 1
1354 1
6606 0
4943 0
3328 1
6360 1
9218 1
5653 1
5770 1
7312 0
9986 1
8221 0
4695 1
7779 0
6283 0
5038 0
5557 0
1236 0
9714 1
5157 1
4291 0
3167 1
8748 0
1936 1
5419 0
7312 0
5908 0
7312 0
6356 0
3422 1
7580 1
7312 1
4278 0
1609 1
5519 1
4597 0
3241 0
5502 0
8172 0
7339 0
7312 0
3212 1
1436 0
8178 1
4669 0
8448 0
7312 0
6333 1
8187 1
7312 0
8006 1
3639 1
5851 1
3639 1
8170 0
9191 0
7312 0
8996 0
7312 0
1271 1
9772 1
5130 0
7769 0
7312 1
1022 0
8809 0
2571 0
4827 0
3824 0
5506 0
5375 1
5309 1
5293 1
8497 0
9126 0
7312 1
3026 0
7312 0
4275 0
4451 1
8957 1
1685 0
3346 1
7639 1
3489 1
2615 1
1472 0
4428 0
7312 0
5782 0
9409 1
4058 0
7756 0
8282 1
2197 1
3102 0
5723 1
6221 0
6167 0
9388 1
7312 1
6223 0
3626 1
9098 1
7122 0
7312 1
7312 0
5501 1
7312 1
8930 0
6497 0
8846 1
7956 0
1125 0
4755 1
7312 0
4374 1
9062 1
4563 1
9351 1
8853 1
2241 1
7312 0
7312 1
1972 0
7667 1
7199 0
1573 1
6987 0
7902 1
7253 1
3458 0
4700 1
1518 1
5489 1
1239 0
5865 1
4843 0
8878 1
6697 0
6422 1
8041 0
1699 0
7312 1
7312 1
7312 0
7733 1
3564 0
1487 1
3925 0
6864 1
9870 1
7312 1
7770 0
7312 0
7312 1
6913 1
4420 0
7312 0
4326 1
5368 0
7312 0
2332 1
8554 0
6627 1
4551 1
4191 0
1104 1
4525 0
9705 1
7312 0
7588 0
9228 0
7485 0
2486 1
7312 1
5667 1
6210 1
7312 1
3486 0
5028 1
7248 1
4837 1
1417 1
7312 1
8950 1
3714 0
5734 1
1944 1
4611 0
8155 1
2404 1
1045 0
2353 1
7312 0
9603 0
7312 0
8502 1
7312 0
8992 1
1619 0
8381 0
7312 0
7312 1
7312 0
7312 1
9785 0
6623 1
5059 0
7312 0
8032 0
7024 1
7644 0
3377 0
7251 0
4868 0
9063 1
7312 1
6963 1
8375 1
8289 0
6143 1
7312 1
8308 1
1685 1
7312 0
6646 0
7201 0
7541 1
7312 0
5003 1
6906 0
4194 0
7506 1
5814 0
7312 1
4324 1
7312 1
7312 0
7312 0
2065 1
9273 0
8505 1
7312 1
2274 1
6132 0
8298 0
2149 1
6641 0
4993 0
1565 0
1316 1
7312 0
3849 0
9930 1
7312 0
9552 0
7851 1
7312 0
6151 1
2928 0
9582 1
8300 0
7312 0
6457 1
7312 1
7312 1
9804 0
5828 1
2811 1
9018 0
7312 0
6871 1
8126 1
9698 1
4329 1
5941 0
9497 1
8257 0
7312 0
7695 0
7312 1
4608 0
1479 1
5958 0
7312 0
3018 1
3141 1
6041 0
8744 1
7312 0
1673 0
9101 1
7312 0
5614 1
3016 1
7756 0
9774 1
2916 0
7957 0
4053 0
7312 0
7312 1
5482 1
2674 1
7288 0
6657 0
1765 0
1540 1
9808 0
5117 0
8170 0
5852 0
7312 0
7312 1
1523 0
7811 0
1820 0
8938 0
9478 0
6638 0
1755 0
7312 1
4983 0
5051 0
7312 0
5463 0
9626 0
7799 1
6737 1
3567 1
9205 1
7312 0
7312 1
6507 1
7910 0
1628 0
2730 0
7312 0
7312 1
6549 0
8628 1
7312 1
7312 0
3316 0
5905 1
7312 1
1774 1
8754 1
1484 1
1902 0
7002 1
3745 1
6261 1
8029 0
3127 1
9688 1
7312 0
9141 0
8760 1
2214 1
6516 1
4719 0
7312 1
5474 0
3503 0
2983 1
2671 0
2179 1
1353 0
1855 1
3380 0
5015 0
7312 1
7312 1
9146 1
9002 1
7312 1
7582 0
6795 0
8854 1
3321 0
5354 0
1255 0
9875 1
1047 0
7970 0
7312 0
8433 0
8441 1
9629 0
7312 1
7312 1
7070 1
7312 1
4896 0
2033 0
4820 0
7112 0
1765 1
9352 0
4735 0
5323 1
8233 0
1200 0
6071 0
7312 1
5352 0
2850 1
9444 1
7312 1
9384 1
1471 1
3147 0
7732 1
7932 1
1355 0
5876 0
3542 0
7312 0
8340 1
1163 0
3807 0
6900 1
6319 0
9334 1
2049 0
9009 0
7951 1
7312 1
5568 0
7312 1
7312 1
2175 0
2426 1
2175 0
6009 0
1423 1
9896 1
7894 0
7312 1
8868 1
7312 0
4572 1
5748 0
4526 1
5701 1
7312 0
2691 1
7312 0
2031 0
7312 0
8415 0
8771 0
4948 0
7210 0
7312 0
5917 1
7312 0
1470 1
6308 1
2042 1
7312 0
1798 0
3157 1
4567 1
3673 1
8333 0
7312 0
9908 0
7731 1
1391 1
8785 0
9807 1
6597 0
4806 1
4315 0
7387 0
9219 1
7964 1
6288 0
3233 1
7312 0
7632 1
9441 0
1331 1
6754 1
6143 0
7312 1
8391 0
6356 0
8996 0
2229 0
7009 0
6292 0
1932 0
7312 1
2971 0
8114 1
7312 1
5035 0
7743 0
6739 0
5320 0
7312 1
1039 1
8572 0
4789 1
6760 0
2226 1
2017 1
2817 1
1217 1
4244 0
1314 0
1279 0
7501 0
5642 1
7312 0
4414 1
9753 0
8843 0
5216 0
7312 1
5264 0
7312 0
7312 1
6392 0
4177 1
5750 0
1436 0
7312 1
7312 0
7312 1
3431 1
4451 0
6067 0
1645 1
3855 1
3566 0
5272 1
8095 1
3336 0
8584 1
9467 0
4707 1
7312 0
7312 0
6265 1
9121 1
7312 1
4525 1
7312 0
4363 0
6998 1
3317 0
2067 1
4268 1
8888 0
7312 1
6055 0
9292 0
7312 1
5580 0
7312 0
2239 0
5623 1
5826 0
7088 0
3466 0
5619 1
7312 0
3654 0
7312 0
7312 1
6580 0
9642 1
5701 0
7312 1
4026 0
7676 0
7566 1
7312 1
2810 1
6481 1
7312 1
6731 1
5118 1
7312 1
7312 1
9149 1
9251 0
2256 1
2595 1
7312 0
9824 1
8255 1
9760 0
7312 1
7312 1
7312 1
7312 1
1433 0
7037 0
7312 1
9295 0
7312 0
4782 0
5240 1
7076 0
3164 1
7312 0
6167 0
7312 0
6845 1
9803 0
4793 1
1949 1
5731 1
7324 1
7312 0
7483 0
7312 1
7312 0
5904 0
7178 1
5488 1
7312 0
2114 1
4795 1
5437 0
4942 0
4127 1
3771 1
7312 1
8068 0
2598 1
7087 0
5531 0
7312 0
7312 1
7263 0
6990 0
7469 1
1864 1
4028 0
7312 1
7312 1
3902 0
8072 0
2613 0
7312 1
2743 0
7291 0
4562 1
2097 1
6411 0
7312 1
2100 0
7312 0
6183 1
8904 0
7312 0
3950 0
2244 1
6181 1
7240 1
8191 0
8631 0
7084 0
5790 1
2569 1
9961 1
8530 1
9835 1
9274 1
9612 1
9066 0
5367 0
8614 0
7205 0
5683 0
7312 1
4941 0
7312 0
9219 1
8494 0
5458 1
4524 0
7312 0
8935 0
2403 1
7312 0
4676 0
5530 1
7312 0
2723 1
1237 1
5398 0
7312 1
3770 0
8460 1
7312 0
7312 1
1930 1
7472 1
7955 1
5634 0
5601 1
7312 0
6954 0
8621 1
3883 1
7312 0
1225 1
8507 1
7312 0
2022 1
6665 0
6498 1
5311 1
7312 1
9837 0
2952 0
2097 0
7312 0
7973 1
5617 1
7312 1
4039 1
5607 1
2100 0
9564 0
7312 0
7259 0
7312 1
9626 1
2292 0
6778 1
7312 1
9733 0
7312 0
1787 0
8606 1
5042 0
7312 0
4062 1
7312 0
9513 1
6879 0
6214 1
2189 0
4173 1
2313 1
7271 1
7312 1
2356 1
2771 0
2989 0
8036 1
3447 1
7312 0
7312 0
6104 1
3873 0
5975 1
9328 0
8036 0
9807 0
9148 0
7312 1
7312 0
7312 1
1070 0
7312 0
7312 0
7312 1
7312 1
7312 0
4516 0
8905 0
8712 1
5213 1
8750 1
7312 0
1298 0
1423 0
7507 0
2863 1
6467 0
4280 0
7312 0
7120 1
8685 1
4787 0
6873 1
9029 0
5714 1
7312 0
9255 0
7312 1
3227 1
4283 1
7312 1
5254 1
3049 0
7509 0
7312 1
6506 0
4502 0
7312 1
8378 1
5856 0
7165 1
6546 1
1800 0
7312 1
5858 0
7312 0
3948 1
8497 1
4021 0
8751 0
4608 0
8125 0
7312 1
5126 1
1054 1
5912 1
7312 1
6896 0
5393 1
7312 1
7637 0
4224 0
7312 1
7312 0
4627 1
3803 0
3180 1
9267 1
1036 1
3935 1
7312 1
5941 0
7312 1
7312 1
9058 1
2127 0
7312 1
6074 0
6463 0
9801 1
3682 0
7312 1
7312 1
9862 1
7312 1
7312 1
7312 0
5807 1
7312 1
7312 0
9353 1
7312 1
7312 1
4422 0
6674 1
7312 0
6090 1
2241 1
7312 1
1970 0
2058 1
5276 0
4804 0
6260 0
7034 0
7312 1
7060 1
7312 0
7312 1
4626 1
7312 1
5064 0
6807 0
2303 0
9720 0
1858 1
8400 0
4359 0
3792 1
7721 0
7312 1
5361 0
7508 0
9072 1
7312 0
8920 1
7312 0
7312 0
2090 0
9461 0
7334 0
3302 0
2975 1
9361 1
9906 1
7312 0
7312 0
6747 0
3879 0
7312 0
6986 1
3372 1
1183 1
8206 1
7312 1
7312 0
7312 0
2165 0
2483 1
1001 1
4670 1
7312 1
6319 0
1788 1
5911 0
7312 0
7312 1
6422 0
7312 0
7717 1
7312 0
7312 1
5406 1
7294 0
9965 0
7312 1
7387 0
9351 1
2215 1
7312 1
9406 0
1264 0
2456 1
4214 1
7860 1
7825 0
5930 1
7312 0
6212 1
7427 1
4398 1
7312 0
7312 0
1755 0
2232 0
7312 0
6416 1
2224 0
5533 1
6648 1
9773 0
7312 1
7312 1
9770 1
2004 0
2939 1
5652 1
8420 0
9644 0
2529 1
8178 0
7951 0
1338 0
7312 1
3893 0
4310 1
3311 0
9280 1
9006 1
1962 0
3010 1
2008 0
6441 0
7001 0
4684 0
3370 0
3996 1
6626 1
7676 1
5722 1
5298 1
9403 0
7312 0
9946 0
9621 1
5837 0
9067 1
5608 1
7312 1
7716 0
7312 1
4687 1
8697 0
6906 1
6852 1
7312 1
6479 0
7312 0
2344 1
8077 1
8327 0
9975 1
7312 1
5897 0
3070 0
5548 1
7312 0
7312 0
2311 1
6392 1
6082 0
3552 1
7312 1
9825 1
5419 0
1858 0
7312 1
3263 0
3264 0
4575 1
7319 0
3401 0
3306 1
3345 0
1972 1
2848 1
7312 0
7312 0
7312 1
7312 0
7460 0
9104 0
5702 0
8037 1
1730 1
5814 0
5952 0
8207 1
7312 1
5240 1
4171 0
9851 1
9637 1
3898 0
6591 0
5390 0
7312 0
7904 1
3463 0
7312 1
7476 0
7312 1
7312 1
3665 1
7312 0
7738 1
7312 0
6061 0
8013 1
3269 0
3085 0
5804 1
4090 1
7166 0
9832 1
2612 0
7312 1
7312 0
6510 0
7312 1
7246 1
8200 0
7686 0
2001 0
3315 0
7312 0
6051 1
3872 1
4320 1
7182 0
5410 1
5907 1
7312 1
7312 0
4103 1
1510 0
5962 0
7312 0
7312 1
9517 1
4525 0
6031 1
1284 1
3495 1
3644 1
4099 1
1961 1
4276 0
2642 0
3880 1
3142 0
8587 1
9442 0
7312 0
6199 1
8428 1
1961 0
7312 1
3132 1
4774 1
5006 0
7312 0
9749 0
7312 0
2732 0
6532 1
3975 0
7312 0
1798 0
7312 1
7807 1
7312 0
7312 0
7248 0
4349 0
7708 1
6986 0
8816 0
9074 0
7312 1
5322 0
7312 0
7103 0
6611 0
1211 1
4561 1
2269 0
5607 0
1775 1
7312 1
1812 1
6135 1
7019 0
8240 0
4802 1
9207 0
5543 0
8043 0
6500 0
7567 0
7312 0
7312 1
9959 0
4331 0
7312 1
8778 1
1764 1
9958 0
5126 1
4901 1
8099 0
5851 1
4802 0
8338 0
7312 1
7312 1
7312 1
9266 1
2429 1
4936 1
7990 0
5135 0
7941 1
5571 0
7312 0
7312 0
1417 1
7312 1
7312 1
7312 1
6225 0
7514 0
2856 0
7312 1
7312 1
7312 0
4207 0
1072 0
7857 0
7312 1
7528 1
7963 0
4987 0
9079 1
8788 1
7312 0
1317 0
7312 0
7315 0
7398 1
3770 1
7650 0
7312 1
7312 1
7312 0
7312 0
1565 0
3245 0
3562 1
4439 1
7312 1
7312 0
2005 0
7312 0
5922 0
4742 1
7312 1
7376 0
7312 0
7721 0
1284 1
2075 1
7312 0
7846 1
8919 1
4993 1
5681 0
7025 1
4401 1
6653 0
3345 0
6203 0
1720 0
7312 1
9739 0
6343 1
5220 0
7312 0
7312 1
3953 0
3734 1
1237 0
7312 1
7660 1
2864 1
2266 0
9588 1
2903 0
4603 0
7312 0
7312 1
5485 0
6224 1
5576 0
9588 1
7312 0
8393 1
7007 1
7812 0
1575 1
2987 1
4705 1
7312 1
7312 0
4649 1
8446 1
7312 1
6354 0
8093 1
7312 0
6270 0
6139 1
8336 0
5987 0
7312 1
9590 0
2909 1
6937 0
9643 0
5089 0
1677 1
7312 1
7312 1
3139 1
5022 0
6063 1
3005 0
2266 1
7312 1
5822 1
4948 0
1431 1
9535 0
2131 1
7312 0
7787 1
1202 0
7312 1
7312 1
5453 1
8620 1
7312 0
7312 0
8299 1
7834 0
7312 1
1848 0
5987 1
3541 1
9453 0
7312 1
9698 0
6265 1
7312 1
2481 0
8940 1
7024 0
7312 0
7312 1
7312 1
3753 1
3206 1
7189 0
7312 0
7312 0
8748 1
7312 0
7312 1
2175 0
1463 1
1836 0
3977 0
7312 0
7312 0
6603 0
3975 0
3965 1
7089 1
2645 1
1172 1
7987 0
8823 0
2801 1
7923 1
7312 1
7312 0
6152 0
6469 1
3558 1
2555 0
9079 1
7067 0
5890 0
7691 1
5615 1
8170 1
7312 1
6302 0
5490 1
3327 0
3981 1
8784 0
5830 1
7312 1
4287 0
6254 1
4424 1
3699 0
3338 1
5051 1
7312 1
4725 0
7312 0
2666 0
5614 1
6253 0
8860 1
3284 0
7312 0
3180 0
7312 1
1551 0
7312 1
5195 0
3636 0
3854 0
5935 1
9574 1
9609 0
3566 0
7312 0
7413 1
5316 1
9542 1
3080 0
7284 0
1806 0
7312 1
1114 1
7312 0
4716 0
3340 0
9753 1
2422 1
1964 0
7312 0
7312 0
7312 1
8486 1
7312 1
8318 0
2746 1
8740 0
2536 1
8028 1
9613 1
9711 1
7955 1
6024 1
9603 1
7312 0
8401 1
7312 0
7312 0
5787 1
6832 1
6651 0
7434 1
7312 1
7312 1
7312 1
5873 0
5990 0
4391 1
7565 1
9906 1
7312 1
5293 1
8859 0
3136 0
4369 1
7978 0
2190 1
4121 0
7948 1
3624 1
1439 1
2438 1
9089 0
7312 1
6418 0
9367 1
7312 1
4038 1
7159 1
2460 1
2436 0
2875 1
7312 1
7312 0
2593 0
8390 0
7312 0
3665 0
8924 0
7312 1
6317 1
8830 0
5158 1
4642 1
8926 1
7871 1
6261 1
2169 0
8925 1
7072 1
2378 1
8144 1
6346 0
7312 1
7312 1
9854 0
7726 1
3987 0
2509 1
7786 0
7312 0
4342 0
9654 0
8653 0
7312 0
3604 1
3459 0
7537 1
7312 0
7312 0
1307 1
7312 1
5734 1
7312 1
4934 1
3587 0
8465 1
5725 0
7869 0
8362 1
3994 1
7312 1
1832 1
3918 0
2241 1
7312 1
5976 1
4441 0
6518 1
4387 1
7312 0
2623 0
8931 0
9763 1
3681 1
7312 1
7312 0
7312 0
7312 1
9138 1
5656 0
6396 0
5498 0
4946 0
7312 0
8083 1
1765 1
3040 1
5668 0
9487 0
7312 0
9020 1
5416 1
7266 1
2213 0
7312 1
9635 1
7752 0
9792 1
2812 1
8651 1
5952 1
2883 0
7312 0
6678 1
7891 1
4153 1
5976 1
2232 1
6065 0
5143 1
4098 0
5527 1
5088 1
3194 0
4532 1
7312 0
9307 0
7645 0
4894 0
7312 0
4471 1
7569 1
7312 1
7312 0
1540 1
2846 0
7312 1
8742 0
7312 0
7312 1
7312 1
2845 1
5544 0
7312 0
4277 1
7312 0
8801 0
2885 0
9501 1
7312 1
5780 0
4758 0
4981 1
7312 1
7312 0
5706 1
8429 0
4466 1
4993 0
7472 1
8272 1
7312 0
9958 0
7307 0
7375 1
8337 0
1410 1
5100 0
1240 1
7312 0
7312 0
1667 0
5019 1
2329 1
8636 1
7312 1
7312 1
7312 1
2110 0
6211 1
3803 0
5771 1
2617 0
2640 1
7312 0
7312 1
5332 1
7695 1
7312 1
9461 1
4627 0
6484 1
2082 1
3189 0
5428 1
3908 1
8087 1
9166 0
3726 0
7312 0
6590 1
7312 0
8684 0
7312 1
7239 0
2839 0
2805 0
2116 1
3110 0
1800 0
7884 0
7312 0
7312 0
7509 1
3145 0
7312 1
7312 1
7312 0
7312 1
7312 0
5279 1
7312 1
9112 1
7312 0
1105 1
6809 0
8550 1
3706 1
7170 0
2722 0
4918 0
9198 0
3079 1
4641 1
7543 0
7312 1
7312 0
7312 0
3081 1
1931 1
8357 0
6165 0
9174 0
1495 0
1928 1
7312 1
8655 0
8551 0
9645 0
1798 0
7312 0
9822 0
5987 0
2513 1
9360 1
1288 0
5997 0
5959 1
7312 0
7312 0
7312 1
7312 0
3602 0
7312 0
7219 1
7312 0
7183 0
8981 0
7403 1
4481 1
6461 1
8087 1
7312 0
7034 0
1914 1
8133 0
4217 0
8661 1
1745 0
8826 1
9219 1
7312 0
3684 1
7900 1
5718 0
6363 1
6079 1
1625 1
7312 0
6357 0
5184 1
1755 0
2554 0
1043 1
6104 1
9513 0
9572 1
7312 1
7312 0
7312 1
7312 0
6503 1
9498 0
8789 1
7312 1
8047 0
4152 1
3665 0
9589 1
7312 0
8130 1
7312 0
3055 1
7749 0
6847 1
4851 0
2899 0
7312 1
7312 1
7312 0
8305 1
9611 0
7312 0
3183 1
7312 0
5653 0
7312 1
2566 0
7241 1
7312 0
8228 1
5714 1
9515 0
2763 0
7612 1
5516 0
7522 0
6375 0
9079 1
4683 1
2689 1
8412 1
9791 0
1782 0
9472 0
7281 1
4284 1
7312 1
1872 1
8351 0
7312 1
9758 0
8170 0
7312 1
7312 0
7312 0
5568 1
9201 0
3485 1
1980 1
7309 0
6657 1
2894 1
7312 1
8812 0
9044 0
4853 0
2850 1
7552 0
7312 1
8021 0
5330 0
1988 1
1234 0
9540 1
8042 0
5692 0
7312 0
2446 1
7312 0
2813 1
7186 1
7312 0
6161 0
2655 1
3190 1
2536 1
7279 1
4227 1
5673 0
4671 0
7312 0
9830 1
2346 1
2203 0
8646 1
7312 1
5077 0
8708 1
2936 0
7609 0
7312 1
1648 1
1478 1
9177 0
7732 0
7312 0
2837 1
4266 1
2974 0
2262 0
7312 0
9820 1
1469 0
8299 1
4828 1
2560 1
7312 0
8781 1
9399 0
7312 1
4647 0
3815 0
3635 1
1456 1
8756 1
3584 0
2497 0
4139 1
1493 0
6915 0
8130 1
1644 0
5437 0
7312 0
7312 0
4252 1
4189 1
3038 1
3529 0
4022 0
7312 0
1516 0
7312 1
7312 1
1502 1
6242 1
1271 0
4882 1
9428 1
1795 0
6174 1
9258 1
7126 1
8766 1
1389 1
7312 0
1733 0
8511 0
9478 0
9835 0
7312 0
7312 0
5846 1
4860 1
9106 1
7312 1
5022 1
9153 0
4556 0
1193 0
7312 0
7312 0
7886 0
7517 0
1347 0
9148 0
2632 1
6654 0
7312 0
9077 0
3799 1
8219 1
1021 1
4707 0
7312 1
7312 1
7312 0
4834 1
7312 0
8662 0
1822 1
7312 0
7391 1
7312 0
5917 1
7312 1
3970 1
7783 1
3277 0
7312 0
7312 0
7312 1
1067 1
4660 0
2051 1
4014 0
5997 0
2688 0
8970 1
1236 0
6336 0
4463 1
5764 0
1318 0
2407 0
1344 0
7847 1
4630 1
6871 1
9445 1
3728 0
9727 1
5457 1
3388 1
7412 1
7312 1
4584 0
7312 1
2871 1
6094 0
2892 0
5620 0
2699 1
7312 0
7312 1
7312 1
4308 0
9987 0
5199 0
7574 1
8065 0
7312 0
7514 1
6096 0
3533 0
9885 0
8527 1
9865 1
7893 0
1514 1
6005 1
7312 1
7312 1
2446 0
4895 1
7312 0
3381 0
7287 1
8149 0
6350 0
7312 1
1290 1
8249 1
3181 0
7312 0
7764 1
9488 1
9222 1
6509 0
7312 0
5002 0
1762 0
8404 1
4006 0
6187 1
4519 0
6746 0
3754 1
7312 1
7312 1
5656 1
9658 0
7312 1
7312 1
9467 1
1593 1
4102 1
8756 1
5704 1
9734 0
4918 1
7312 1
3907 1
8875 0
9650 0
6408 1
8619 0
6824 1
7787 0
8348 1
5082 1
8794 0
6197 1
7312 0
1230 1
1822 1
7950 0
7312 0
3376 1
7515 1
7312 0
7312 1
6540 0
7312 0
8641 1
2293 0
4916 0
7312 1
5730 0
6234 0
2888 1
4031 1
2760 0
7312 0
3017 0
8010 1
6656 0
7924 0
2254 1
7312 0
5171 0
7312 1
7554 0
9828 0
9400 0
8769 0
4132 0
7312 0
7312 0
7312 0
6318 1
1346 1
7312 1
8511 1
8602 0
7804 0
2659 1
1445 0
2739 0
6991 1
4529 0
6911 1
7312 0
7312 1
2207 0
7161 1
2318 1
7312 1
6415 0
2042 0
7312 1
3417 1
4731 1
3326 1
7312 0
5437 0
1715 1
7312 0
4816 0
9019 0
9636 0
9084 0
7312 1
3923 0
7573 1
9173 1
7312 0
2808 1
3296 1
7312 0
8063 1
7312 0
7312 0
8556 0
7410 1
7346 1
7312 1
1114 1
2076 0
1106 1
9453 0
6687 1
1927 1
5216 0
4010 1
7312 0
9991 1
6952 0
8551 0
3018 1
9095 1
8197 0
7312 0
2528 1
7312 0
1110 0
1107 0
7450 0
7312 0
7053 0
7312 1
7312 0
1419 1
5969 1
7312 1
2852 1
3300 0
6758 1
7169 1
4947 1
5973 1
7402 0
8194 0
3255 0
7312 1
5659 0
7154 0
6113 0
7312 0
4825 1
8772 1
4746 0
2148 0
6694 0
8949 0
8962 0
3931 0
6731 0
7312 1
8399 0
6328 0
6685 1
3875 0
7249 1
7322 0
7312 0
5139 1
8070 1
4801 0
9626 1
7298 1
9668 0
7312 1
1851 0
7312 1
9875 1
6052 1
1191 0
5613 0
6766 0
7312 0
2630 0
7312 0
1351 0
9818 0
9819 1
9694 0
7312 0
4019 1
7312 0
2776 1
7312 0
2116 1
2158 1
8220 0
6624 1
7609 0
4572 0
5716 1
8735 0
8121 1
1316 1
6531 0
4376 0
5142 1
6804 1
7312 0
7312 0
5892 1
7312 0
4550 0
1329 1
6235 0
5942 1
3161 0
7162 0
2944 0
5676 0
9883 1
6258 1
3252 1
3154 0
7312 0
3202 1
7312 0
4049 0
7564 0
7312 0
7173 0
7312 1
3703 0
4830 1
6859 0
7312 0
7312 0
7312 1
8700 1
9101 1
7312 1
8376 1
2902 0
9073 1
7312 1
6766 0
7312 1
7312 0
2389 0
9768 1
3071 0
4340 1
7463 1
7312 0
5414 1
5599 1
7312 0
9929 1
7312 1
9240 0
7312 1
2569 1
4026 0
5363 0
7312 0
4360 0
7312 1
1308 0
7474 1
7193 0
7312 1
2270 1
5921 0
7312 0
7312 0
7312 1
3932 0
4645 0
4074 1
4157 0
7312 0
2842 0
1743 0
6108 0
7312 0
7312 1
9805 1
7964 1
3769 0
4283 1
5105 0
7106 0
8948 1
7312 1
9047 1
8648 1
7243 0
8598 1
3885 1
7312 0
7312 0
3607 1
9009 1
3024 1
4744 0
7312 0
4273 0
2943 1
1418 1
1561 0
7312 0
7312 0
5217 1
6262 1
5186 1
6544 0
7440 0
1714 0
1009 1
1428 0
1989 0
5463 1
8781 0
8105 1
7312 0
9997 0
6283 1
7312 1
4814 1
4823 0
7312 1
8148 1
3383 0
7312 1
5494 0
1423 0
1538 1
7198 1
1298 0
2464 0
6287 0
5243 1
5188 0
6948 0
7490 0
3489 0
1676 0
9842 0
7312 1
2568 0
2060 0
4041 1
6048 0
3138 1
8760 0
7312 0
2093 0
9122 1
7312 0
7172 1
6093 1
7312 1
3286 0
5911 0
1076 0
7312 0
7312 1
8073 1
6841 0
8744 1
7276 1
7312 0
6521 0
7312 1
1474 0
7312 1
5969 1
7312 1
2639 1
7476 0
7312 0
1713 1
5341 1
7312 1
8737 1
3084 0
7312 0
5445 0
7312 0
7312 1
7312 1
7312 1
2324 0
7582 1
3870 0
7312 0
4041 1
7591 0
2615 0
7312 0
7312 0
7112 1
9627 1
9618 1
5026 0
9951 0
7075 0
7468 1
5059 1
6674 0
7438 0
3505 1
8280 0
7312 0
8355 1
1969 0
4805 0
3727 0
6473 1
6126 1
6956 1
1375 1
1906 0
5768 0
2897 0
1404 1
6214 1
8099 0
4805 1
2922 0
6713 0
7312 1
4955 0
9392 1
7312 0
1585 0
8342 0
7312 0
1281 0
3223 1
9210 1
6272 0
4408 0
8364 0
7312 0
7312 0
7312 1
9289 0
7312 1
2012 0
7372 1
4889 0
6976 1
7312 1
1880 1
7312 0
6908 0
4381 1
8791 0
8895 1
7312 1
9518 0
7312 0
8627 1
8034 1
4997 0
7312 1
7312 1
5713 1
8734 1
2044 0
5109 0
7312 0
3044 0
1566 1
9768 0
2099 1
7063 1
8786 1
9905 0
8655 0
8727 1
3256 1
7312 1
7312 1
6598 0
7312 0
7312 0
6074 0
7312 1
7018 0
4276 0
7312 1
7312 1
5783 0
2418 0
1098 1
4048 0
7312 0
7312 0
7042 1
7079 0
4813 0
9007 0
3919 0
6054 0
7473 0
4923 0
7972 0
4738 0
5322 1
7312 1
7312 0
1822 1
9829 1
1101 1
6155 1
7312 0
2843 0
7312 0
7312 0
1318 0
2992 1
6130 0
5101 0
9535 1
7312 1
7278 1
3589 1
1143 1
8175 1
4421 1
6202 0
4207 1
8221 1
4057 0
7312 1
5233 1
9473 1
7312 0
8316 1
7312 1
4027 1
7312 0
5466 1
2239 1
7312 1
5305 1
1380 0
8574 1
7312 1
7312 1
9688 0
7312 1
4431 0
7571 1
3816 0
7297 0
7819 1
1213 0
5193 0
5997 1
2710 1
6315 1
1768 0
4554 1
2805 1
8648 1
5458 0
7312 0
7312 0
2517 0
4866 0
6577 1
2892 0
1012 0
4566 1
6372 0
2372 1
6831 0
3115 0
2545 1
1968 1
6461 0
7312 0
4260 1
9382 0
3625 0
2510 1
5981 1
6563 0
7312 1
2981 0
7312 1
5612 1
7312 0
1919 1
4746 1
2139 1
4905 1
6395 0
4716 0
2504 1
1837 0
2138 0
7901 0
1376 1
1751 1
4058 1
7312 1
9523 0
4991 1
3375 1
5229 1
4679 1
7312 1
3754 1
4130 1
2233 0
7312 1
9632 1
9155 1
7312 0
8865 0
7312 0
7603 0
6752 1
6451 1
7312 0
5235 1
9620 1
1305 1
2197 0
3393 1
8611 1
1353 0
4162 0
5471 1
9534 1
2431 1
5562 1
7689 0
5138 1
8067 1
9091 0
8210 1
2285 1
2111 0
7312 1
6235 1
6218 0
7312 1
1073 0
5212 1
9631 0
6074 0
1637 0
2922 1
4033 0
7774 0
6201 0
7312 0
4641 1
7312 1
6088 1
3072 1
8146 0
8783 0
7312 1
1670 1
1684 1
4286 1
7312 0
6715 1
1240 1
7312 0
9106 0
2800 1
3635 0
8484 0
6506 1
7312 1
7312 0
3171 1
6794 0
2165 0
8893 1
7999 1
9799 0
7312 1
3220 1
8795 1
7312 1
7312 0
9853 0
7140 0
1175 1
1384 0
7680 0
7312 1
8403 1
1068 1
3529 0
1525 0
9273 0
7545 1
2612 0
7312 1
3801 0
1481 0
7312 0
3931 1
1351 1
3880 1
4405 1
1030 1
7576 0
7312 0
4697 1
4850 1
2683 1
6583 1
5886 1
6517 0
9919 1
3062 1
7312 0
7312 0
7384 0
8433 0
3283 1
2318 1
7901 0
1140 1
7312 1
7481 0
9427 1
8755 1
3012 1
7312 0
5897 0
5533 0
7312 1
2273 1
9256 1
7312 0
3387 1
2354 0
3681 1
3761 1
1225 0
3474 0
8007 0
2211 1
7312 0
7312 0
7824 0
1212 1
8918 1
7312 1
1335 0
7312 0
4268 1
7312 1
9771 1
1982 1
1650 1
2563 0
7312 1
3137 1
7312 1
8671 0
1384 0
3321 1
5085 0
2209 1
7312 1
7312 1
8406 1
8996 1
7312 0
7312 0
2407 0
2079 1
8932 1
7405 0
7312 1
8245 0
7789 1
5335 1
7092 1
7312 1
3336 1
4744 1
3175 0
7312 1
6599 0
3635 1
8233 0
3374 1
7312 1
8989 1
3041 0
5377 1
6473 0
8649 1
9756 0
7312 1
7312 0
7312 1
7026 1
5583 1
7312 1
8281 0
3368 0
4605 1
2170 1
5827 0
7312 1
2209 1
2381 1
5760 0
1343 0
1945 0
2965 0
7012 1
7312 1
8710 0
4537 1
9090 0
9880 1
5113 1
8859 0
1499 1
7312 0
4473 0
7312 1
3796 1
7312 0
7169 1
7312 0
2234 0
6681 0
6810 1
2040 0
4851 0
1877 0
4485 1
7281 0
6139 0
7312 0
7312 1
4507 1
1188 1
4351 1
5391 1
6595 0
4824 0
8309 1
7312 0
1751 1
4728 1
5687 0
5058 1
6246 1
3117 0
7312 0
9247 0
4071 0
7312 0
7312 0
1170 0
7056 0
8862 1
2528 1
7312 0
1707 1
7312 0
8231 1
4393 1
5360 1
7548 0
5070 0
2126 0
7340 1
7312 0
9033 0
7092 1
6924 1
9736 0
5761 0
5139 1
9165 1
1647 0
6961 1
9146 0
7312 0
2938 0
7240 1
1485 0
6625 1
1379 0
2481 1
5308 0
5968 1
9887 1
3239 1
4624 1
7312 0
8421 0
4128 0
4745 1
2986 0
7312 1
6632 0
2600 1
8839 0
2079 1
3055 1
5157 0
2661 1
1655 0
7312 1
3230 1
4980 0
3086 0
4267 0
7288 1
9779 0
2032 1
1935 0
7312 0
3108 0
7312 1
7312 0
7539 0
1191 0
9146 0
6941 0
7312 1
2936 1
7312 1
7312 1
7988 1
7448 1
3809 1
7312 1
9522 0
4595 1
7312 1
7312 0
5984 1
5272 0
3869 0
6795 1
7312 1
1048 0
5851 0
7312 0
6694 0
7312 1
8427 1
4398 1
7312 0
3523 1
5001 0
1820 1
5088 1
5869 0
7312 1
4805 0
6593 1
7312 0
5671 0
7312 0
7770 1
9881 0
8787 1
2947 1
7312 1
5289 1
5272 1
9687 0
5920 1
7312 1
2552 1
6674 0
7312 1
7095 1
7312 0
1493 1
3103 0
7312 0
7312 1
3815 0
8735 1
9327 0
6874 1
6549 1
3352 0
7312 0
9514 1
7312 1
7312 0
8530 0
2788 1
4455 1
6498 0
7446 0
7716 1
1893 1
7312 0
4145 0
6017 0
3041 0
3193 1
8808 1
1511 1
8893 0
4150 0
4955 0
5465 0
9430 1
9401 0
3775 1
3032 0
1430 0
7312 1
7312 1
3901 0
7312 1
7312 1
9812 0
7312 0
9606 1
9007 1
9135 0
8519 0
8949 1
8584 1
7312 1
7312 0
2060 1
7312 1
1637 1
7312 0
5381 1
5561 0
7312 1
6919 0
3221 1
7312 1
7312 0
7312 0
8843 0
7664 1
8301 0
9335 0
9333 1
7312 1
5599 1
7312 1
7312 1
6676 1
8180 1
9007 1
1925 1
2099 0
5872 1
2379 0
3447 1
5399 0
7312 0
7312 1
2456 0
9637 0
7312 0
3092 0
5615 1
9672 1
2818 1
6020 0
4976 1
7312 0
7312 0
6575 1
7908 0
5713 0
7805 0
9772 1
9444 1
8614 0
7312 1
7312 0
5392 0
9404 0
7312 1
4670 1
5704 0
7289 1
3768 1
7312 1
6095 0
7312 1
7312 1
8624 0
6168 1
2193 0
1858 0
1098 1
8612 0
7312 0
1469 0
7312 1
1432 0
7312 1
9392 1
5591 0
1195 1
8129 1
6303 1
9430 1
1018 0
7312 1
7312 1
2854 1
5142 0
1886 0
7312 0
1752 1
9249 0
1735 0
1914 0
7076 0
8340 1
7312 1
7312 0
3567 0
5122 1
4046 1
4798 0
7312 0
7312 1
2682 1
5922 0
9180 0
1278 0
7312 0
7312 1
2624 0
7312 1
1802 0
5601 0
3353 1
4488 1
3890 0
7312 0
7312 0
1058 0
3773 0
9055 1
6811 0
7312 1
6102 0
8404 1
1425 0
7312 1
4548 1
1680 0
8091 0
1864 1
7271 0
4082 0
8047 1
7312 0
9552 1
9977 1
3588 0
1875 1
7312 1
4327 0
2543 1
6166 1
9248 1
7312 1
8688 1
8240 1
5569 0
5509 0
7312 1
4216 0
7312 1
2006 0
3795 0
7312 0
7312 0
9204 1
5169 1
4372 0
9573 1
3125 0
8049 0
6605 0
7312 0
7312 0
8945 0
1853 0
7312 1
1679 1
8902 1
2695 0
7312 0
6498 1
2449 1
7312 1
7312 0
2946 0
7312 0
3138 1
9547 0
7312 0
7931 0
7312 0
2908 0
7312 1
2823 0
2536 1
9916 0
6056 1
7312 0
3371 1
7312 1
7312 1
1667 1
7645 1
4622 0
6340 1
6137 1
7943 0
9046 0
9146 0
2517 0
7312 1
9503 1
5688 0
8235 1
7312 1
7432 1
3570 0
7312 1
9343 1
3254 0
2485 1
1289 0
7144 0
2832 0
7420 1
4271 0
1562 1
7312 1
5305 1
8568 0
7312 0
7312 0
8679 1
7312 1
7312 0
5748 0
7312 0
8330 0
5848 0
3288 1
7593 1
7312 1
4320 0
3450 0
2870 0
5786 1
1534 1
1055 1
7312 1
1120 1
3408 1
1001 0
3514 1
7006 1
1108 0
2087 0
2502 1
7312 1
3791 0
3990 1
4895 0
3688 0
2412 1
4330 0
1877 1
7312 1
7107 1
5961 0
3914 0
1891 1
5514 1
4134 0
9092 1
7312 1
7312 0
5727 1
8099 0
7312 0
3414 1
2381 0
4138 1
3590 1
6937 1
3972 1
8772 1
5254 0
8965 1
7312 1
9275 0
4146 0
1932 1
6961 0
4856 0
7312 1
9669 1
7312 1
3906 0
3523 1
7591 1
4218 1
4717 1
5649 1
7312 1
7059 1
7312 0
4339 1
7312 1
6314 1
8404 0
7312 0
7312 1
7312 0
1911 1
7312 0
4741 0
7312 0
9151 0
7856 1
2568 1
5234 0
3639 1
7777 1
6829 1
5093 1
7191 0
1293 0
5158 1
2780 0
2826 0
7443 1
7679 0
5194 1
7312 1
4603 0
3194 1
8154 1
6798 1
7312 0
2976 0
2155 0
8598 1
7312 1
4839 0
8923 1
7312 1
9014 1
7407 0
9797 0
9993 0
9322 0
1477 1
7312 1
4201 1
5392 1
4316 0
1547 1
9972 1
2256 0
9339 0
7312 1
8766 0
6595 1
7312 1
3709 0
8101 1
7312 1
5825 0
7312 0
3291 0
6829 1
7312 1
5604 1
7312 0
8336 1
7711 0
3495 0
8864 0
1815 0
5567 0
7312 0
6801 1
7312 0
7312 0
4523 1
7312 0
5685 0
1399 0
9693 1
2636 1
7312 0
7191 0
5049 1
7312 0
7312 0
7312 0
7312 0
2260 0
7312 1
1642 0
6235 0
7044 0
8668 0
5859 0
7312 0
9744 0
7714 1
7312 0
2138 0
9682 1
1325 1
7312 0
2655 1
8518 1
7256 1
7312 0
2994 0
1220 0
2904 0
7312 0
5463 1
6096 0
7312 0
9502 0
9905 0
9443 0
8655 0
1649 0
8221 0
7312 1
7312 0
7312 0
5301 1
7312 1
7312 0
5062 0
2319 1
1762 1
7312 1
7312 1
2802 1
3067 1
5647 0
9834 1
9213 1
7421 0
2483 0
3803 1
1917 1
1335 1
7753 1
3393 0
5510 0
8147 0
9789 1
7312 0
4510 0
7312 1
7312 1
2825 1
5127 0
7312 0
5774 0
7838 1
7312 0
1931 0
1720 0
5206 1
7167 1
3003 1
7312 0
7014 1
9142 1
4916 1
2755 1
4657 0
4106 0
6666 0
9759 1
7312 0
7227 1
5759 1
7312 1
5014 0
8931 0
8038 1
2695 1
5801 1
2467 1
8578 1
8151 0
9708 0
7340 0
7312 1
2791 0
7312 1
1966 0
3661 1
5815 0
7312 0
1495 1
9358 0
2800 0
1002 0
7312 0
1945 1
7312 1
7312 0
3802 1
7312 1
8019 1
7312 0
2155 1
1514 1
9666 1
7312 0
7312 0
1470 1
7312 0
7645 0
7799 1
4337 1
4250 1
1291 0
7639 0
6841 1
7312 1
7048 1
7312 0
2165 1
7312 0
2005 1
1687 0
7312 0
6153 1
7312 1
9535 0
6377 1
3090 0
1920 1
1162 0
4691 0
7312 0
8343 1
8035 1
4188 0
6957 1
2561 1
7312 0
7312 0
6359 0
7312 0
7520 1
7312 0
7408 1
7496 1
9675 0
4302 0
2005 1
7312 1
9662 1
9251 0
7223 0
4743 1
1677 0
7339 0
4730 1
4457 0
8415 1
7140 1
6009 1
7312 0
9538 0
7312 1
5184 0
7312 1
1024 0
4679 1
5362 0
9347 1
7312 0
8559 1
7312 1
7312 0
5302 1
2787 0
5622 1
7312 1
4132 0
7312 1
9167 1
5866 0
2260 1
4940 1
7056 0
7312 0
3026 0
1745 0
5325 1
5809 1
7312 1
9867 0
7312 1
8713 0
7312 0
4286 0
5356 0
7312 1
5606 0
7312 0
8389 1
7312 0
1120 1
7339 0
9425 1
1123 1
3113 1
2159 1
6267 0
1874 1
6304 0
4572 0
8131 1
7033 0
3983 1
7312 0
1971 0
4409 1
4850 0
3785 0
7312 0
9824 0
4396 0
8879 1
3264 0
7312 1
5836 0
4160 0
7569 1
7312 1
7450 0
4618 0
1794 0
5191 1
1422 0
7312 1
2657 0
7493 0
7312 1
8213 0
7312 1
4888 1
1035 1
9805 0
8959 1
7312 0
3243 1
7312 1
1579 1
2815 1
7602 1
7295 0
2183 0
7312 0
7293 1
4168 1
1605 1
7312 0
7312 0
3062 1
1018 1
7312 1
3085 0
7312 0
7312 1
1164 0
7457 1
1625 0
8582 0
8782 0
7312 0
2331 1
7230 1
7312 0
2102 0
5666 0
5830 0
9639 1
7617 0
6199 0
2334 0
2410 1
6583 0
7312 0
7312 0
6383 1
8401 1
1584 1
7575 0
5192 0
7312 0
3403 0
9741 0
5763 1
1664 1
1000 1
8865 1
7312 0
9828 1
7403 0
7312 0
1145 0
9900 0
7312 1
5574 1
4697 1
7312 1
6567 1
4721 1
4286 1
9633 1
5409 1
5554 1
2806 1
2448 1
4205 0
3978 0
3751 0
8742 1
4028 1
5447 0
9878 1
7312 1
7312 1
2390 0
7312 0
3737 1
5668 1
9403 1
3082 1
7312 1
6827 1
9095 0
7312 1
7312 0
3639 0
5659 0
1878 0
6793 0
4416 1
7312 0
3459 0
9059 0
1105 1
2030 0
1454 1
1132 1
7312 0
6890 0
7312 1
5751 1
2991 1
7312 1
7312 1
2964 1
7747 1
9304 1
4569 0
6582 0
3885 0
7312 0
2235 1
9569 1
4033 0
1280 0
9493 1
1508 1
5533 0
3559 0
9245 0
2821 0
2784 1
6198 0
3380 1
5838 1
3908 0
6078 0
4903 1
7312 0
7774 0
2882 1
7312 1
7312 0
2110 1
2554 1
7312 1
7030 1
1104 0
7312 1
7312 0
4964 0
2739 0
7312 1
3841 0
3069 1
7312 0
1366 0
2839 0
7312 0
7312 1
7312 1
7312 0
3178 1
5007 0
7756 1
7949 0
1018 1
7515 1
6523 1
8177 0
3737 1
1986 1
9475 1
2855 1
2753 1
7312 0
4102 1
7312 1
6211 0
2734 0
7312 1
7877 1
9418 1
7312 0
3017 1
2286 0
5663 1
6989 1
8334 1
4545 1
3632 1
3543 1
3544 0
7312 0
8945 1
7312 0
5010 1
7312 0
7987 1
4156 1
7312 0
4780 1
3739 0
4665 0
7615 0
8322 1
2046 0
3408 1
9434 1
9802 0
8503 1
8102 1
7312 1
7866 0
8658 1
6154 0
2596 0
7754 1
6211 0
9782 0
7312 0
8391 1
3846 0
4179 1
7312 1
7312 0
4355 1
7312 0
4212 1
4183 1
2329 1
7312 0
8136 1
7312 0
7312 0
5366 0
7963 1
7312 1
7312 1
8464 0
9029 1
3212 0
7312 0
8744 0
7312 1
2561 1
4811 1
7312 1
5707 1
5980 1
7367 1
2462 0
4373 1
7312 1
5584 0
5092 1
7312 1
7312 0
8239 0
9734 1
1673 1
7312 0
7312 0
1239 0
7312 0
9845 1
7312 1
7607 1
4504 1
3778 0
9796 0
7312 1
7312 0
2444 0
5380 0
8129 1
4958 0
8411 1
6018 0
9522 1
7312 0
4730 0
7266 1
7828 0
9098 1
1759 1
7312 0
4970 0
3381 1
5752 1
2626 1
2279 0
1727 0
6401 0
7312 1
8726 0
9485 1
9365 0
7312 1
4314 0
7312 0
4899 0
1998 1
9179 1
4626 0
4254 1
2981 1
8818 0
8184 0
9043 0
7312 0
7312 0
1283 0
2281 0
7312 0
2190 1
5789 1
1806 0
1126 1
9055 1
6269 0
6797 0
7312 1
4099 0
2733 0
7312 1
1114 0
5903 0
7312 0
7312 1
7312 1
7312 1
1799 1
5582 0
8398 0
8850 0
1583 0
7480 1
7312 1
4379 1
7441 1
7981 1
7577 1
3442 0
2456 0
7918 0
7312 0
9323 0
6803 1
2620 0
1467 1
7312 1
5633 0
3210 1
3004 0
4461 0
7312 1
7312 0
7309 1
7312 0
8524 1
4122 0
3288 0
3891 1
5901 0
7467 0
1525 1
7121 1
8809 1
7312 0
6973 1
5820 0
7312 0
7312 0
7312 0
1340 1
7312 0
7312 0
7312 1
8344 0
5503 1
7312 0
9185 1
6820 1
7594 1
5622 1
8332 0
9308 1
7312 0
4701 0
7312 1
8119 0
7312 0
7312 0
3741 1
5496 0
1555 0
6910 1
9101 1
4028 0
4511 1
2075 0
6547 0
4031 0
9700 1
7312 1
7312 0
7312 1
6385 0
7312 1
1459 1
5351 0
3944 0
1934 1
7312 0
7312 1
6107 1
1775 0
4428 0
9859 0
7563 1
5374 1
9726 1
1022 1
8309 1
8485 1
9072 1
7312 0
7312 1
7312 0
3545 1
6009 0
7391 1
7312 1
5127 0
8816 1
2333 1
7312 1
7312 0
7312 0
5456 1
3145 1
4396 0
7312 1
4276 0
2349 1
6561 0
2799 1
7312 0
6135 0
7331 0
2788 0
2285 1
5681 1
5244 1
5348 0
7312 1
8797 0
7948 1
4794 0
1608 1
4883 0
3167 1
6394 1
7312 1
1100 0
5449 1
1168 0
3900 0
3243 0
8985 0
9338 0
6972 1
7312 1
7312 0
1892 0
1992 0
3793 1
3962 1
4214 1
6458 0
2795 0
2134 0
5458 0
9972 0
8457 0
7312 0
7486 1
7312 0
7312 0
3697 0
2950 0
3801 0
7915 0
3822 0
7312 1
4762 1
4100 1
7312 0
5513 0
7312 1
7312 1
9701 0
7515 1
7125 1
7869 1
7312 0
3397 0
1717 0
7640 0
8402 1
7312 0
2828 0
7312 1
7312 1
8270 0
5221 0
7312 0
5520 1
7312 0
4617 0
8609 0
4364 0
7538 1
9906 1
7312 1
7312 1
6581 0
1079 0
7312 0
7312 1
3926 1
1035 0
7312 1
7312 0
5139 1
1066 1
2226 0
6136 1
9920 1
6152 1
7312 0
9686 0
8841 1
3958 1
2438 0
4809 1
7087 0
3763 0
4757 1
5288 0
1492 0
4730 1
7312 0
3389 1
7312 0
2643 1
6452 0
9891 0
1007 1
7312 0
7582 0
7312 1
7312 1
1627 0
8929 0
9580 1
7270 0
7192 0
5710 0
7312 1
4163 1
2590 1
9882 1
5837 0
5493 1
2396 1
2151 0
7312 1
7312 1
8394 1
3079 0
6242 1
5184 1
5067 0
7256 0
7312 0
6874 0
7312 0
8575 1
7303 0
3050 1
5129 1
1371 0
2908 1
4327 1
1583 1
9685 0
7535 1
6536 0
7312 0
5090 0
5711 1
1968 0
8671 1
7506 1
9478 0
7312 1
7554 0
7312 1
1424 0
9128 0
4219 0
7312 0
4674 1
7312 0
4517 0
7312 1
6610 1
7312 0
2982 0
7071 1
5049 0
7312 0
6407 0
5337 0
2588 0
2214 1
7312 1
7312 1
7602 1
1601 1
6884 1
7312 0
4716 0
7312 1
2171 1
7312 1
5465 1
7312 1
5396 0
2707 0
1799 1
2872 1
7369 1
6916 0
6576 1
7747 0
4008 1
4103 1
6254 1
5385 0
5822 1
6860 0
4782 1
2649 1
5295 0
7312 1
2530 1
8143 0
3048 0
6053 1
7312 0
1678 1
7538 1
7312 1
6401 0
7312 0
9794 0
6844 1
4254 0
4767 1
7312 1
7312 1
5414 0
9044 1
7312 1
6985 0
7307 1
9277 1
7312 1
7551 1
6745 0
7988 0
7312 1
5127 1
5901 1
4214 1
7312 1
2927 1
9963 0
3815 1
7718 0
4463 1
7312 0
9716 1
4843 0
9745 0
7312 1
7197 0
9124 1
6439 1
6606 1
7312 0
9663 0
5347 0
7312 1
9451 1
5173 0
8505 1
5702 1
2179 1
4970 0
1577 1
2253 1
3745 1
7312 1
5588 0
1847 0
4203 1
9518 0
3695 1
4890 1
8295 0
7312 0
9294 1
9391 1
3433 0
4563 1
7627 1
8861 1
1117 1
2338 0
9337 1
7312 1
7312 0
9030 0
5773 1
7312 0
8923 0
6257 1
7312 0
6541 1
1928 1
8808 0
1504 0
3888 1
9270 1
5043 0
9602 1
6076 0
9177 1
8492 0
7923 1
6045 1
6151 1
7983 1
5681 1
7312 0
9730 1
5168 1
4556 0
7312 1
3948 0
1872 1
7312 1
1534 0
4253 1
5080 0
9209 0
7312 1
1931 1
7312 0
7312 0
7781 1
7889 0
9972 1
7312 1
9176 1
7312 0
7045 0
3606 1
8897 0
7312 1
2598 1
6913 0
5176 0
1663 0
7312 1
7876 1
7312 0
1859 1
7312 0
9489 0
9837 0
4106 1
8016 0
3395 0
1734 1
7251 0
5127 1
2319 1
5557 1
2400 0
4493 1
9647 0
7582 0
2432 1
1085 1
7312 1
7312 0
5403 1
4075 0
7312 0
4261 0
5577 0
2975 1
7054 0
5727 0
6874 1
4806 1
7312 0
3839 1
6914 0
5546 1
2931 1
6457 0
6982 1
7312 0
7312 1
3750 1
7312 1
4805 1
7379 1
5504 1
3621 0
7312 1
7039 1
9809 1
7312 0
5163 0
6145 0
6753 0
7910 1
7312 1
7312 1
3136 0
1486 0
1767 0
4857 1
4929 0
7312 0
7312 0
5321 1
6827 1
7678 1
1715 0
3851 0
1689 1
2456 1
6313 0
1242 0
6687 1
5629 0
7312 0
2380 0
5135 0
7312 0
6103 0
6792 1
7312 0
6230 1
8299 0
6605 1
7312 0
7312 0
4852 1
2487 1
7312 1
2298 0
9509 0
6934 0
7765 1
5944 0
8405 1
9874 0
5670 1
1622 0
8111 0
7852 1
3697 0
5335 0
7312 1
9577 0
3881 0
7495 0
3597 1
7336 0
2092 0
3648 1
3855 0
7312 1
9039 0
1612 1
7689 1
7312 1
6175 1
6124 0
9812 0
1904 0
7312 0
2491 0
6196 1
5235 1
3200 1
7241 0
5018 0
7312 1
9912 0
9724 0
1628 1
7312 0
7312 1
7312 0
7328 1
4937 1
3592 0
7312 0
1674 0
2819 1
3769 1
2196 0
6549 0
6073 0
6565 1
3322 0
7312 0
4580 0
7289 0
1395 1
6525 1
4372 0
7618 0
2453 0
2015 0
6204 1
1257 1
7372 1
7496 0
5645 0
5614 1
8353 1
9639 1
7312 1
3912 0
2607 0
7352 1
6733 0
9694 0
7297 1
2647 0
9874 0
7312 1
6028 0
9855 1
7591 0
2153 0
4865 1
4643 1
7312 1
3381 1
2380 1
2254 0
1079 1
8122 0
4187 0
8289 1
4986 0
7312 1
7312 1
7312 1
2147 0
7312 0
2885 1
3409 1
9426 0
9525 1
6617 0
6015 1
1365 1
8458 1
5283 0
1841 0
6132 1
9030 1
3007 1
7312 0
7312 1
7312 0
3023 1
4289 0
5440 0
4247 1
1554 1
3271 1
4345 1
5113 0
8289 0
1092 0
7312 1
7312 1
7409 1
9201 0
9800 1
1354 0
9977 0
7312 1
8830 0
7312 0
2352 0
3449 0
7312 1
8343 0
2460 1
9774 1
2152 0
8676 1
7312 0
6986 1
6690 1
5394 1
7312 1
4041 0
8736 0
7312 0
5215 0
9941 1
1139 1
5964 1
2950 0
5992 1
1386 0
8230 1
7312 0
6996 1
7312 0
6411 1
6352 0
3843 1
8807 0
8109 1
4101 0
7312 0
5824 0
7312 0
7312 0
7097 0
9404 1
7312 1
8538 0
8735 1
6100 1
5831 0
4659 1
4230 1
7895 1
5407 0
6763 0
1882 0
7312 1
8290 1
7312 1
3840 0
8671 1
9683 0
3913 1
1808 0
3567 1
9330 1
1212 1
7312 1
7312 0
8941 0
9133 0
7805 1
4840 1
7312 1
1198 0
9148 1
7312 0
7312 1
5376 0
4294 1
7312 1
6932 1
7455 1
7312 0
1716 0
5822 0
1736 1
9217 1
7312 1
2086 0
9024 0
7312 0
4018 1
7312 1
7312 1
8582 0
4448 1
7312 1
7312 0
6730 0
7312 0
2330 0
8117 0
8549 0
7312 1
3453 1
3918 1
7312 0
6272 1
8793 0
3168 0
7312 0
9460 0
2817 0
8283 1
3087 1
7312 0
3465 1
5289 1
1562 1
7312 1
7519 1
4435 1
3895 0
3065 0
1348 1
9787 0
2680 0
7491 1
7312 0
5394 1
2102 0
7329 1
6361 0
7312 1
5953 1
7312 1
7312 0
5401 1
2015 0
7312 1
8736 1
2104 1
1768 1
5514 0
7754 0
8028 0
6316 1
7754 0
5214 1
2216 1
5699 0
8281 0
2964 0
1329 0
2407 1
7312 0
7244 0
1417 1
7312 0
7312 0
1819 0
3229 0
6488 1
9579 1
2706 1
6512 0
3236 1
7312 0
7461 1
7312 1
2849 1
1020 0
7312 0
7312 1
5811 0
5030 1
7312 1
7592 0
9828 1
9308 0
7312 1
8437 1
2097 0
4327 0
7312 1
5871 0
7892 0
2620 0
9212 0
7312 0
9967 0
7803 0
6240 1
7312 1
7491 0
7271 1
7312 0
1457 1
4515 1
2161 0
8106 0
5425 1
7312 0
2311 0
7312 1
5693 0
1754 0
6422 0
6879 1
7746 1
6260 1
4366 1
7312 1
7312 1
8399 0
9531 1
2576 0
7312 0
7312 0
7312 0
2983 0
7082 1
3342 0
7312 0
4228 1
8045 0
4173 1
2629 1
7255 1
7312 1
9328 1
8664 1
5746 0
7312 0
7312 0
7312 0
7312 1
7312 0
7805 1
9770 0
4312 1
7312 0
5521 0
9048 0
9625 0
7312 1
6832 1
8226 0
9950 0
7756 1
7526 0
8190 1
5726 0
7312 1
7312 0
3601 0
2597 1
7312 0
6843 0
2464 1
8715 1
9416 1
1146 0
2417 0
7312 0
8612 0
2213 0
1163 0
5945 1
8953 0
9264 1
7331 1
9277 0
7312 1
7878 1
3440 1
7546 0
4471 1
5763 0
5648 1
5960 0
6243 0
3220 0
1424 0
5154 0
8448 0
7706 1
8178 0
3516 1
6448 1
3037 1
7312 0
7312 0
5336 0
5761 0
7312 1
5379 0
9074 0
7312 0
7312 0
7821 1
1621 0
3658 1
7900 1
9032 0
2625 1
7150 0
8881 0
7312 1
6817 1
1031 0
5807 1
5143 1
6649 0
7622 0
6580 1
7651 1
8638 0
2692 1
5521 0
3655 1
8609 0
5185 0
1770 1
7312 0
8718 0
7312 0
5547 1
4185 0
3230 1
7312 1
6121 0
7312 1
7312 1
7312 1
1654 1
6354 0
2425 0
2675 0
8402 0
2214 0
7312 1
8552 0
3662 1
7312 0
7312 0
4977 0
1899 1
2784 0
7918 1
5951 1
7169 0
7312 0
5846 0
7312 1
7312 1
9271 1
9910 0
6577 1
3528 1
7312 0
7845 0
7312 0
1122 0
8092 0
7312 0
7312 1
2879 1
7950 0
7312 0
9613 1
9494 0
8088 0
3780 0
6630 0
4140 0
9144 0
2005 1
7312 1
5222 1
3220 0
7312 1
5046 1
7312 0
2078 0
1620 0
5661 0
7794 0
5835 1
5755 0
9977 1
3197 1
1714 0
1908 0
8131 0
2689 1
3704 0
3971 1
4456 0
9015 0
6476 1
8875 1
4179 1
3528 1
2364 1
7312 1
7949 1
8999 0
5196 0
8877 1
5665 0
2430 1
7312 1
7312 1
9185 0
7312 0
7312 1
7312 1
7312 1
7312 0
3385 0
6319 0
2468 1
6318 0
6872 0
2900 0
8437 0
5469 0
7312 0
7008 1
8827 0
2431 0
3981 0
3492 0
7312 0
2072 0
3972 0
7312 1
7312 1
4772 1
6650 0
7312 0
4673 1
3779 1
2555 1
9371 1
1305 0
4159 0
7312 1
9484 0
4257 1
7259 1
7915 0
5962 0
4071 1
6358 0
3845 1
2405 1
1290 1
1584 1
2461 0
7312 1
9498 1
8682 1
7312 1
8879 0
2589 1
2787 0
4192 1
7312 0
7312 1
5716 0
6684 0
4912 0
7312 0
2189 1
5576 0
7312 0
7312 1
6527 0
7071 1
1554 0
7312 0
7312 0
7312 0
7312 0
7312 1
7311 0
4230 0
7312 0
9102 0
4127 1
7312 0
1535 1
4071 1
8675 1
9964 1
7312 0
7312 0
9180 0
9946 0
7549 0
8855 1
4859 1
2746 0
5818 1
1845 0
8161 1
1678 0
1505 0
1915 1
7705 0
4615 1
1877 0
8210 0
9872 0
7312 0
7484 1
1370 0
1996 1
1802 1
7907 0
2561 0
5070 0
7312 0
7312 0
6445 1
3170 1
7006 0
7376 0
7312 0
3983 1
4781 0
3284 0
9107 0
6807 1
9069 0
2204 1
9527 1
7803 0
2889 0
3585 0
1415 1
7312 0
7312 0
5291 0
2098 1
7519 1
6076 1
5603 0
7312 1
7054 0
7312 0
5934 0
2482 0
5018 0
9309 0
7312 1
7312 0
4637 0
7086 0
6790 0
4824 0
7993 1
3927 1
7312 1
8777 1
2854 0
2870 1
7453 0
7971 0
5371 0
7312 0
3308 0
7653 1
7312 1
7464 0
6241 0
8096 0
7312 0
1413 1
7312 0
4128 0
3327 0
8298 0
7312 1
7312 0
7797 0
1139 0
6613 0
5528 0
4642 0
8234 0
8714 0
2041 0
9340 1
8383 1
7312 1
1116 0
4778 1
8279 0
2223 0
5581 1
2312 0
9460 0
1159 1
4068 1
4193 1
8467 0
7312 0
2227 1
1820 0
5680 1
8579 0
6963 0
9595 1
9141 0
2700 0
6800 0
4664 0
3658 1
9932 1
7312 1
4928 1
7312 0
9660 0
9255 1
8396 1
7449 0
7312 1
5886 1
7312 0
9013 0
2099 1
7312 0
6200 1
1506 1
7312 1
7312 1
6225 1
3674 1
4275 1
8540 1
1167 0
7312 1
2023 1
7312 0
2241 1
3462 1
7312 0
3490 1
1197 1
5644 0
3329 0
1631 0
6539 1
4914 0
3332 0
1627 1
7312 1
7312 0
7312 0
2742 0
6165 0
7312 1
3516 0
8392 1
7312 1
7062 0
6746 0
4725 1
9116 1
7312 0
7962 0
5953 1
3761 0
7312 0
8917 0
7312 1
2874 1
7312 0
9696 1
7419 1
5755 1
7312 1
8466 1
7312 0
3790 0
6420 1
4794 1
8164 1
7312 0
1370 0
1025 0
7312 0
5425 0
7312 0
8899 0
2864 0
8138 0
7312 0
7615 1
7029 1
3124 1
7187 0
2851 1
7276 1
6776 0
7312 1
9841 1
7979 0
7661 1
7304 0
6092 0
7897 1
4432 1
2411 1
9638 0
6581 1
3940 0
3901 1
4995 1
7312 0
3772 0
3487 0
6812 0
6119 0
3832 0
7312 1
7312 1
3464 0
5755 1
3816 0
9180 0
7312 0
7312 1
3061 0
7119 1
8079 1
6921 0
9422 1
7312 0
9086 1
8136 1
4842 1
5510 1
6232 1
5960 0
7072 1
3033 1
7312 1
4838 1
4076 0
7312 1
5568 0
6763 1
2273 0
4857 1
9818 0
7312 0
5350 1
7312 0
3850 0
4844 0
2276 1
7312 1
4797 0
1468 1
4669 1
7312 0
6170 0
5332 1
9868 1
1070 0
4914 0
6191 0
9388 1
6700 0
5285 1
7312 0
7987 1
6009 0
5734 1
7874 0
8322 0
6450 0
4032 0
3298 1
7170 0
7312 1
4228 0
2626 0
3878 0
2669 1
3110 0
8722 1
7312 0
1716 0
7312 0
6887 0
6035 1
6615 0
5593 0
7312 0
1469 1
7312 1
8136 0
5279 0
6493 1
5870 1
7312 1
2933 0
8585 1
2122 1
7610 1
5431 0
8812 0
4427 1
6725 1
7312 0
7726 0
6835 0
7312 1
2913 0
1387 1
7997 0
9781 1
8593 1
7312 0
7312 0
8449 0
1960 0
7312 1
7704 1
4472 1
2109 0
7312 0
8269 0
6728 1
7312 1
5785 1
1883 1
7312 1
1484 0
4988 0
4174 0
3507 1
5692 1
1313 1
7312 1
7312 0
5471 1
6753 0
4273 0
2109 0
6097 0
6624 1
6483 0
2175 0
2488 1
5881 0
7312 1
5217 1
7666 1
6836 1
5392 0
1038 1
3599 1
5184 1
3632 1
7181 0
5655 0
3305 0
9355 0
7031 0
5816 0
7050 0
7312 1
2699 1
2369 0
9654 0
5866 0
4731 1
7312 1
9039 1
3422 1
5590 1
8993 1
1254 1
9561 1
4385 1
6272 1
4750 0
2611 0
4814 1
7312 0
9289 1
7312 0
2793 0
9399 1
7312 0
4075 0
7312 0
8625 1
7312 1
6035 1
9849 1
1449 1
7019 1
9422 1
7312 0
7312 1
7312 1
5907 1
5043 1
7312 1
3658 1
7312 1
7069 0
7312 0
9988 1
1138 0
7312 0
7312 0
4661 1
7312 0
7312 1
7312 1
3423 0
9604 0
2330 1
8043 0
5383 1
7312 1
5644 1
7312 0
7312 1
8280 1
6323 1
7312 1
7312 0
7312 0
2177 1
7312 1
1730 0
4426 0
8489 0
5381 0
5934 0
3408 1
8197 1
7312 0
9181 0
7312 0
6105 1
6835 1
7312 1
9806 1
7647 0
2421 1
7312 1
9469 0
7312 0
4490 0
2421 0
7312 0
4542 0
5691 0
7312 1
4639 0
7312 0
7312 1
9465 0
8934 1
3953 0
8403 0
3681 0
7312 1
4666 0
4905 0
2302 0
8994 0
5460 1
2752 1
2953 1
4183 0
2975 0
6040 1
7312 0
2780 0
7952 1
7312 0
2099 0
6559 1
5663 0
7617 0
8152 0
7480 1
3520 0
6166 1
2111 0
1274 0
1067 1
7312 0
7312 1
7312 0
7312 0
2596 0
6548 1
3943 0
2513 0
7312 1
7447 1
7312 1
1639 1
7035 1
3243 0
3095 0
7312 1
3734 1
6679 1
9497 0
8481 1
5928 0
1001 0
5142 1
1434 0
2306 0
7312 0
7312 1
7312 0
5863 0
3267 1
3801 0
3276 0
7312 1
9754 1
7312 1
4922 1
7312 0
7288 0
7312 1
3834 0
8216 1
7312 1
1301 1
9929 1
8088 1
2770 1
6361 1
8402 1
5690 1
1918 1
6324 0
7312 1
9699 1
6211 0
7312 0
6424 1
5546 0
7312 0
8309 0
2322 0
4171 0
8855 0
9107 0
7312 0
2726 1
1062 0
7312 1
6754 1
7312 0
5467 1
7170 0
7312 1
1634 0
7312 1
9387 1
8194 0
3211 1
7312 1
5111 1
9848 1
6494 0
8801 0
7312 1
9530 0
9810 1
6550 0
7312 0
7157 1
5781 1
7312 0
3005 1
9628 1
6830 0
7312 1
8222 1
5876 1
2341 1
7289 1
1798 1
3932 0
1176 0
4621 1
1912 0
7005 0
7312 1
7312 1
6528 1
7312 1
9887 0
7312 0
5377 0
9617 0
9811 1
3506 0
9124 1
7312 1
7312 1
4997 0
7312 0
7312 1
4411 0
6687 1
2053 0
5161 1
6368 0
7312 0
7096 0
8651 0
8211 1
4299 0
4608 1
6428 0
5261 0
6687 1
5587 1
5581 1
7312 1
4654 0
7136 0
1967 0
4437 1
1068 0
8952 0
9170 1
7691 0
9622 0
6877 0
3877 0
3232 0
3446 1
4311 1
8784 1
7038 0
6906 0
7312 1
5535 1
7312 1
9066 1
9295 1
2527 1
2325 0
5636 1
7312 0
2613 1
8308 1
8180 0
3715 1
7312 0
9942 1
6589 0
8116 1
9441 0
2429 1
3201 0
7364 1
5785 1
1371 0
7968 0
1652 0
4785 1
3384 1
8355 0
7897 1
6563 1
6842 1
2781 1
3253 0
7312 0
7348 1
1907 0
4702 0
9318 1
7022 0
3508 0
8547 1
4598 0
9139 1
7312 0
5596 1
7045 0
1106 0
7596 0
1421 0
7312 1
7312 0
9539 1
3604 1
3155 1
4959 1
7312 1
7414 1
7312 1
6276 0
2522 0
7312 1
7312 1
8860 0
2347 1
5784 0
5713 1
9694 1
6312 1
8100 0
1728 0
7312 1
7312 0
4388 1
9600 1
8299 1
4084 1
8797 0
5844 1
8508 0
7312 1
7312 1
6505 1
7312 1
9722 0
7312 1
3137 0
1756 0
3346 1
7520 0
9620 0
7312 0
7513 1
2202 0
7312 1
9113 1
6333 1
8471 1
7312 1
8218 1
8417 0
1813 0
5365 0
7312 0
2840 0
8384 1
7498 1
7312 1
2634 0
5802 0
1372 1
7312 0
8351 1
2581 0
7312 0
3839 0
3563 0
6108 0
2892 0
1879 0
4033 0
4406 0
3196 1
9151 1
7312 1
2682 1
7312 0
1863 1
4323 1
7312 0
1625 1
9820 0
2579 0
2695 0
7312 0
9613 0
7312 0
5781 0
7785 0
7312 0
6604 1
5627 0
7312 1
7312 1
7312 0
8766 1
2234 1
1847 1
7312 1
7312 1
7312 0
2534 0
9095 0
7312 1
8356 1
1469 0
2513 0
7900 0
7312 1
7632 0
9905 1
5553 1
4439 1
7312 1
7312 0
7312 0
5561 1
6772 1
7278 1
4866 1
7312 1
7876 1
2497 0
1228 1
8598 0
3210 0
1340 1
9593 1
8278 0
7312 1
2730 1
4556 0
7312 1
8925 1
7312 0
7312 0
7312 0
4666 1
7312 0
7312 0
2026 1
2802 1
8390 0
7312 1
7312 1
3933 0
4624 0
1940 0
1631 1
1268 1
2076 0
7312 0
2166 1
7312 0
2832 0
7312 0
6662 1
7309 1
7312 0
7049 1
9328 0
4812 1
3666 1
7312 1
3181 1
7312 0
2290 0
8994 0
7312 0
5309 0
4803 1
7312 0
4786 1
4821 1
7312 1
9361 1
7312 0
7484 0
7956 1
2443 1
9590 0
7312 0
7312 1
7312 0
2779 0
3952 1
9745 0
7028 0
6711 0
7685 0
7312 0
2959 0
3968 0
8780 1
5872 1
4638 0
1251 0
8283 0
7312 1
8683 1
3720 0
7725 1
7653 1
8829 1
8330 0
8915 1
7312 0
3259 0
1543 0
5162 0
7312 0
9245 0
4322 1
1975 1
7312 0
3409 0
7312 1
7596 1
7312 1
7838 0
9498 1
7312 0
7312 0
6001 0
6675 1
7650 0
7454 1
2940 1
3694 1
5250 1
7312 0
7881 1
9689 1
4099 1
7312 1
4223 1
7312 1
2030 1
7312 0
2600 0
4599 0
7312 0
8709 0
