3291 5313
4442 1
5313 1
2069 1
6173 0
5313 0
8344 1
6667 0
5313 0
7962 1
7094 1
9717 1
8348 0
1960 1
5313 1
4404 1
1608 1
8952 0
5313 1
2249 0
6563 1
5313 1
5313 0
3414 1
5710 1
8205 0
5313 1
5313 1
5313 0
5313 1
7536 0
5313 0
2280 1
5313 1
5313 1
1882 1
5313 0
4314 1
2519 1
5346 1
3595 0
2562 1
2742 1
5313 1
1920 1
8868 0
7102 0
3298 0
7190 1
7065 0
3681 1
5313 1
6930 0
6025 1
1252 1
9824 1
8452 0
5313 0
5313 0
4259 0
1686 0
3459 1
5179 0
2109 0
4486 1
4739 1
4563 0
5313 1
8372 0
9966 0
6103 0
5313 1
2715 0
4246 0
5313 1
3223 0
6836 1
7423 0
3851 1
8575 1
5893 0
1996 0
6653 0
5313 1
7910 1
9618 1
5812 1
3097 1
5313 1
5313 1
5313 1
3312 0
5313 0
6844 0
9850 0
5313 1
6326 1
5944 0
5313 0
1229 1
2406 0
6433 1
6388 1
8588 1
5313 0
5704 0
4120 0
9446 1
2743 1
9851 1
1057 0
1559 1
6278 1
6957 1
9818 0
5803 0
9976 0
5367 0
3020 1
6150 1
9509 0
2626 1
1176 0
8819 1
8697 0
5313 0
7110 0
7428 1
7193 0
6052 0
4763 1
5313 1
5313 0
6906 1
6895 0
5313 1
9874 0
5313 0
5313 0
7173 1
4366 1
5313 0
1040 0
5313 0
3864 1
5313 0
4445 1
5313 0
8363 0
1419 0
4485 0
1001 1
5313 0
9075 0
9609 0
3674 1
3303 1
4100 1
2334 0
6795 1
6723 0
5313 0
4357 1
7153 1
4951 1
6770 0
2453 1
4258 1
9081 0
5313 1
9835 0
5313 0
5644 0
6353 0
3506 1
5313 0
2763 0
4361 1
8262 1
3616 1
5313 0
5313 1
9187 1
7650 1
9344 0
7573 1
7765 1
5313 1
8827 0
5313 0
4375 1
6100 1
8469 1
5313 0
7373 0
5313 1
1018 1
6975 1
7742 1
9089 1
5313 1
1969 1
3090 1
7219 0
5191 0
2565 0
5292 0
5313 0
6991 1
2086 0
7527 1
4701 0
5250 1
1899 1
3370 0
5313 0
1537 1
5830 1
4380 1
1991 0
5313 1
9244 1
3945 1
8195 0
6446 1
5313 0
6697 1
7234 0
9416 1
1148 1
8491 1
5313 1
8204 0
5313 1
6302 0
6597 0
1674 1
7371 0
5313 1
9138 0
2047 0
1938 0
3546 1
8102 1
6603 0
9651 0
9146 0
5313 1
3499 1
1809 1
8535 0
1113 1
5313 1
7875 0
5977 1
2581 0
2232 0
5313 0
5313 1
1901 0
5313 0
9127 1
5313 0
1410 1
5313 1
1931 0
5313 0
6989 1
2211 0
5313 1
5313 0
5313 0
9237 0
5313 0
5313 0
4702 1
8173 1
3875 0
5313 1
6084 0
9071 1
5313 1
6969 0
1721 0
5313 1
7402 1
5313 1
1662 0
5313 1
6735 0
3882 1
4370 1
6069 0
5313 0
3172 1
5438 1
1881 1
6893 1
5313 1
7345 1
1432 1
5313 1
5313 1
1579 0
8087 1
6268 1
7818 0
2982 1
8131 0
8967 0
6312 1
4097 0
4764 0
6153 1
3612 1
5313 1
2972 1
5313 0
6054 1
4185 1
3152 1
5817 0
6266 0
5313 0
5313 1
3714 1
5313 1
4875 0
3485 0
4259 0
5313 0
3026 1
5313 1
5313 1
5313 1
5466 0
4691 1
5313 1
5313 0
5313 0
5313 0
8981 1
9592 1
3829 1
3572 1
7840 0
8140 1
4720 0
5155 0
6112 1
6618 1
5313 1
8057 0
1400 0
7655 1
1974 0
5313 0
1828 1
2900 1
7055 0
3167 1
5313 1
5313 0
6666 1
6112 0
8388 1
1587 0
4275 0
2455 0
4355 1
7763 1
5313 0
1317 0
8757 1
5313 1
9865 1
5605 0
6192 0
6820 1
8275 1
8983 0
6746 0
1380 0
5313 0
1470 1
8373 0
5313 0
5313 1
5313 1
9171 1
6868 1
6253 0
5313 1
5110 1
2843 0
2995 1
7759 0
5313 1
6190 1
7775 0
5313 0
6190 0
5313 0
8955 0
3668 1
5313 1
9418 1
3531 0
5313 1
2981 0
8082 1
5313 0
6762 0
9576 0
3347 1
3362 0
2186 1
7956 0
7839 1
7050 0
9079 1
2962 0
5313 1
2588 1
6756 1
7232 0
5313 0
5946 1
1254 0
8093 1
2496 1
1575 0
5313 1
9076 0
8016 0
5313 0
9038 0
3799 0
6097 0
6352 0
5313 1
2047 1
5313 0
5313 0
1109 1
1984 0
4354 0
2709 0
7717 1
5850 1
1472 1
9832 0
1879 0
4545 0
1547 0
3977 0
5313 1
5313 0
2493 0
9210 0
5313 0
9550 0
5313 1
5313 0
9948 0
5313 1
4045 1
9459 0
7563 0
4997 0
5313 0
8435 0
9847 1
2732 1
1800 1
1748 0
2594 1
1339 0
9413 1
9263 0
6163 0
3744 1
5426 1
9305 1
1032 1
9461 0
9623 0
3830 1
5313 0
8185 0
7645 0
6329 1
3449 1
5313 0
9257 1
6642 0
5313 1
6777 0
5313 1
5313 1
3461 0
5313 1
6033 1
8714 1
2163 0
1579 1
3398 0
2069 0
5313 1
6183 0
5313 1
3275 0
8015 0
4048 1
2763 0
5313 0
5870 0
8821 0
5766 1
5166 1
5313 1
5341 1
4968 1
5313 0
8187 0
6678 1
5207 0
1077 0
5313 0
5313 0
5313 0
3534 1
1236 0
1085 0
8190 0
4796 0
5313 1
5313 1
3447 1
5313 0
1768 0
9135 0
5313 0
9795 0
1835 1
2593 1
5313 0
5313 0
6956 1
5064 0
2301 0
2175 1
8997 0
6445 0
5313 0
8361 1
3063 0
8660 0
5313 0
4124 0
8188 0
9490 0
8017 1
7014 1
3459 0
6051 1
5313 0
2539 0
1199 1
6604 1
7204 0
5313 0
8454 0
3823 0
9837 1
9648 1
3051 0
8881 0
1731 1
4570 0
2224 1
4758 1
4040 1
6107 0
5180 1
4272 1
4478 0
9456 1
4325 1
5746 1
5313 1
4625 0
5313 1
9312 0
2771 1
5313 1
5313 1
8956 0
5006 1
8938 0
1953 0
7538 0
9052 1
5324 0
1988 1
3759 0
9710 0
4638 0
5313 1
6637 1
4413 0
5313 1
9386 1
8438 0
5313 0
8577 0
5313 1
6614 1
5313 0
5562 1
1253 0
5313 0
9493 0
4296 0
3545 0
5313 0
7790 1
8893 1
3754 1
5313 0
7783 0
9875 0
8603 0
5449 1
5313 1
4086 1
8114 1
5313 0
4895 1
2942 0
5318 0
9453 1
5313 0
4070 0
8068 1
5313 0
3795 0
4669 0
3265 1
5313 0
5219 0
2433 0
5975 0
5313 1
1429 1
6862 1
6311 0
9106 0
1127 1
9744 0
4257 0
4415 1
8892 0
3822 0
7080 1
2975 1
5313 0
1958 0
1475 0
5313 0
2585 0
5313 0
6218 1
7918 1
2944 1
3726 0
9629 1
4425 1
5313 0
6581 1
5774 1
5313 1
4596 1
9815 0
5085 0
4381 1
5313 1
9358 0
7972 0
5313 1
7778 0
9164 0
5313 0
6733 0
5313 0
8383 1
5313 1
5313 0
1092 1
6802 0
5313 1
5313 0
5313 0
5038 1
5587 1
9846 0
2011 0
6746 0
7905 0
7515 0
2037 0
5313 0
5376 0
6782 1
4353 1
3408 0
2900 1
6241 1
5313 1
1581 1
5449 1
3838 1
8096 1
7607 0
3852 0
1291 1
1437 1
5313 0
3037 0
5313 0
5313 1
3032 0
5313 0
2947 0
1210 1
5313 1
3756 1
5313 0
1755 1
5313 1
5313 1
5313 0
6568 0
4541 0
7001 0
5313 1
3018 1
5313 0
5313 1
9030 1
3137 1
5313 1
5313 0
5313 1
1644 1
5857 1
5080 0
5313 1
2045 1
9645 1
7323 0
8212 1
5313 1
5313 1
8328 0
9407 0
5313 0
7903 1
2208 1
5313 1
5313 1
4302 1
5313 1
4355 1
4720 1
3349 1
6971 0
5313 1
5313 0
5313 0
5313 0
5313 1
5313 1
5313 0
5313 0
7636 1
1991 0
5711 1
5313 1
5313 0
5313 0
7326 1
3390 1
4714 1
3451 0
5419 0
5313 0
1839 0
9392 0
1343 0
3748 0
3852 1
8609 0
9570 1
2647 1
9302 0
5313 0
6776 1
4342 1
7120 0
5291 1
9067 0
4774 1
3356 0
2277 0
1613 1
1391 1
5313 1
9399 1
8804 1
5414 1
6291 0
7523 0
3788 0
5313 1
5313 1
1361 0
9681 1
4817 1
4216 0
5313 0
5313 0
4083 0
9179 1
1762 0
7440 0
7784 0
5497 0
5178 0
5313 1
9854 1
9386 1
9932 0
4136 0
9065 1
5313 0
9620 0
4756 0
9253 1
1784 1
4483 0
5313 1
4174 0
1459 0
1947 0
7365 0
7859 1
5989 0
4538 1
7955 1
3082 0
5313 0
2667 1
8354 0
5313 0
7303 1
4668 1
8879 0
5313 1
2356 1
2005 0
6142 0
7410 0
6430 1
5313 0
5313 0
6178 0
2887 0
1912 0
2873 1
4229 0
2586 0
5080 0
2490 0
5272 1
9056 1
2659 1
3640 1
5313 1
5148 0
8773 1
5509 0
4959 0
9205 1
5313 1
8180 0
4589 0
5313 0
8492 0
1236 1
5313 0
9166 1
1214 0
1199 1
2617 0
5525 1
3705 1
5313 0
1305 0
6149 1
6385 0
8121 0
8630 1
5313 0
3631 1
5313 0
3126 1
2841 1
8170 1
5827 0
8328 1
4713 1
9186 1
7816 0
8816 1
4497 1
5712 1
5313 0
5431 1
6261 0
5313 1
7288 0
5313 1
7013 1
4120 1
1011 1
5313 1
5313 0
5313 0
6257 0
5313 0
5277 1
1589 0
5313 1
8224 0
5313 1
1141 1
5313 0
5313 1
2606 1
3262 1
5313 1
2209 0
3838 1
4428 0
2305 0
2240 0
2361 1
7894 0
4949 1
9729 0
8944 0
6230 1
7809 0
8962 0
7271 1
3805 1
5313 1
6503 0
6261 1
3082 1
2730 1
5313 1
7250 0
5313 1
5313 1
2664 0
5313 0
1450 1
2379 0
3493 1
5313 0
5043 1
6773 0
8216 1
7933 1
5057 0
6722 0
5313 0
9658 1
8389 0
1882 1
7746 1
5494 1
7602 0
4421 0
5313 0
5313 0
2020 0
1228 0
7238 1
5627 1
6509 1
1607 0
3453 1
1056 0
1829 0
6986 0
5313 0
5313 0
3684 0
9922 1
2901 1
5762 0
6370 0
8823 0
6231 0
4413 0
1399 0
9667 1
1246 1
6431 0
9657 1
4762 0
2897 0
6550 1
5313 0
1240 1
7116 0
8076 1
5313 1
5313 1
7527 0
6149 0
5313 1
7696 0
8810 0
8748 0
5313 1
5015 1
3093 0
2414 0
5313 0
1387 1
9710 0
9015 1
5313 1
5313 0
7714 0
8877 0
1279 1
6150 0
2745 0
4537 0
4925 1
5313 1
2162 0
7802 0
5550 0
3604 0
5313 0
4772 1
9922 1
9019 1
3556 1
4833 0
5821 0
3175 1
3593 0
5313 1
4449 1
9863 0
6751 1
5313 0
5313 1
8736 1
2333 1
5313 1
2048 0
7265 0
1383 1
5313 0
6012 0
8024 0
5313 0
5313 1
5313 1
7320 1
5313 0
5313 0
5454 0
4187 1
5313 0
5313 1
1701 1
3043 0
1384 1
6700 0
5313 0
3420 1
2074 1
8391 1
5511 0
5313 1
9804 0
1505 1
3549 1
5313 1
5313 0
3610 0
3919 0
5313 1
4531 1
7700 1
2409 1
5313 0
1188 0
2379 1
5313 1
2505 1
5843 0
4488 1
5313 1
2795 0
9157 1
2031 0
5313 1
6994 0
5313 0
7543 0
7026 0
5886 1
5313 1
3573 1
5313 0
5313 1
3998 0
5313 1
5313 1
5313 0
2240 0
8144 1
5313 0
4208 0
8499 0
4630 0
5313 1
6169 0
6519 0
5313 0
5601 0
5313 0
7662 0
9515 0
5746 0
5313 0
4152 1
7334 1
2348 0
7520 1
5313 0
9538 1
5313 0
7593 0
1594 1
1477 0
1373 0
5313 0
7740 0
5313 0
6409 1
6628 1
2100 0
3836 0
1429 1
8375 0
5313 0
5313 0
9890 0
5313 1
5313 0
5313 1
5889 0
8869 1
9969 1
3805 0
1586 1
5313 1
4564 0
4968 0
5313 1
5313 0
8628 0
5313 0
1408 0
7054 0
5313 1
5649 1
3588 0
8901 0
1419 0
8515 0
5313 1
9522 0
3874 0
1635 0
7689 0
9516 0
5488 0
5174 1
6622 0
5313 0
1724 1
5313 1
1806 1
5313 0
4647 1
5313 1
5313 0
6225 0
1713 1
3239 0
6214 0
5313 0
6252 1
8451 1
1755 1
5313 0
3039 0
5313 0
9835 1
4830 0
5361 1
5313 0
1138 0
4740 0
9625 0
6317 1
4041 1
5313 0
5313 0
5313 1
3505 0
2895 1
4525 1
8720 0
5313 0
1960 0
5224 0
5313 1
4597 1
7030 1
5562 0
5420 0
4667 1
5544 1
4265 1
2439 1
5601 0
2370 1
6840 0
2346 0
5313 0
3730 1
6793 1
5334 1
7259 1
5313 0
6087 1
1689 0
9411 1
6251 1
7597 0
9625 1
5313 0
4401 1
5313 1
2727 1
5313 1
7236 1
9634 0
5395 1
1170 0
5707 1
3233 0
5313 1
4690 0
3387 1
5114 0
1490 0
9305 1
6161 0
8780 0
7650 1
5313 1
8049 1
7890 1
5313 0
3495 0
4961 0
5313 1
5313 1
5313 1
4621 1
3401 1
5313 1
4025 0
2074 1
6317 1
4801 0
2615 1
5313 0
1251 0
2360 0
5981 1
5735 1
3138 0
5313 1
5739 0
8408 1
3209 0
2177 1
3283 0
6905 0
9539 0
5313 1
5563 0
5054 0
8769 0
5325 1
2131 0
6283 0
5313 0
2491 0
5749 0
5288 0
8689 1
1929 0
4481 1
5313 1
6966 1
5449 1
1732 1
6956 1
9322 1
2296 1
5313 1
8961 0
7243 0
1724 1
6184 0
5313 1
5581 0
3665 0
6973 1
6295 0
4944 1
9507 0
5313 1
2807 0
9884 1
3420 0
6999 1
4801 1
5443 0
8664 0
6099 1
6468 0
6675 0
5313 0
5313 0
8972 0
5313 0
5313 0
8079 0
5313 1
8692 1
7356 1
9807 0
6276 0
9303 1
2191 1
7114 1
6590 1
7105 0
4239 0
5313 0
5267 1
9829 1
1503 0
9190 1
7805 0
5313 0
5262 1
1853 0
5313 0
5313 1
4342 1
7501 1
5368 0
3042 1
3345 1
2950 0
1099 0
5313 1
8189 0
3406 0
9709 1
2797 0
9152 1
3688 0
7727 0
8309 1
4047 0
5313 0
6493 1
5313 0
8850 0
8560 0
5313 1
1799 1
1790 1
1176 0
5313 0
5208 1
8130 1
9033 1
5478 1
4328 1
5313 0
4084 1
2236 0
9378 1
9554 0
8813 1
9104 0
5313 0
7730 1
5313 0
2213 0
9121 1
3206 0
4442 1
5313 0
5313 0
6996 0
5313 0
4996 0
2876 0
5313 1
2476 1
5365 1
4846 0
7628 1
1573 1
4230 1
5313 0
3436 0
4785 1
4013 1
8039 1
9598 0
5313 1
1478 1
5313 0
1201 0
1667 0
8211 0
1648 1
5313 1
8782 0
4869 1
2432 0
8064 1
5313 0
8968 0
9170 0
9837 0
5400 1
6048 0
7833 0
3632 1
3821 1
9961 1
3411 1
5313 0
5313 0
7162 1
4351 1
8751 0
5313 0
6170 1
5313 1
6343 1
3952 1
5313 0
6219 1
2399 1
8359 1
7944 0
4810 0
9346 0
2868 1
5313 0
7771 1
1724 1
4640 0
2875 0
5455 0
5313 0
7344 1
8506 1
5313 0
8288 1
7068 1
4839 0
2915 1
6555 0
5313 1
3301 0
5313 0
5169 0
8976 1
5313 1
4857 1
1488 1
1181 0
4137 0
9459 1
8071 0
7724 0
6778 1
9529 0
1786 1
5313 1
5313 1
4432 0
1966 0
5103 0
1914 0
5313 1
5313 0
6245 1
5313 0
6721 0
4859 1
8458 0
5592 0
5313 0
5313 0
3883 1
4797 1
1134 1
1548 0
5313 0
5313 0
1735 1
5313 0
5313 0
5874 1
2234 1
3521 0
4654 1
9813 0
2016 1
8465 1
1497 0
8584 1
7109 0
5313 1
1351 0
3624 0
2143 1
5313 0
6017 0
4385 1
2850 0
5313 0
2826 0
1324 1
2953 1
5313 0
8369 1
9919 0
6123 0
5313 0
5313 0
7429 0
5313 1
1780 0
9065 0
7106 0
1515 0
3661 0
5313 0
3612 1
3420 1
3228 1
7009 1
5092 0
4374 1
4338 0
3200 1
1403 0
6975 0
3466 0
2433 0
8893 0
5582 1
6000 1
5313 1
3439 0
5313 1
5313 1
2182 0
5313 0
3634 1
7952 1
5690 0
5313 0
5142 1
7495 1
8398 1
6916 1
9157 0
5313 1
6680 1
6667 1
4619 0
9310 1
8670 0
5313 0
8727 1
7125 0
5313 0
7161 1
2913 0
5313 0
4426 1
5313 1
5313 1
2894 0
1565 0
5571 1
8036 1
4402 1
5313 1
4587 1
5313 1
5313 0
8662 1
8951 1
5313 0
2860 1
5888 0
9499 1
9444 0
5313 1
5313 1
5313 0
6032 1
4522 0
4625 0
9960 0
5313 0
4455 1
3923 1
7261 1
8945 1
5665 1
3325 0
5519 1
2019 0
3267 0
7612 0
4817 1
4262 0
3207 1
1597 0
8196 0
5313 1
2836 0
5313 1
2760 1
5027 1
2639 1
5313 0
9267 1
4301 0
5313 0
4330 1
9874 1
6096 1
5313 0
7487 0
9020 0
3188 1
9884 0
6503 1
5313 0
5712 1
6394 0
5313 1
5313 1
9181 1
7428 1
4367 1
7166 1
1413 0
9507 1
5313 1
5313 0
3285 1
2339 1
4511 0
1045 0
7473 1
1840 0
8006 0
5772 0
5313 1
5648 0
8602 1
5313 1
5672 1
6535 1
5313 0
7853 1
3880 0
6737 0
6392 0
7268 1
9268 1
7871 0
5836 1
3997 0
5357 0
9490 0
5313 1
5313 0
5313 0
6899 0
2850 0
6976 0
5313 0
8790 1
9751 1
5125 1
5313 0
5313 1
5313 0
5313 0
3340 0
5313 1
5313 1
1490 0
9705 0
5313 0
5313 1
5313 0
5313 0
6794 0
9582 1
1070 1
3152 1
5313 0
9041 0
9531 0
9236 0
3379 0
8443 0
4131 0
5313 0
2090 1
8512 1
1664 0
5153 1
5313 1
5313 0
7417 0
9958 1
8020 1
5313 1
9478 1
9061 0
3934 0
2085 1
7733 0
5313 1
9901 1
5313 0
7415 1
4390 1
5313 0
5313 1
5313 0
8674 0
8960 0
5313 0
8456 1
9560 0
5313 1
1848 0
5313 1
3153 0
2182 0
3325 1
6734 1
4054 1
5998 1
4454 0
5313 1
7945 0
8793 0
4409 1
5313 1
5313 0
5967 1
5313 0
8791 1
5313 1
5313 0
5313 1
5345 0
5313 0
7852 1
5313 1
5313 1
7196 0
7527 0
1182 0
9572 0
6720 1
2515 1
5313 0
5313 0
5313 0
3992 1
6917 1
1028 0
5313 0
6396 0
4872 1
2140 0
4643 1
3519 1
6739 0
2886 1
3789 1
9093 1
8945 1
8972 1
6533 1
1019 0
1226 1
5313 1
3394 1
5594 0
5313 1
5313 1
8436 0
5407 1
4577 1
5313 1
5591 1
5313 1
5313 0
8201 0
1595 1
3541 1
8948 0
5107 0
4745 1
7146 1
8706 0
1650 1
5313 1
5313 0
5313 1
5313 0
5313 1
6361 1
5309 1
6769 1
1514 0
5313 1
1659 1
5313 0
7795 0
5467 1
1340 1
4160 1
6873 0
5313 1
6770 0
4247 0
5313 0
6574 1
4974 1
5313 1
5313 1
6113 1
3134 0
1135 1
3429 1
3174 1
4668 1
6561 1
5313 1
5313 1
9297 0
8577 1
2042 0
4177 1
4312 0
6742 0
6268 1
9937 0
5313 0
5809 1
7628 0
3720 0
5313 0
5313 1
6597 0
5788 0
5313 0
2166 1
8329 1
5313 0
6330 1
5313 1
4309 1
5313 1
8356 1
1343 0
6507 1
3336 1
3258 1
5313 1
9059 1
9931 1
3963 0
4624 1
5358 1
5313 1
2343 1
5203 1
4891 0
5313 1
4089 1
3148 0
9431 0
5313 1
6180 1
8823 1
9823 1
8519 0
1074 1
4965 0
8466 0
5121 1
5313 0
2143 0
1890 0
5262 0
3991 1
6792 1
8377 1
9658 1
5313 0
4691 0
8812 1
7870 0
9180 0
6021 1
8839 0
2281 1
3684 0
1437 0
3713 0
7759 1
5313 0
7001 0
5313 0
6513 0
2534 1
5313 1
5313 1
1469 0
9943 1
5313 1
9545 0
4656 1
6024 1
1066 0
2573 1
8788 1
5313 0
5313 0
5155 1
1549 1
5313 1
5142 0
3360 0
5313 1
5347 0
8371 1
7908 0
8979 1
5128 1
5313 1
9955 0
5313 0
7310 0
5313 1
5779 1
5313 0
5313 0
3760 0
1668 0
7000 1
5313 0
8752 1
5313 0
6484 0
1146 0
2531 1
8924 1
1665 1
1777 1
8797 0
3149 1
1629 0
3096 0
8100 0
7669 1
5083 0
4628 1
5313 1
2753 0
4957 1
5313 1
9118 0
5313 1
4892 0
5899 0
5313 1
4913 1
5365 0
4742 0
2136 1
9307 0
3628 1
2746 0
5313 1
3020 1
5271 1
4406 1
6611 0
3743 1
1599 0
5313 1
7455 1
1083 1
9181 1
8027 0
9772 0
6166 1
1229 0
5313 1
4764 0
5363 1
2924 0
5313 0
7092 1
3625 0
5313 0
5313 1
2218 1
1143 0
5313 0
9625 1
3923 0
6472 1
6875 0
3621 0
5313 0
5416 0
9644 1
8214 0
5710 1
2682 0
6695 1
3114 1
1733 0
6361 1
5433 1
7131 1
6833 1
5313 0
1706 0
5313 1
5313 0
6771 1
6025 1
5313 0
2456 0
6108 1
5313 1
6783 1
9968 0
1632 0
5313 0
5313 1
9242 1
1548 1
7615 1
9120 0
4339 0
3991 1
7126 0
7094 1
5313 0
4036 0
5313 0
1314 1
1862 0
5830 0
5313 0
5313 0
5246 1
5313 1
3110 0
6556 1
1634 0
5838 0
1608 1
4771 1
5001 1
5313 1
5313 0
4321 0
5313 0
1927 0
9464 1
5313 0
8471 1
2489 1
3174 1
4722 1
2099 1
5313 1
6668 1
5544 1
3823 1
5313 0
5313 0
7756 1
2202 1
9960 1
5313 0
6035 1
1854 0
5313 1
6201 0
5960 0
7136 0
8932 1
5313 0
5313 0
1297 1
4093 1
1610 0
6579 0
2328 1
4881 1
9842 1
6978 0
3262 1
6303 1
1545 1
3100 0
5313 0
4786 1
6390 0
5063 1
2718 0
3529 0
2633 1
8634 1
2664 1
3343 0
7115 0
8849 0
7163 0
5313 1
4769 1
5551 0
5413 0
5313 1
5313 1
3369 1
3879 0
6490 1
3599 0
5625 0
5645 1
6766 0
2318 1
4083 1
3828 1
3963 0
5313 1
6422 1
5313 1
1987 0
5313 1
5313 0
8907 1
6548 0
8939 0
2128 1
4073 0
5739 1
1284 1
8672 1
7012 1
9977 1
8587 0
3964 0
4363 1
1494 1
5313 1
5313 1
4583 0
2220 1
5313 0
5313 1
5313 1
4233 0
9173 1
5313 1
6489 1
2874 1
1039 0
5104 1
8874 1
8771 1
2008 1
3433 1
6700 1
1715 1
6730 0
5313 1
4971 0
3475 1
6410 1
4591 0
1421 1
5736 0
5313 1
2496 0
9563 1
6294 1
7979 0
6687 1
5313 0
1891 0
5313 0
5313 1
6411 0
7601 1
5253 1
1186 1
3891 1
5313 1
5313 0
4744 0
8710 1
6702 1
5313 0
4391 1
2383 1
5313 0
5313 0
2602 1
2846 0
6419 0
2997 0
4055 1
3357 1
4493 0
7884 1
6619 0
6347 0
9085 1
9051 1
8750 0
6548 1
5711 0
4218 1
5276 0
7097 1
3903 0
1066 0
8101 1
8143 0
9213 1
1424 1
2815 0
6801 0
3732 0
8408 1
7685 1
7726 1
6244 1
8545 0
5313 1
5313 1
1616 0
5313 1
4416 0
1109 0
5313 0
5313 1
9113 0
5313 0
5313 1
5313 1
7982 1
2809 1
4967 1
6851 0
5313 1
5313 0
5313 1
3185 1
9584 1
5313 0
1796 1
6959 0
4100 1
7786 0
9439 0
1876 0
6248 0
7289 0
3407 0
4990 0
3413 0
1272 1
9818 1
4821 1
1143 1
9668 1
5313 1
5708 1
4071 1
2251 0
5313 1
6361 1
5313 1
5245 1
6532 0
1704 1
5313 1
5313 1
1601 0
1232 1
6922 1
5313 0
1655 0
5313 0
5313 0
5313 0
7865 0
5220 0
1008 0
2457 1
5816 1
8373 0
9889 0
5352 1
5313 1
2756 1
9290 0
9709 0
1831 0
5313 1
3629 1
5313 1
5313 0
6325 1
5313 1
3116 1
8293 0
5632 0
5313 1
1077 1
8260 1
5000 1
5313 1
2841 1
3364 0
1128 0
5313 1
2573 0
3650 1
6666 0
4095 1
2356 1
6356 0
4673 1
3910 1
5825 0
2225 0
3574 1
8389 1
5313 1
5313 0
2795 0
5313 1
1332 1
1359 0
5313 0
2163 0
5313 1
5313 1
2543 1
5448 0
5313 1
2536 1
4331 1
4835 0
1694 1
8579 0
6726 1
4402 1
3303 0
4778 1
8346 1
5313 0
2269 1
4255 0
3299 0
5313 1
3131 1
6209 0
9611 1
2914 0
5313 0
5211 0
1251 0
2520 1
5775 0
5427 0
2062 1
5313 1
1917 1
1528 1
9794 1
3838 0
5313 0
5313 1
5809 1
1976 1
5313 1
8414 0
5313 1
1585 1
5140 0
8735 1
7126 0
8576 0
5313 0
9227 1
1861 0
4182 1
5313 0
2120 0
5313 1
1984 1
4363 1
3889 1
8900 0
5313 0
5313 1
6926 0
9952 0
6627 0
8529 0
2366 1
3350 1
4065 0
6954 1
5313 1
3256 1
5313 0
5730 0
5313 0
7635 1
1050 1
5313 0
1521 0
2060 0
5313 0
2983 0
2542 1
2297 1
7828 1
4644 1
5313 1
2043 0
5313 1
8377 1
5313 0
7289 0
1270 1
8876 1
4443 1
5553 1
2970 0
5470 1
3866 1
5441 1
5313 0
5313 0
5313 1
5313 0
4848 0
5313 1
6775 0
8680 0
1651 0
3473 1
6339 1
8133 0
5671 0
3719 1
3161 1
2173 1
4451 0
3493 0
7586 1
4289 1
2583 0
5313 0
7200 1
7097 0
5313 0
5313 0
5429 1
5313 0
1580 0
5313 1
7642 0
1932 1
9867 0
2156 1
5585 0
8636 1
1452 1
5881 0
8722 1
4314 1
7721 1
5313 0
4341 0
7979 0
2947 1
5313 1
8880 0
5313 0
8122 0
9488 0
6138 0
5313 0
3923 0
5313 1
8466 0
3767 1
1506 1
5132 0
5825 0
3947 0
9787 0
5925 0
7323 0
4269 0
4557 0
2824 1
5313 0
6361 1
6447 1
5866 1
6850 0
8123 1
7701 1
3307 1
7317 0
5313 0
9748 1
6490 1
6418 1
8543 0
5313 0
1179 1
8302 0
6003 1
8311 1
5628 1
2774 1
5313 0
5313 0
2151 0
5313 0
5313 0
8974 0
6899 1
5377 0
5523 0
2374 1
8119 0
2658 0
5499 1
5313 0
8084 0
3880 1
3986 0
2547 0
2337 1
6103 1
5313 0
5079 1
5313 0
4585 1
5313 1
1280 1
5313 1
5471 1
8855 1
8367 0
5313 0
5313 1
1948 0
3379 1
6469 0
2410 1
1354 1
5313 0
8233 1
5313 1
5313 1
8312 1
2026 1
2178 1
2245 0
5313 0
8290 1
5313 1
5313 0
5313 0
5313 1
1065 1
1010 0
5674 1
6700 0
5313 0
7315 1
5835 0
1478 1
5313 1
7194 0
9875 1
7292 0
7302 0
2976 1
6029 1
1259 0
1439 1
5313 1
4714 0
6006 0
9858 1
5405 0
6603 0
3451 1
9702 0
2857 0
5309 1
9534 1
5313 1
5957 0
5313 1
5313 0
2494 1
8341 0
2491 1
5313 1
7977 0
5313 1
4113 0
5313 1
7808 1
1117 1
8172 1
7459 0
5313 0
1954 1
8199 1
5146 0
3950 1
4415 1
1767 1
3654 0
5313 1
5313 0
8377 1
9242 1
7548 0
5748 0
5313 0
5313 0
3346 0
5313 1
5313 1
8702 1
3106 1
4683 0
5313 0
7602 0
5151 0
7251 0
4497 1
4694 1
3011 0
4742 1
6480 0
9723 1
9967 1
1554 0
4167 1
5313 0
3632 1
7681 0
2428 1
2005 0
2100 1
6474 1
1831 0
4548 0
2220 1
1395 1
4173 0
4097 1
5067 0
5400 1
9475 1
1031 1
7661 0
5259 0
9762 1
5313 1
9585 0
5313 1
5313 1
5090 0
2089 0
5313 0
4013 1
9856 1
5313 0
6763 0
5313 1
9396 1
8981 1
4017 0
7536 0
5615 0
8259 0
8624 1
8480 0
3362 0
5313 0
9393 0
5408 0
5270 0
5313 0
8272 0
5313 1
9663 0
4069 0
5313 0
4409 1
5313 1
1135 1
8205 1
3421 0
5499 1
3956 1
5313 0
2810 1
9029 0
5313 0
6394 1
8063 0
8198 1
6403 0
5313 0
5313 0
6403 1
7631 1
9098 0
9063 1
9855 1
3602 0
5313 1
5278 1
7993 0
9449 0
5313 1
1611 1
5313 0
5313 1
5313 0
3756 0
9963 1
9917 0
1582 0
4149 0
5313 1
3137 1
7055 0
2632 0
1352 1
5027 0
3685 0
9228 1
9968 0
6987 1
9775 1
1618 0
5313 0
8494 1
2089 0
5313 0
5313 1
1894 0
6916 0
2855 1
5728 0
2751 1
5313 0
6424 0
8012 0
5313 1
8863 1
5313 1
3473 0
6824 0
3714 1
5313 0
1484 1
6135 1
2404 1
4344 1
8616 1
7479 0
5883 1
5313 1
3976 1
5313 0
5313 0
4373 0
7330 1
5313 1
5313 1
2004 1
5313 0
5313 1
5313 0
6687 1
8220 1
3319 1
5313 1
1274 0
6341 1
6469 0
3378 1
5137 1
3977 0
3110 0
1697 0
6538 0
5313 0
5313 1
8546 0
5313 1
8846 0
6628 0
2766 0
4877 1
5143 1
8449 1
9974 1
2171 1
2558 1
6566 0
7821 0
2209 1
3711 1
8965 0
5792 0
2640 1
6161 1
1635 0
4380 1
3024 1
2906 1
9497 0
1878 1
7483 0
3345 1
9575 1
5313 0
5313 1
8679 0
9412 1
8788 0
5313 0
4774 1
9601 1
6615 0
6046 0
5313 1
6531 1
5313 0
7169 1
5848 1
4250 1
5313 0
1452 0
2329 1
4988 1
5746 1
6746 1
3278 0
9502 1
5313 1
2032 1
5313 0
5313 1
4438 1
6836 0
7655 1
5313 0
7015 0
7764 1
4607 0
5582 0
1589 0
3941 0
4938 1
3739 1
3870 0
5313 1
1282 0
8098 1
3473 1
6863 0
9085 1
5313 1
7102 0
5313 0
8969 0
5313 0
7454 0
3352 0
7914 1
7592 0
8229 0
5313 0
6179 1
8521 1
8781 1
7750 1
2264 1
5330 0
8678 1
5313 1
5313 0
9513 1
9037 1
5217 0
5313 0
1977 1
5600 1
5313 1
3186 0
7118 0
1896 0
3688 0
9553 1
8591 1
1160 1
3898 1
5313 1
2640 0
9131 1
5313 0
1899 0
2795 1
2835 1
2388 1
7331 0
7491 1
5313 1
5313 0
3078 1
5313 1
5313 1
4864 1
5313 1
8499 0
1334 1
9075 0
3758 0
1250 0
7991 0
2206 1
5313 0
7556 0
2421 1
5313 0
5313 1
5313 0
4659 1
3706 0
7168 1
2778 1
9173 0
8646 0
9144 1
1743 0
9047 0
5851 0
9341 1
9258 1
5581 0
8507 0
9424 1
5313 1
7796 0
5925 0
2827 1
5313 1
8619 1
7960 1
5313 0
5313 1
5313 0
7659 1
4435 0
9686 0
2926 1
3366 0
3809 1
5313 0
3987 0
2808 0
3937 0
8245 1
5313 0
5313 1
1637 1
9671 0
5313 0
4947 0
5313 0
5313 0
5313 0
3499 0
5313 1
5866 0
1254 1
9654 0
1292 0
7315 0
5649 0
4473 0
7066 0
7350 0
3090 1
5313 0
4182 1
4857 0
5313 0
7304 0
1971 0
5313 0
6625 1
7964 1
8636 1
5313 1
5313 1
9480 0
2931 0
9817 0
6050 0
7013 1
3833 1
6811 0
4775 0
3411 1
8922 1
8841 1
9295 0
4606 0
3489 0
8624 1
9047 1
5812 0
8451 1
5313 1
3215 1
4363 0
2342 1
4901 1
5313 1
4889 1
5313 1
4630 0
5313 0
5313 0
5313 1
8056 0
7623 1
5313 0
9179 1
6973 0
8373 1
5313 0
1120 1
2103 1
3229 1
2561 1
9617 1
4592 1
2931 0
8964 1
9898 1
5313 1
3702 1
3181 1
7924 0
4744 0
7443 1
5313 0
5313 1
1996 0
7090 0
2806 0
9598 1
3301 0
2834 1
9759 0
4503 0
8298 1
8308 1
5313 0
7340 0
2368 1
5313 0
5313 0
3401 1
5313 1
1535 0
2501 1
5313 1
5313 0
2760 0
7740 0
2433 0
3801 0
6448 0
3185 0
4557 1
2445 1
5313 0
5313 0
7581 0
5313 1
5334 1
6504 0
7971 0
5313 1
5313 0
4653 0
5563 1
7008 0
7306 1
6280 0
1005 1
2691 0
5313 1
5290 1
9206 0
1568 1
6483 1
2462 1
5913 0
5313 0
4696 0
2053 1
3745 1
5644 0
5515 1
4281 0
5624 1
5313 0
9327 1
5313 0
5056 0
5313 0
5313 1
5537 0
8192 1
5541 0
8954 1
5313 1
1025 0
8255 0
1636 0
2892 0
1596 1
6519 1
9499 0
6092 1
5313 0
5313 1
6549 0
5313 0
7255 1
4841 1
4019 1
8173 0
5313 1
4163 0
5997 1
7083 0
2935 1
5836 1
8762 1
9943 1
9113 0
7526 0
6536 0
8418 0
5313 1
9610 0
5313 0
9896 1
3084 0
1847 1
5313 0
8775 1
9662 0
6073 0
5520 0
5752 1
2714 0
2186 0
7311 0
1485 0
1730 0
8689 1
3264 1
3619 1
1986 1
5313 0
3203 1
5313 1
5313 0
9722 0
2140 1
5313 1
2942 0
3392 1
3503 0
6040 0
5313 1
