2810 7975
5388 1
5158 1
7975 1
9491 1
8621 0
1411 1
7317 0
8965 1
7975 0
6518 1
7975 1
1978 0
7975 0
8681 0
4610 1
9998 0
7975 1
6895 0
1949 1
6072 1
4810 0
1474 1
8805 1
4915 1
7975 1
4775 0
4773 0
7134 1
4450 1
7138 0
1881 0
8495 1
9789 1
7975 0
7975 1
8717 0
7975 0
8805 1
3939 1
4968 0
6946 0
8701 1
5266 1
8658 0
7975 0
7975 0
7506 1
9779 1
5936 0
8875 0
3843 0
7142 0
5843 1
7975 0
3615 0
7975 1
6437 1
7975 1
8431 0
1808 1
2747 0
6538 0
5640 0
6110 1
7975 0
3543 1
7267 0
7975 0
7975 0
7975 1
4074 1
9085 0
1324 1
2758 0
1334 1
7975 1
1826 1
5908 0
7975 0
7975 1
7975 1
6001 0
8789 0
7001 1
7561 0
9943 0
5965 0
8719 0
5016 0
4932 1
4905 1
7878 1
7975 0
7975 0
2089 1
7975 0
5787 0
1688 1
2398 0
7975 0
9032 0
2509 0
7975 1
7975 0
3020 0
8252 1
8907 1
3594 0
7975 0
4551 1
7885 1
3587 0
9573 1
1465 0
9236 0
2932 0
3040 0
3367 0
8482 0
5284 1
7975 1
9228 0
5556 1
6041 1
7975 0
7975 0
7975 0
7975 1
5480 1
7848 1
6330 1
7975 0
4332 0
7975 0
6453 0
7975 1
3837 1
7975 1
8632 1
7975 1
6960 0
4808 1
7490 0
2809 0
4317 0
4775 1
5895 1
8732 0
1834 0
2767 0
3000 0
9315 1
3033 1
3447 0
7194 1
1853 1
7975 0
7975 1
8481 0
9315 0
8434 0
7787 0
7102 1
6488 1
7975 1
7427 1
9878 0
9006 1
8424 1
2958 0
7000 0
9326 1
7975 0
9542 0
7975 0
1385 0
5164 1
5042 0
1400 1
7975 0
1659 0
7878 0
7975 1
7975 1
2413 1
4397 0
7975 0
9214 0
1365 0
3203 1
6764 1
6370 1
7975 1
7755 1
7975 1
9383 0
4896 1
7975 0
6167 0
7975 0
7975 0
1927 1
5044 1
1414 0
2647 1
5493 1
4266 0
8820 0
7975 1
7949 0
1413 1
9667 0
4805 1
2286 0
2770 0
7839 0
7320 0
7975 0
5656 0
4645 1
8802 1
7975 1
7975 1
8423 0
3382 0
5108 0
8481 1
7975 1
8234 1
7755 1
7975 0
7925 1
7446 1
7975 1
2407 0
3570 1
8860 1
9339 0
2827 1
7414 0
7975 1
1696 0
7975 0
6659 0
7975 1
9694 1
5753 1
6311 1
7975 1
2902 0
7975 1
4414 1
7975 0
6860 0
9186 1
2607 1
7334 1
3792 1
9715 0
7975 1
5833 1
2833 0
6248 1
2184 0
1422 1
7975 1
5767 0
3101 1
3246 0
9313 0
7877 1
8342 1
5815 0
8638 1
5996 0
7557 0
9981 1
6262 1
7975 1
9296 0
6783 1
9660 1
4999 0
4935 0
8280 1
7975 1
5189 1
5170 1
7785 0
9238 1
9060 1
1559 1
4272 1
3680 0
8736 1
8976 1
7975 1
7230 0
4145 0
7975 1
7975 0
2663 0
3044 1
7975 0
4055 0
5427 1
5787 0
6426 1
2255 1
7975 1
7230 1
2647 0
1662 0
3706 0
3145 1
6625 1
9082 0
6148 0
6071 0
3224 0
9874 0
6931 1
7602 1
7975 1
7975 0
7975 1
5862 0
6776 0
6125 0
8253 0
2636 0
1978 1
1415 0
5379 1
4655 0
3293 0
7975 0
7975 0
9037 0
7975 0
5622 1
4329 1
4587 1
6273 1
7975 0
7975 1
3887 1
7975 0
5048 0
2018 0
1692 0
9219 0
6373 0
7975 0
6086 0
7975 1
2258 1
7975 0
5188 0
6557 1
7975 1
8392 0
7975 1
7975 1
9337 0
3041 1
5479 1
5418 0
4589 1
6647 1
2237 0
1622 0
9014 0
7763 0
5139 1
5526 1
8809 0
5963 1
7975 0
7975 1
4384 0
5621 1
3595 1
2610 1
9373 0
1864 1
7975 1
7975 0
7975 1
7975 1
7975 1
7975 0
7975 1
7975 1
7975 0
4742 1
2233 1
4391 1
4853 1
2633 0
2772 0
4480 0
1773 0
7975 0
1672 1
7362 1
7975 0
7975 1
7550 0
7975 1
2058 1
9638 1
3419 1
7975 1
7975 1
5940 1
7975 1
7975 0
2739 0
5447 0
9350 0
6471 0
4338 0
7975 1
5967 0
3386 1
8345 1
9429 0
3544 0
6078 1
6618 0
7975 1
7975 1
3673 1
6221 0
2188 1
1926 0
6623 1
7975 1
3591 1
7975 1
3617 1
7882 1
4998 0
7671 1
3893 0
2433 1
9712 1
6335 0
8740 0
2041 0
9421 0
4419 0
6972 0
8914 1
7975 0
6236 1
7975 1
7736 0
7975 1
1747 0
1801 1
7975 0
5154 1
5126 0
9096 1
7975 1
8952 0
7975 0
7975 1
5736 0
6159 1
7975 1
7975 1
9240 1
1746 1
5872 1
4968 0
9410 1
6738 1
2090 1
7975 0
1325 1
4637 1
6102 0
4147 1
1100 0
5415 1
4429 1
7975 1
3826 0
4916 1
5446 0
4784 0
9501 1
7099 0
4612 1
8791 1
2708 0
8055 0
8434 1
8347 1
6021 0
4019 0
7975 1
9189 0
7975 1
9428 1
8219 0
7975 1
7975 0
5587 0
9600 0
7975 1
7137 1
1157 1
3164 0
6612 0
5650 1
7975 1
3962 1
7363 1
9302 1
8902 1
2135 1
7975 1
8209 0
7975 1
1652 1
9781 1
1793 0
4755 1
8470 1
7975 0
7975 0
2902 0
1659 0
4885 1
9878 0
7882 0
7663 1
7975 0
7975 1
3765 0
2138 0
8555 0
1457 1
8468 1
3353 1
9583 1
7465 1
7975 0
2232 0
3674 0
7975 0
4887 1
7975 0
5341 1
7975 0
3420 0
7975 1
8008 0
7975 1
7975 0
6207 0
8838 0
2586 1
7975 1
7975 1
1165 0
3662 1
6082 1
5387 1
1559 1
9567 1
3126 0
7975 0
8010 1
7751 0
9296 0
6182 0
8813 0
4611 0
7975 0
7975 1
4971 1
3885 1
9745 0
7975 1
5215 0
1123 0
6196 1
7975 1
8764 0
9050 0
7975 0
4266 1
4631 0
7975 1
4558 1
8995 0
1864 1
7975 0
6233 0
6087 0
6905 0
5957 0
6575 1
7975 0
2564 1
3474 0
7975 1
5322 0
7975 0
7975 0
5806 0
6904 1
7052 1
7975 0
5031 1
5238 1
3349 1
2274 1
6227 1
7975 1
2956 1
7975 0
5035 0
3830 0
2287 0
7975 0
8662 0
6108 0
9733 0
7975 0
7915 0
4257 1
6401 1
7975 0
3091 1
7975 1
4677 1
7975 1
3485 0
7975 1
3461 1
5641 0
7306 0
1927 0
7014 0
7824 1
7975 1
7106 0
7975 1
8256 0
8336 1
7975 1
6555 1
7975 0
7680 1
7975 1
2742 1
7975 1
7600 0
4707 0
3742 1
5262 0
4229 1
7975 1
7975 1
7306 0
4036 0
3910 0
7975 0
8315 1
5625 0
9923 0
3478 0
4368 1
7975 0
5812 1
9471 1
7975 1
1907 1
8295 0
6610 1
8587 1
7975 0
9103 0
9590 1
8138 1
7975 0
9857 1
7975 1
7975 0
7975 0
9059 0
3021 1
7960 0
3823 1
8515 0
7975 0
7975 0
2784 0
8993 0
8850 0
9615 0
6026 0
8048 1
3360 1
7975 1
7975 0
5714 0
9342 0
8478 1
7975 1
9972 0
9975 1
2405 1
7975 0
1068 1
7975 1
8611 0
7975 0
7975 1
1059 1
8537 0
7975 1
1460 1
7787 0
6544 1
6624 1
7442 1
2992 0
4372 1
7975 1
4627 0
7975 1
1649 1
9332 0
5008 1
7999 0
2058 0
1193 1
2644 0
3757 1
1568 0
7975 0
7975 1
5965 0
2649 0
6657 1
7975 0
7975 1
9810 0
7975 1
2256 1
5013 0
2933 0
9444 0
1737 1
3568 0
7975 0
9257 0
7975 1
4087 1
3699 0
4956 1
7975 1
7975 0
2896 1
2285 0
7975 0
7975 0
5832 0
7975 1
7975 0
5265 1
9450 1
8600 1
8129 0
1369 1
5392 0
7975 1
2362 1
2355 1
2360 0
6032 1
1144 0
7955 1
9722 1
7810 0
7975 0
4353 0
6024 1
6287 0
2382 1
2566 1
4974 1
3844 1
2949 1
7975 0
6623 0
7129 1
5381 0
2464 0
9438 1
5146 0
4295 1
7975 0
5220 1
4521 1
7975 1
5127 0
2256 1
3989 0
7975 0
7975 0
7975 1
3742 1
4390 0
2894 1
3766 1
7975 1
7154 1
9770 0
8161 0
4801 1
3525 1
4228 0
7975 1
5402 0
7297 1
7415 0
8586 1
9583 1
4435 1
6934 1
7975 1
2506 0
7975 0
7975 1
7975 0
7060 0
7975 1
2199 0
7137 1
6720 1
1156 0
4442 1
3335 0
3397 0
2321 1
1556 1
6572 1
9061 1
7939 0
7975 1
4783 1
7288 1
5513 0
7975 1
2973 0
1646 1
8554 0
5126 0
1539 1
8479 1
2544 0
9345 1
6061 0
9671 0
6331 1
4478 0
3308 0
8882 1
2127 0
7975 1
7489 0
7975 0
8293 1
7975 0
4975 0
1176 1
7975 1
3188 0
2742 1
3775 0
5348 0
5399 1
4347 1
8993 1
9699 1
7975 1
4709 0
8208 1
5170 1
9127 1
8901 0
1043 1
8675 0
7975 0
6437 1
7975 1
7975 1
4356 0
8943 0
6719 1
3589 0
3234 0
4580 1
1325 0
7769 1
7975 1
7975 1
7975 1
7670 1
7975 1
7975 0
3891 1
6480 0
7975 1
9495 1
1329 0
7975 0
8517 1
7975 1
7975 0
2158 1
1090 0
7975 0
7975 1
7975 0
7975 0
8739 0
5738 1
9414 1
8211 0
7975 0
7975 0
7975 0
8455 0
7975 0
6816 0
9112 0
3684 0
7975 0
6362 0
3128 1
1340 0
5260 0
8936 0
4744 0
2410 0
8508 0
9521 1
3907 0
9163 0
7617 1
6416 1
5395 1
7394 1
8275 1
1776 1
7975 1
7975 0
9989 1
3896 1
9411 0
7975 0
3202 0
2733 1
1979 1
7975 0
7975 0
7988 1
2786 1
8717 0
1467 1
7590 0
9930 1
7975 1
2122 0
1053 1
7975 1
7121 1
7975 1
2630 1
3904 1
6427 0
7975 0
6194 1
3177 1
8957 1
7975 0
7975 0
7975 0
7975 1
3912 1
2894 0
3150 1
8577 0
2500 1
7975 1
7975 0
6463 1
5527 1
4141 1
3841 1
6753 0
5999 0
8149 0
7975 1
3234 1
1974 0
9244 1
7975 1
1392 0
1885 0
4727 1
7975 0
9849 0
6935 1
3975 0
3561 1
4536 0
7975 0
3240 0
9984 0
1870 0
7975 1
1585 1
7786 1
7975 0
5155 1
6049 1
4023 1
7751 1
7344 1
7975 0
1242 0
3807 1
1744 1
7975 0
3232 0
4740 0
9789 1
7975 0
7975 1
7975 1
2612 1
6292 1
7975 1
1791 0
2535 1
7417 0
4374 1
5380 0
3997 0
7975 1
8504 0
1116 1
6408 0
1955 0
1354 1
7975 1
5734 1
9108 1
7975 0
4412 1
7975 0
4727 0
4992 0
5647 0
4285 0
3715 0
7975 1
2931 1
8989 1
2978 1
6390 0
1390 0
3894 1
3866 1
7975 0
3022 0
3089 0
4120 0
9886 1
5759 1
2473 0
9375 0
5932 1
7059 0
9656 1
8775 1
4161 0
7667 0
4105 0
5884 0
9641 1
4492 0
8733 0
6868 1
7975 1
3643 0
7904 0
7975 0
1328 1
1785 1
4021 1
1014 0
7975 0
4381 1
2339 1
9096 0
2739 0
6996 1
8602 0
1679 1
7817 0
7975 0
7975 0
7068 0
7975 0
7519 1
7810 1
5121 1
8282 1
5104 1
8606 1
1245 0
5905 0
7931 1
7111 1
7975 0
4737 0
9327 0
4008 1
4685 0
1316 0
7975 1
4617 1
9523 0
7975 0
4870 0
3114 0
7975 1
1049 0
2372 0
7975 1
9851 0
7975 1
2871 0
7975 1
4255 1
8061 0
7975 1
6962 0
3814 1
6344 0
9235 1
4162 0
7975 0
6599 0
1331 1
4586 0
7975 1
7975 0
1076 1
1067 1
7975 0
3768 1
7975 1
8511 1
7975 1
7975 1
8947 0
7975 1
7975 0
1967 1
6298 1
7975 1
9101 1
7863 0
7975 1
8836 0
3936 0
1987 1
3017 0
4985 0
5952 1
7975 1
7975 1
7975 1
7450 0
6304 0
4723 0
5708 0
9730 1
3699 0
7077 1
3304 0
6668 1
6717 1
3220 1
7975 1
8771 0
5169 0
1856 1
8529 0
5572 1
6599 1
9931 0
7975 0
6441 0
6013 1
8951 1
3169 0
7391 1
1257 1
7975 1
7408 1
1360 0
7975 1
6228 0
9022 0
2387 1
7690 0
9860 0
7251 0
4860 1
6222 0
6567 1
1041 0
9095 0
7975 0
3608 0
7311 0
7975 0
1832 0
7975 0
7975 1
7975 1
2870 0
8437 1
7975 0
2402 1
7975 0
3014 0
6296 0
7975 1
9201 1
7975 1
4445 1
8978 0
7975 0
7975 0
8253 0
9655 0
5286 0
7975 0
8540 0
3161 0
4967 1
8560 0
7975 0
7975 0
1251 1
9409 0
5814 1
8692 1
4584 0
9476 0
2638 1
3957 0
7975 1
7975 0
7975 0
7531 1
2644 0
3137 1
3937 1
5792 1
7975 0
5677 1
1802 0
2552 0
7975 0
7975 0
7975 1
8416 0
9648 0
7975 1
8889 0
4682 1
1232 1
9109 0
5790 1
2590 1
4779 1
7526 0
5514 1
5440 1
9951 1
7975 1
1825 1
6142 0
7975 1
9510 0
7975 1
4161 0
7975 0
6832 0
7975 1
4417 0
4368 1
8701 0
9800 1
3342 0
7975 1
7975 0
4697 1
4281 1
1391 1
3016 0
3785 1
4505 0
3207 1
9359 0
9054 0
1887 1
1713 0
4699 0
7975 0
4722 1
7886 0
7975 1
2346 0
1905 1
7975 0
8450 0
7975 1
4873 1
3239 0
7535 0
9575 0
7975 0
9181 1
7975 0
1068 1
4861 1
3993 1
7901 1
9126 0
2365 0
7975 1
7975 1
7975 1
7975 0
7975 1
8820 1
8889 0
7975 0
3975 1
3040 0
6015 0
4613 0
2533 1
7145 1
1233 1
3502 1
3839 1
7975 1
7975 1
7975 1
6682 1
9150 0
8517 1
4099 0
7453 1
3156 0
4375 0
7975 0
2347 1
7975 1
8392 0
7975 1
5495 1
1853 0
6050 1
9045 0
7975 0
6239 1
9507 1
7975 1
5047 1
2181 0
2497 1
4345 0
5198 0
7975 0
7975 1
8050 0
4557 1
4438 0
5086 1
7975 1
8166 0
2551 0
7975 0
9400 0
1906 0
9310 0
7361 0
8270 1
7975 0
3037 1
4509 0
7975 0
4253 1
1241 1
7975 1
9847 1
8858 0
8219 1
4594 1
1703 1
1092 0
4602 1
9982 0
7913 1
9643 1
7975 0
5456 0
7975 0
7975 0
1626 0
6911 1
8470 0
7975 1
7975 1
7058 1
2323 0
8318 1
3839 1
9933 1
6490 1
4468 0
7975 0
1888 0
2788 1
3129 0
7618 0
4774 1
8385 0
9298 0
7975 1
1026 1
7975 0
4132 0
2372 0
1512 0
3641 0
7611 0
7975 1
2387 0
7975 0
7975 0
2792 1
7975 1
7750 0
6329 0
4813 0
3883 0
7975 0
8060 0
6797 0
3920 0
7975 0
1562 0
1114 1
7865 1
1546 0
5359 0
7975 1
8177 1
3589 1
7975 0
5763 0
6799 1
4714 1
2180 1
7975 1
7975 1
6628 0
9091 1
1057 0
2411 1
4775 1
9538 0
3690 1
7404 0
8584 1
4982 0
8277 0
6932 1
7534 1
7975 1
7975 1
5195 1
7975 0
3399 0
7975 0
7975 0
7975 0
2386 0
4491 0
3905 0
2059 1
8780 0
6007 0
8480 0
7975 1
7975 0
6782 0
7975 1
9794 1
8960 1
1634 0
7975 0
8555 1
2233 0
1790 1
6814 1
7886 0
7975 1
6472 0
6266 1
5226 0
3213 0
4473 0
5369 1
8967 0
5168 0
9354 1
8356 1
8650 0
8410 0
7975 1
2807 1
7975 1
4253 1
5974 1
2294 1
6462 1
3168 0
1524 0
7975 1
7975 1
7556 1
7771 0
7551 0
1805 1
6779 0
5425 0
1888 1
7975 0
4257 1
7975 1
7975 0
7975 1
7975 1
6412 0
7975 1
7975 0
7975 1
5252 0
7975 1
4489 1
4805 0
8062 1
2295 1
2307 0
4267 1
9981 1
3241 1
7708 0
4860 1
3606 0
3018 0
1691 0
8881 0
1802 1
2364 0
7975 0
6911 0
7975 1
7693 1
7975 1
7975 1
7975 1
7975 0
1527 1
3073 0
7690 1
6183 1
7379 0
4291 0
4550 0
2427 0
7975 0
7052 1
7934 0
4211 1
8370 1
4331 0
5360 1
7975 0
7975 1
7975 0
9406 0
6788 0
3210 0
7928 0
1525 0
8844 0
7975 0
2118 1
7714 1
7975 0
7620 0
7975 1
6017 1
5050 1
7784 1
7975 0
5238 0
1714 0
5225 1
7975 1
3124 1
5423 1
7975 1
7975 1
5216 0
4945 0
7975 1
8362 0
2078 1
4179 1
4750 1
7975 1
9893 0
4211 0
8259 1
3475 0
7421 0
6376 1
9866 1
7735 1
4894 0
7975 0
3783 1
9018 0
6804 0
2512 1
7975 0
7205 0
9933 0
9799 1
7535 0
8781 0
3579 1
3053 0
6329 1
8599 0
5832 1
8639 0
8473 0
6344 1
7035 0
7372 0
5809 1
9678 0
7269 1
7975 1
6387 0
2990 0
3150 0
3244 0
7975 0
5855 0
7975 1
7975 1
7975 0
7975 1
7975 1
7975 0
7975 1
9543 0
2533 0
4683 0
6928 0
6418 1
9688 1
7975 1
1409 1
2828 1
7868 1
7222 0
5796 1
8916 0
3372 0
8274 1
7975 1
7975 0
7975 1
4766 0
7975 1
6644 0
6871 0
7975 1
7975 0
7975 0
7975 0
7975 0
8022 0
8130 1
7927 1
1596 0
3817 1
9461 1
3684 0
9766 0
4994 0
9309 1
7975 0
9046 0
7975 0
7975 1
2196 1
4133 0
3209 1
7975 1
8156 1
7975 0
7975 0
9732 1
2136 1
1182 1
9402 0
6536 0
1645 1
2756 0
7975 1
5778 1
7086 0
3388 1
5352 1
1143 0
7975 1
9134 1
7975 0
3226 0
7975 1
7975 1
8461 0
7007 1
7837 1
4762 0
9221 0
4731 0
5237 0
3018 1
5244 1
7609 1
1562 1
7975 1
7975 1
7853 0
7975 1
2689 0
6446 1
5924 1
2917 1
7975 1
2567 0
9763 1
6420 1
9084 1
4289 1
3256 0
1444 1
9715 0
7975 0
1625 1
3689 1
9879 0
1804 1
3810 0
6817 0
9428 1
2309 0
7968 0
7353 0
6487 1
5473 0
7975 1
3320 0
8040 1
7975 0
4925 0
7975 1
7975 0
5972 0
3860 0
7975 0
7975 1
3469 0
7975 0
7975 0
1724 0
7510 0
3820 1
2945 0
4491 1
7975 0
7975 0
2692 1
2867 1
7515 1
8191 1
7975 0
5466 0
6357 0
2941 1
9392 1
2816 1
8101 1
6490 1
4205 0
7975 0
7975 0
4144 0
8610 0
2320 0
1613 0
7975 1
9194 0
2020 1
5538 1
1923 0
7975 0
2236 0
7975 0
7975 0
5526 1
5966 0
7975 0
6985 1
6159 1
7975 0
1506 1
7975 0
1261 0
7975 1
5204 0
9788 1
7975 1
7975 0
9568 1
6553 0
9065 0
2499 0
5051 1
4572 0
7572 1
2777 1
2565 0
6291 0
2989 0
7975 0
7975 1
7561 1
9060 1
4111 0
5036 0
2608 0
1737 1
9655 0
3298 0
2639 1
6079 1
8565 0
7122 0
7975 0
4635 1
2551 1
7747 0
7975 1
4427 1
6725 1
7975 0
7975 1
7053 1
7975 1
7975 1
9120 1
7975 1
9142 1
7975 0
7865 0
6063 1
7975 1
7975 0
9168 0
7975 1
1497 0
4469 1
3589 0
3697 1
5356 0
2114 1
3326 0
2778 1
8282 0
8943 0
9305 1
9882 0
6546 0
7975 1
6431 1
5235 1
5608 1
4693 1
8790 0
7975 1
9143 1
5800 1
7975 1
2637 1
8089 0
7975 1
3555 0
4017 1
4156 0
6074 0
6275 1
2770 1
7975 1
7975 0
5019 1
7941 1
2149 0
2057 0
5074 1
5582 1
1657 0
4284 1
6054 0
9977 0
4287 0
6178 1
4984 0
6319 1
5144 1
1236 0
5391 1
5289 1
7975 0
3563 1
1841 0
7843 1
5434 0
1527 0
7975 0
7975 0
7975 1
7975 0
8431 1
3721 0
9735 1
4047 0
9015 1
6286 0
7975 1
7583 1
2612 1
5216 0
1978 1
8907 0
2287 0
5172 1
3245 0
7975 0
7975 1
7975 0
6773 0
6918 0
7975 1
7975 0
5142 1
4049 0
5336 0
6860 0
7975 1
7975 1
7084 0
3132 0
9468 1
7975 0
5744 0
1545 0
1768 1
2782 1
4321 0
6786 1
9191 1
8879 0
7445 1
8902 1
4635 1
6716 1
9601 1
9386 1
7838 1
8603 1
7461 0
6050 1
1476 0
5371 0
7975 0
5376 1
6713 1
6170 1
7410 0
2971 1
4318 1
2208 1
7975 1
3997 1
5720 1
6050 0
3919 1
5051 0
2864 0
7975 0
8567 1
7975 1
2750 1
5271 0
5620 1
7975 0
7975 1
6090 1
1727 1
7975 0
7280 0
8802 1
3795 0
7850 0
7975 1
6762 0
1079 0
2407 1
7497 1
5576 0
7714 1
8478 0
7975 0
7975 0
6103 0
7975 1
3162 1
9879 0
2641 1
4496 0
6717 0
7003 1
1921 1
1993 1
7509 1
5579 0
2233 0
8600 1
6098 0
5070 1
9456 0
1863 1
1136 0
8960 0
9695 1
9182 1
9463 0
9950 0
1720 1
7886 1
7943 1
6469 0
1178 1
3253 1
1911 0
5742 0
3164 0
7985 0
7975 0
7305 0
7975 0
3272 1
8741 0
6272 1
5877 0
7975 0
7930 0
3774 0
1455 0
2223 0
8528 0
7975 0
2960 0
7975 1
1218 1
3641 0
8981 0
4264 1
7975 0
2227 1
2792 1
9800 1
7975 0
8669 0
9274 1
7975 0
3223 0
8662 1
7975 1
5005 0
4628 1
6988 0
7975 0
7975 1
1316 1
7975 0
7210 1
1406 0
7975 0
9710 0
1334 1
4638 1
6521 0
1197 0
8377 1
7975 1
9064 1
3626 1
7975 0
6080 1
3143 1
3477 0
4467 1
9988 1
7538 1
5915 1
1961 0
8770 0
2549 0
7829 1
5990 0
8814 1
7975 0
8389 0
7959 0
7975 0
2012 1
2973 1
8095 0
6997 0
4826 1
7168 1
5982 0
7287 0
9081 1
6353 1
9964 1
6746 0
8467 0
5049 1
7975 1
1955 1
6181 0
7975 1
1247 0
6680 1
9386 0
9350 0
3449 0
1916 0
7975 0
5716 1
7975 0
9590 1
3550 0
7975 1
1885 1
9920 1
7526 0
7217 1
7975 0
4893 1
3048 1
7975 1
3554 1
7975 1
5175 1
6537 1
9949 1
1611 1
1033 1
7975 1
2027 0
7975 1
4160 1
7975 1
7975 1
7975 1
7975 1
8766 0
6249 1
6300 0
8269 1
9309 1
7689 1
8374 0
5319 0
4819 1
7000 1
7723 1
7872 1
7975 1
3140 0
3490 1
2889 0
8934 0
8323 1
8419 0
7975 1
1729 0
5804 0
3676 1
1046 0
1138 1
7975 1
4245 0
9532 0
5207 1
7975 0
4004 1
2085 0
6889 0
9566 1
6964 1
4454 1
5201 1
1025 0
8265 1
1421 1
5463 0
4702 1
9965 1
9074 1
7557 1
4907 1
7975 1
7975 1
7975 0
1752 1
2146 0
5167 1
5346 0
7975 0
3735 1
9164 0
8909 1
3108 1
7860 0
7975 0
8880 0
7378 0
2546 0
4244 0
8976 1
2399 1
8392 1
3115 1
5767 1
3457 1
7723 1
3524 1
1040 1
1806 1
8444 0
6169 1
7975 0
8693 0
9585 0
9336 0
9863 1
3974 0
4463 0
6499 1
9130 1
1738 0
2098 0
7975 1
5232 0
8402 0
2043 0
6792 1
7975 1
7975 1
8312 0
7975 1
4425 1
3269 1
5162 0
3100 0
6975 1
3834 0
7975 0
7975 1
7975 1
8171 0
8886 1
8731 0
4018 0
9404 0
2991 0
7975 0
4825 0
9437 0
1841 1
1987 1
6519 0
7975 0
8795 1
2814 1
2218 1
1561 1
5263 0
6436 1
7975 0
3914 0
4901 1
7772 1
7975 1
8879 0
8045 1
9263 0
9824 1
7975 0
9864 0
2936 0
7975 0
8309 1
5680 0
5764 1
1996 1
7975 1
7975 0
3636 0
6695 0
6618 0
8140 1
3904 1
7975 1
5968 1
8685 0
9067 0
5311 1
5123 0
9705 0
8868 1
7975 0
6912 1
7168 1
5733 0
6330 1
7975 0
5527 0
7191 0
2314 0
7975 0
7975 0
7975 0
8838 1
5048 0
7071 1
3011 1
3096 1
2703 1
7975 1
8378 0
7975 1
6516 1
7975 0
3046 1
5944 1
9714 0
9217 1
5050 1
7975 0
7975 1
1117 1
9255 0
7975 1
2570 1
6635 1
8742 1
9916 1
2966 0
7975 1
7975 1
7975 1
4467 0
9989 1
4655 0
2189 0
6184 1
3830 1
1823 0
6234 0
7975 0
7975 0
9252 1
7975 1
1486 0
6267 1
8149 1
9544 1
9850 0
7975 1
5722 1
2234 1
7975 0
6420 0
7732 0
5571 0
7975 0
4175 0
4242 0
7975 0
3836 0
9636 0
7975 0
2449 0
3411 0
6843 1
7975 0
4298 0
7975 0
9144 1
2381 0
4468 0
7975 0
7975 0
7642 1
7975 1
2619 1
5814 0
3476 0
6146 1
7975 1
6947 0
5743 0
2080 0
7052 0
2047 0
8228 1
1367 0
6198 1
1346 0
7975 1
7975 0
6764 0
8859 0
7291 0
4344 1
2743 1
9971 0
1338 0
3888 1
7975 1
4713 0
7975 1
6512 1
5371 0
2663 0
7975 1
5218 0
7975 0
6290 1
3164 0
7975 1
7975 1
8869 1
3222 1
9350 0
9022 1
8016 1
7975 0
9034 0
7975 1
7933 1
2321 1
9126 0
7975 1
5627 0
7975 0
7975 0
7975 0
1594 0
5526 0
1913 1
8724 0
5651 1
7230 0
2400 0
4344 1
7975 0
6664 1
7975 0
5066 1
6944 1
5209 0
1286 0
7975 1
8365 0
7975 0
7975 1
2616 0
2609 0
7975 0
7975 0
7975 0
4717 0
5428 0
7177 0
7898 1
7975 1
1352 0
7975 1
1076 0
2685 0
3391 0
9920 0
7975 1
7975 1
5924 1
6950 1
1266 1
4101 1
5209 1
7975 0
1210 1
2401 1
5270 1
6438 0
8108 0
7975 1
2586 0
2852 1
7975 0
6325 1
1713 1
7975 0
4081 1
7975 0
6883 1
5563 1
3310 1
7975 0
5692 1
7975 1
7975 0
7975 1
3151 1
3132 1
7975 1
7975 0
7975 1
1649 0
5842 0
7975 1
9192 1
2088 1
7975 0
7552 1
9704 0
2836 1
5401 1
1569 0
7975 1
1591 1
3427 1
2620 0
1060 1
1100 0
8065 0
8374 0
9301 1
7877 1
8047 1
8606 0
2751 0
7975 1
1552 1
6007 0
5263 0
6113 1
6561 1
7087 0
7975 0
9915 1
7975 0
7975 1
1214 1
7975 0
1098 0
5166 0
7106 1
9270 1
7975 1
7975 1
9752 1
9667 0
2893 0
6871 0
5867 0
7975 1
7254 0
2955 0
1122 0
2202 1
3017 0
8602 0
8648 1
7975 1
7975 1
7417 0
7975 0
7975 0
7975 0
7148 0
7270 1
5824 0
5193 1
7975 1
9542 1
3006 0
2341 0
7975 0
3882 0
7975 0
7975 1
2422 0
7975 1
7316 0
2509 1
2656 0
1452 0
7975 0
7898 0
1794 0
8562 1
7686 0
9108 1
1394 1
9952 1
7975 1
6249 1
7975 1
6181 1
1431 0
2225 0
7139 1
4825 0
7975 1
4342 1
9073 1
3666 0
7975 1
4300 0
9481 1
9912 1
8489 0
5628 1
6805 1
7091 0
2474 1
9458 0
4570 0
7975 0
1208 1
6380 0
5807 1
7975 1
1953 1
5110 0
2201 1
7975 0
1331 0
3305 0
7897 0
7975 0
6586 0
7069 1
3394 1
1699 0
5809 0
4363 1
4391 1
3877 0
4285 1
4820 1
1287 1
5193 1
1077 1
8895 0
5260 1
7975 1
1077 0
7945 1
5063 0
7975 0
4172 1
7975 1
7975 1
6573 0
8148 1
1422 1
8506 1
9952 0
7975 0
5185 0
7975 1
7975 0
1732 1
2544 0
7549 1
9983 0
8664 0
2606 0
7975 0
8309 0
8818 1
4391 0
7975 1
4064 1
5608 1
3157 0
9492 0
8157 1
9763 1
9375 0
7975 1
2367 0
5758 1
8237 0
2438 1
1105 1
9812 0
7975 0
7975 1
7187 0
2426 0
2327 1
1046 0
3156 1
1393 1
7975 0
4522 1
7975 0
8587 0
7975 1
9779 0
8372 0
9064 1
6769 1
8907 1
6162 1
4246 1
7769 0
4591 0
3205 0
8120 1
1099 0
3223 0
8966 1
7975 1
7174 1
7975 1
7975 0
7975 1
1796 0
2946 0
2960 1
5402 0
9920 1
4502 0
