1564 7729
3224 1
3440 0
4788 0
8350 0
5665 1
7804 0
4459 1
4269 0
7907 0
7729 0
2221 0
4212 1
3798 1
6279 1
7729 1
7729 1
9522 1
8251 0
7729 0
8008 1
8450 1
8455 0
1684 0
7729 0
9693 0
7729 0
7729 1
7729 1
9031 1
7282 1
8165 1
5186 0
7729 1
9556 1
1240 1
3946 0
7729 0
7729 0
1109 1
7729 0
7729 1
4258 0
2423 1
6609 1
8660 0
3445 0
6881 1
9061 1
7322 1
7431 0
6224 0
8870 1
3453 0
9687 0
7729 1
6757 1
7729 1
9137 0
5550 1
9224 1
7729 0
2694 0
7729 1
1293 0
8481 1
9631 0
6794 1
9050 0
7729 1
6558 1
7729 0
8267 0
6641 0
7521 1
7729 0
7729 1
4593 0
2703 1
3922 0
2981 0
5148 0
7924 1
6192 1
9185 0
6706 1
1872 1
4519 1
1502 0
7729 1
9952 0
7729 0
7729 0
1984 0
6161 0
1013 1
7474 1
1944 1
4033 1
2336 1
7729 0
8579 1
5207 1
7729 1
7729 0
3986 1
7729 0
7413 1
8253 0
9964 1
9899 0
3985 0
7702 1
1173 0
3469 1
6749 1
7729 1
5872 1
1695 0
8390 1
7729 1
1267 1
1604 0
8306 1
8480 0
1949 1
7729 1
7729 0
3129 0
7928 1
1979 1
2347 0
8967 0
9571 0
7729 0
9242 0
3300 1
7324 0
6300 0
7500 0
9396 0
7033 1
7054 0
8714 1
7729 0
1878 1
4588 1
7729 0
7729 0
4573 1
5076 1
3507 1
9270 1
7729 0
6771 1
3616 1
4521 0
4669 0
4469 0
1593 1
1370 0
7648 1
1673 0
1732 0
5197 1
7376 1
9461 1
6000 0
7729 1
7152 1
5339 0
8437 1
4398 0
4044 1
3443 0
7729 0
7729 1
9364 0
6011 0
8287 0
2792 1
7729 1
3741 1
7558 1
5697 0
7729 0
7335 0
6795 1
3511 0
5875 0
4162 0
5954 1
9438 0
2359 1
7678 0
4394 0
3553 1
7677 1
2846 0
4073 1
5684 0
5478 0
2900 0
9415 1
4489 0
1612 0
6007 0
6447 1
9728 1
7729 1
6786 0
6826 0
9172 0
8309 0
7729 0
2094 0
2706 1
5066 1
7729 1
7729 0
8577 1
7352 1
1811 1
9748 1
7937 0
2893 1
3987 1
7729 0
4161 0
5834 1
6412 0
6899 0
1524 0
7729 1
6408 1
4345 1
6238 0
6578 0
5976 0
9440 0
1769 1
9691 0
6667 1
2601 1
6033 1
4983 0
3569 1
8392 1
9824 1
7729 1
5310 0
8928 1
2042 0
7729 0
7745 1
3778 1
7762 1
7729 1
7729 0
1789 0
6662 1
7729 1
1920 1
2012 0
2194 0
7729 0
7729 1
5850 0
7729 0
7729 1
2832 1
3622 0
6636 1
7612 0
4669 0
3852 0
8178 0
1250 1
7729 1
3552 1
4557 1
4189 0
7729 1
5325 0
2937 0
6606 0
7729 0
7729 0
6534 1
1222 1
7729 0
7462 0
4879 0
7729 1
2229 1
7935 1
8745 0
9040 0
7729 0
8877 1
7729 0
8969 1
8046 1
1681 0
4857 1
7729 0
6822 1
4589 1
2667 1
9203 1
8080 0
8548 1
4061 0
7729 0
6574 0
1431 1
6518 0
6891 1
3362 1
1521 1
1273 0
8151 1
4379 1
2527 1
7729 1
2958 0
7834 1
9996 1
6727 1
9264 1
7131 1
6727 0
1496 0
3111 0
9619 0
7729 0
7729 0
2382 0
7729 0
6279 0
6620 0
7729 0
2555 0
2779 1
6622 1
8144 0
7729 0
1917 0
2834 1
1135 1
3766 1
6738 0
1572 0
7729 0
4640 1
1262 0
5758 1
5492 0
7729 0
2823 1
9310 1
3076 0
6166 0
6738 0
6985 0
6192 1
1731 0
5202 0
4850 0
7729 1
4095 0
9338 0
8139 0
4219 1
7729 0
7729 1
7729 0
6999 1
7729 0
7958 0
7729 0
8100 0
7729 0
1539 0
7427 1
6832 1
2976 1
5105 1
7729 1
8466 1
7729 1
6600 1
5179 0
7729 1
4851 0
7729 0
4554 1
7503 1
3646 1
7729 1
7729 1
2514 0
7729 1
7729 0
7729 1
1982 1
7920 0
6449 0
1003 1
7729 0
6075 0
2567 1
5190 0
7729 0
7729 1
7485 1
7729 0
2115 1
7422 0
5444 0
6310 1
7729 0
9528 0
7465 0
3270 0
2938 1
7729 1
8708 0
9824 1
4598 1
9042 1
5352 0
8333 0
5203 1
7729 0
8970 0
8260 0
5036 1
4996 0
8395 1
5286 0
3651 0
7729 0
8337 0
7729 0
5164 0
7729 0
2514 1
7585 1
7729 0
8148 1
1475 0
7729 0
5167 0
2347 0
7729 0
7729 1
7729 1
1360 1
9227 0
6812 1
2880 0
8903 0
5183 0
2410 0
8642 1
1562 1
3375 1
7729 1
7729 0
9083 0
3247 0
2479 0
7734 1
2917 1
1679 1
6673 1
7729 0
7729 1
5332 0
7729 0
7729 0
6762 1
4330 1
9619 1
7154 0
7729 1
6735 1
3409 0
6997 0
3960 0
6721 0
9525 1
6140 1
7729 1
8307 1
5461 1
9264 0
2295 1
9239 1
5668 0
3780 1
7729 1
7729 1
7729 1
7910 1
4812 0
7729 0
5721 1
3441 0
1829 0
8676 1
4370 1
7523 1
5567 1
1616 0
2706 1
2102 1
3312 1
3786 0
5555 1
3916 1
4297 1
7729 1
7729 0
2387 1
7729 0
9033 0
2115 0
7729 0
7729 1
5614 0
7522 1
7790 1
2088 0
5899 1
1008 0
8125 0
4510 0
7729 1
4633 0
7754 1
3594 0
7729 0
8270 1
7729 0
1243 1
5172 0
8002 1
3797 1
3586 1
4571 1
7729 1
7729 0
7729 1
6958 0
3311 0
8628 1
1731 1
2006 1
6161 1
6259 1
1816 0
7365 1
6871 1
9506 1
7763 0
5378 1
1955 0
6502 0
2848 1
3504 1
1446 1
4112 0
7729 0
9317 1
7729 1
7729 1
8574 1
4100 1
7729 1
2264 1
7729 0
5968 1
3766 0
6878 1
2288 1
7387 1
7729 0
7729 0
1957 0
6070 1
6686 1
6502 1
7729 0
7729 1
7729 1
5819 0
7107 1
4495 0
2439 0
7957 1
4928 0
7499 0
7729 0
2054 0
7729 0
3356 1
8175 1
2635 0
3482 0
4921 0
9230 0
4158 0
7729 0
6964 0
7729 0
1012 1
9720 0
7729 0
7729 1
6740 1
6715 1
6771 0
7729 1
1379 1
5741 1
3661 1
2052 1
2997 0
6226 0
7789 1
7729 1
7729 1
6130 0
3350 0
1081 1
7729 0
7123 0
4433 0
5032 0
7080 0
9767 1
6547 0
6394 0
3013 0
9147 1
3946 1
5357 1
7328 0
3518 1
7729 0
1212 0
4169 1
1266 0
7729 0
8421 1
7729 0
1611 1
7729 1
7729 1
6904 1
7729 0
7164 0
7376 0
7729 0
8950 0
2710 0
7484 1
2404 0
9271 0
6200 1
3104 0
6231 1
8357 0
5210 0
5585 0
8477 1
7951 1
7834 1
5681 1
3868 1
7729 0
6025 1
7729 0
7729 0
7729 1
7729 1
1589 1
9066 0
7729 0
5124 0
9127 1
7729 1
4065 1
7729 0
7729 1
4772 1
2337 1
4222 0
9377 0
7866 1
6171 1
8346 0
5718 1
8783 1
5350 1
7001 0
5742 1
3135 1
7469 0
4518 0
2289 0
7729 1
7729 0
9347 0
5482 1
7729 0
1153 1
6924 1
2975 0
5033 0
2935 0
6146 0
7142 1
7729 0
7619 0
7729 1
2992 0
7729 0
3578 0
1478 1
7540 0
9495 1
7729 1
5256 0
9917 0
7729 0
6446 0
2360 0
2980 0
5558 0
6036 0
9929 0
7729 0
5892 1
1148 0
1065 0
2825 0
5577 1
7674 0
2916 0
7729 1
3388 1
3317 1
9094 1
1079 1
7269 0
7729 0
6105 0
1683 1
7729 1
7605 1
7605 0
7346 1
9663 1
7729 1
4218 1
7432 0
4360 0
7729 0
7729 1
3637 1
8328 0
4768 0
6717 0
9752 1
7729 0
9103 0
1340 0
7729 0
1487 0
6875 1
6865 0
7729 1
6039 1
7137 1
3197 1
7729 1
4057 0
1691 1
8136 1
5975 1
2850 1
6067 1
7613 0
3926 1
5957 0
5092 1
5187 0
6812 0
3696 0
6606 1
2306 1
7351 1
2249 0
7729 0
5567 0
7729 0
7729 0
2085 0
8502 0
4885 0
3164 1
7729 1
5556 1
7729 1
3861 1
8751 1
7729 0
1080 0
1269 1
7633 1
3918 0
8910 1
9582 0
2490 0
1701 1
7476 0
7729 0
7729 0
9437 0
9706 1
4691 1
4962 1
3872 0
9806 1
8649 1
9350 0
6827 0
7921 0
3784 1
7729 0
6285 1
6994 1
6240 0
6186 1
6947 1
1218 1
1340 1
7729 0
7729 1
2440 0
7729 0
7729 0
9001 0
7729 1
9188 1
5374 1
8674 0
7729 0
3205 1
7038 1
6143 0
8033 1
2289 1
7643 1
8924 1
7353 0
6554 1
5701 1
8538 0
1893 0
5777 0
2100 1
7729 0
8491 1
7729 1
8940 0
6293 0
2848 1
7729 1
4802 1
8409 1
5411 0
2742 0
2598 0
1090 1
3045 1
5859 0
7127 1
7098 1
7324 1
1010 0
9547 1
7729 0
7729 1
1970 1
7729 0
7276 1
1163 0
4048 1
2429 1
2063 1
4137 0
7729 1
4105 0
9829 1
8152 0
3916 1
4374 0
7042 1
4190 1
4787 0
7729 1
7729 1
8024 1
7729 1
4086 1
7729 1
3560 1
6066 0
8730 1
7729 1
2394 0
7729 1
7729 0
2048 0
9072 1
7729 1
7729 0
7729 0
7729 1
7729 1
5014 1
7729 0
8480 1
7729 0
5860 0
9096 0
7142 0
6949 0
3041 0
8429 0
7378 1
7729 0
3712 1
7729 1
7164 1
9376 1
8472 0
5615 0
7729 0
1101 0
3631 1
8544 1
7729 0
8963 0
9127 1
6291 1
5667 0
1492 0
6107 0
2375 0
7729 1
1387 1
8931 0
9911 0
4603 1
6841 1
4850 0
7729 0
9140 1
2599 1
3975 0
1012 1
3789 1
7729 0
9171 0
1126 0
4319 1
7729 1
6212 0
5353 1
4304 0
7729 1
7729 0
7729 1
7433 0
7117 0
8206 1
5050 0
7729 1
7729 0
7729 1
5575 0
3954 0
7166 0
7729 1
9927 0
7660 0
8484 0
7257 1
9614 0
7729 0
6076 1
7729 0
3007 0
7729 0
7729 0
2093 0
2194 1
7686 0
3444 1
1244 0
8108 0
7729 0
1307 0
4869 1
6925 1
4755 0
5707 0
4566 0
1099 0
6214 1
3315 1
6411 1
8232 0
8057 1
8840 0
1396 1
7729 1
7729 0
7729 1
2529 0
7558 0
3832 1
4565 1
5857 1
7729 0
3721 1
2484 1
2353 1
4282 1
7129 1
1075 1
6587 0
2767 1
4358 0
7729 1
4919 0
7729 0
7729 0
3309 1
1880 1
5746 0
2142 1
5096 1
8234 0
7729 1
7729 1
5093 1
3508 1
2348 1
7729 1
7586 1
9523 0
4025 0
4818 0
7191 0
8456 1
8879 1
4048 0
8334 1
6275 1
1874 1
7729 1
7600 0
6378 0
6604 0
5064 1
5813 1
7729 1
7729 0
4593 0
5362 0
7729 0
7729 0
7729 1
2056 1
7434 0
1390 0
7729 0
1253 0
8409 1
6966 0
3856 1
6022 0
9063 0
1572 0
8862 0
5146 0
7729 0
5150 1
7729 0
7729 1
9498 1
5354 0
5571 0
2929 1
9040 0
7729 1
7729 0
7729 0
7729 0
7729 1
7313 1
2901 0
2400 0
4106 0
6029 0
7729 1
7729 1
7070 1
3666 0
4408 0
3224 1
9537 0
8791 1
7729 1
4459 1
2918 0
1198 1
5885 0
4393 0
3419 1
9817 0
2827 0
8531 1
7729 0
5055 1
3056 0
8734 0
9724 1
5064 1
7729 1
6947 0
4116 0
5943 0
1827 1
3011 1
4609 1
2751 0
7729 1
7729 0
6339 0
7219 1
7729 0
4818 0
9964 0
7478 1
2505 0
1586 1
9076 1
7729 0
3272 0
8611 0
3182 0
7729 0
6266 0
3582 0
7729 1
7761 0
9620 0
8381 0
7729 1
7729 1
1832 0
7729 1
7729 0
2040 0
7729 0
6711 1
1088 0
5201 0
2173 0
7729 1
2721 0
4632 0
9632 0
6576 1
7729 0
5640 1
7729 0
7729 0
7729 0
3993 0
5167 0
2074 1
9782 1
6212 1
7729 1
1172 0
7789 1
6416 0
8636 0
1806 1
7729 0
7791 0
6217 0
3351 1
8564 0
7595 0
7959 0
7729 0
7729 0
2887 0
7729 1
3187 1
3484 0
7729 0
8134 1
2397 1
7155 0
7729 1
8323 1
1249 0
2944 1
6780 0
8968 0
8804 0
7548 0
4475 1
7253 0
6773 0
6912 1
7729 1
7729 0
1780 1
4913 1
3881 1
9037 0
7729 0
7729 0
3507 0
3407 1
6319 1
4906 1
3742 1
7729 1
7729 1
7729 0
6021 1
7729 0
7905 0
9267 0
7729 1
7729 1
7924 0
6331 0
2846 1
7246 0
6364 0
1407 1
2400 1
6657 0
7729 0
7729 0
4516 0
7729 0
6742 0
7420 0
2771 0
7729 0
7729 0
7729 0
9029 0
3163 1
7729 1
9736 0
4253 0
7729 1
8430 1
3202 1
4973 0
8544 0
6544 0
5573 0
5088 1
6220 1
7308 0
9100 0
7729 0
3766 0
1609 1
9021 1
1718 0
1810 1
4347 0
9688 1
8463 1
3074 0
3076 1
1509 1
2145 0
7729 0
7729 1
5638 0
7729 0
9634 1
1048 0
7729 1
9172 1
4042 0
1861 1
8798 0
7729 1
3618 1
4581 1
5241 1
2227 1
7729 0
2180 1
1352 0
7729 1
7729 0
7729 1
1407 1
7752 0
7729 1
7729 0
7729 0
1919 1
4066 1
4105 1
8444 0
4860 1
1782 1
7729 1
4128 1
1706 0
7754 0
9984 1
1415 0
1526 1
2817 1
8165 0
5260 1
1316 1
7729 0
2626 1
5216 0
8808 0
5995 1
7729 0
7729 0
3051 0
1442 1
1045 0
7782 0
4239 0
5865 1
7729 1
8098 1
7591 0
4852 0
2638 0
2242 1
3716 0
9450 0
3852 1
7736 0
1022 1
7729 0
6337 0
2278 1
6872 0
3990 1
1207 1
8317 0
2697 1
5565 0
2617 1
7729 0
7729 0
1873 0
7729 1
7622 0
5499 0
4619 0
7729 0
4442 0
9475 1
2251 1
6691 1
4875 1
5748 1
7900 0
1628 0
9994 1
7729 0
8127 0
6923 1
7729 0
1912 0
4955 1
7729 0
3960 0
7729 1
2227 1
8195 1
9322 1
6065 0
6250 1
5910 0
4174 0
7729 1
5808 1
7729 0
9957 0
7729 0
4587 1
7729 0
8216 1
9642 1
7729 0
6982 0
7509 0
5638 1
8950 0
7729 0
8720 0
4657 1
5926 1
4142 1
3784 0
8128 1
2734 0
7729 0
1583 0
6885 0
7429 1
5749 0
7729 1
3042 0
3536 1
3673 1
1801 1
9888 1
1674 1
8310 0
5468 1
7729 1
7729 1
6100 0
8143 1
7729 1
7729 0
7729 0
2506 1
7729 0
7729 1
7729 1
5083 1
7729 1
8116 1
9581 0
6056 0
3543 0
5867 1
3213 0
7729 0
1538 1
7310 0
8745 0
5649 0
6306 1
7729 0
7729 0
7842 1
1071 0
1357 0
7729 1
3019 1
3532 0
7729 1
4076 1
7729 0
7729 0
2924 1
8112 1
9491 0
4089 0
9901 1
7729 0
7729 1
2572 1
8787 1
4733 1
7729 1
7729 1
2103 1
2164 0
7729 1
4901 1
7729 1
7729 0
8488 1
7729 1
4746 0
8259 1
7835 0
9063 1
5586 0
6894 0
7764 0
8552 1
8760 0
5779 0
7016 0
7729 0
8725 0
3592 1
7729 1
7729 0
7729 1
8160 1
2214 0
6423 0
5971 1
7729 0
5873 0
5495 0
7729 1
2508 1
5823 1
4831 0
2992 1
4206 1
7729 0
2481 1
7689 1
9914 0
5410 0
5247 0
1126 1
6497 0
1031 0
5430 1
5232 1
3422 0
6771 1
7729 0
7729 0
7729 0
8662 1
7672 0
7729 0
5826 1
4906 0
4425 1
8700 1
2808 0
7729 0
7729 1
