8309 4034
8970 0
6177 1
4034 1
4034 0
7620 0
8905 1
4034 0
4596 0
7099 1
4034 0
3570 1
3957 1
4249 0
8108 0
4034 0
4034 1
4034 1
4034 1
4034 0
4043 1
4034 0
4034 1
4034 0
7499 0
1456 1
4034 1
9851 1
6127 1
1094 0
3627 1
4343 1
6008 1
2124 0
9097 1
6357 0
9974 1
9165 0
4034 0
5510 1
1400 0
6071 1
1274 1
1317 0
2887 0
4034 0
4034 1
2035 1
4034 0
4034 0
1926 1
7701 0
8571 1
4034 0
9359 0
7028 0
4034 0
4034 0
3861 1
2248 0
3558 0
4309 0
4034 0
4034 1
9163 0
4034 0
8379 0
4034 1
1921 1
5193 0
4034 1
8764 1
2322 0
5632 0
2554 0
2490 0
1510 0
8889 0
4296 0
4972 1
4034 0
5295 1
5530 0
6674 1
4357 0
4034 1
4034 0
4122 0
6647 1
5736 0
9451 0
2007 0
3654 1
4034 0
4034 0
7055 0
4034 1
7199 1
6269 1
4034 0
7721 0
8055 0
9713 1
4034 1
9494 1
5031 1
6242 0
1810 1
5361 0
7982 1
7571 1
4034 1
9771 1
9485 0
2358 1
7011 0
1736 1
8868 1
6253 0
3459 1
4664 1
4034 1
7565 1
8922 0
4034 0
2930 1
8942 1
7030 1
5899 0
2152 1
1964 0
2980 1
4792 1
1133 0
8485 0
8336 0
3886 0
4034 0
5079 0
3214 0
6347 1
5085 1
6070 1
4667 0
4034 1
8973 1
4661 0
7547 0
3064 1
4126 1
4034 0
5151 0
4034 0
8199 0
5906 0
6394 1
2719 1
6381 1
4034 0
1694 0
3580 0
5032 1
4034 1
1321 1
4034 0
8665 1
4034 1
7137 0
1422 0
1501 0
4799 0
1530 1
1104 1
5085 1
5406 0
4034 0
4034 1
4164 0
1302 0
4034 0
9806 0
9064 1
8019 1
4034 1
1835 1
4034 0
4558 1
2189 1
4034 0
5409 1
4034 1
2860 0
1438 0
4034 1
6603 0
1104 0
7776 0
4311 1
4034 0
8278 0
4034 0
2582 0
4943 0
4463 1
3047 0
6002 1
4034 1
8797 1
6849 0
8513 0
4034 1
6745 1
8327 1
9622 0
4085 1
6132 1
8487 0
4594 1
4034 1
2161 1
9675 1
3818 1
8722 1
6465 0
4034 1
4598 0
9730 0
4034 1
4034 1
8878 0
4034 1
9775 0
4034 0
4034 1
4034 1
3615 1
8940 0
4034 0
4034 0
4034 0
8909 0
9892 1
3540 0
7350 1
4034 0
3389 1
6180 0
3510 1
1352 1
4034 0
8692 0
4034 1
6475 0
7768 0
5462 0
1270 1
3659 0
8840 1
8702 0
4034 0
9912 0
5957 0
3558 1
4756 1
2143 1
3231 0
5154 0
3623 1
3662 0
5170 1
9659 1
7837 0
4034 0
5971 1
9312 1
4034 1
4020 1
4034 0
4230 1
4351 1
3175 1
4756 0
4034 0
1902 0
9439 1
2733 1
3521 0
6541 1
2068 1
9217 0
1029 1
9714 0
2707 0
6241 0
6203 0
1362 1
4034 1
6022 0
4034 0
3140 1
2357 1
8738 0
4034 1
4034 0
4034 0
3753 1
8956 1
6670 0
5575 0
4034 1
1284 1
7049 0
4034 0
7698 0
6151 1
4034 1
5013 0
4034 1
4034 1
8395 1
1322 0
7728 0
5485 1
4034 1
2248 1
9707 1
3970 1
4034 1
5521 0
4034 1
4522 0
9029 1
7337 1
3280 0
4034 1
3503 1
4034 1
4034 1
1254 0
5874 1
6070 1
9285 1
8028 1
4034 1
1215 1
6799 1
2432 1
5236 0
3929 0
4034 0
4034 0
6020 0
3477 1
9278 0
3099 1
3314 0
4034 0
7183 0
4992 1
9086 0
7082 0
4656 0
7300 1
4034 1
5979 1
5430 1
4034 0
1888 0
5424 1
4034 0
4034 1
5068 0
4034 1
4034 0
5391 0
4034 0
9719 1
2606 1
4034 1
2878 1
4034 1
6677 0
4034 1
7126 1
4034 1
8556 1
3947 0
2391 0
3166 1
2019 0
2321 0
3185 1
6214 1
1895 1
4034 0
7971 1
4682 0
4034 0
7900 0
1066 0
8438 0
7111 0
6648 1
4034 0
4122 1
4034 0
4321 1
4034 0
5437 0
1271 0
8122 1
9596 1
2237 0
4034 0
3178 1
4034 1
2933 1
3686 0
2939 0
7376 0
7647 1
5769 0
4034 1
4727 1
5751 1
5281 0
6510 1
8111 0
4034 1
1463 1
4034 1
4034 1
3925 1
4527 0
4980 1
4034 1
4034 1
4034 0
4034 1
4034 1
8636 0
2669 0
4859 0
5947 0
6224 1
4034 1
9465 1
3801 0
8977 0
3513 1
8756 0
5732 1
8819 0
9077 1
9299 0
1483 0
4034 0
7859 1
7689 0
4034 1
7477 0
4034 0
4034 0
5621 1
4438 1
5541 0
8121 1
4489 1
9323 0
5311 1
9275 0
6753 0
2987 0
4034 1
2865 1
7640 0
9512 0
8409 0
4082 0
4034 0
6291 1
4034 1
1526 0
3488 1
2785 0
4650 1
4034 1
9087 1
9902 1
4034 1
3408 0
8161 1
8437 0
6315 0
6155 1
7940 0
8943 1
7586 1
4034 1
9635 0
4842 0
7382 0
3566 1
4316 0
3739 1
1172 1
3274 0
2192 1
7991 0
4034 0
2519 1
4529 0
6505 0
4034 0
2932 1
5671 0
3196 1
4034 0
7617 0
5736 1
4034 1
6749 0
8065 1
4034 1
1972 1
4034 1
3385 0
8643 1
2868 1
7257 1
4034 0
4133 0
8151 0
9889 1
8578 0
6902 1
3338 0
5378 1
6617 0
2293 0
1938 0
3671 1
4002 0
5504 0
8004 0
4034 1
6565 1
4034 0
2999 1
8616 0
9909 0
8199 0
8223 1
2225 0
4034 1
4034 1
4568 1
2498 1
9119 1
2118 0
9734 0
9644 0
5195 0
3418 0
4034 1
4034 0
1812 1
5380 1
6878 0
4034 1
9061 1
2229 0
4034 0
7468 1
9713 0
4034 1
4034 1
2477 0
6292 1
7931 0
1311 0
8110 0
8806 1
4034 0
3158 0
7552 1
2716 0
7875 1
4034 0
4034 1
6843 0
6137 0
4034 0
5402 0
4034 1
4066 0
2445 0
6888 1
5523 1
6676 1
2161 0
4034 0
3515 1
4027 1
5781 0
4034 0
4454 0
4034 1
2178 0
4034 1
6767 0
2483 1
4034 1
1561 0
2054 1
4034 0
4494 0
4500 1
6973 1
1130 1
2830 1
5950 1
7433 1
5276 0
9705 1
5310 0
1795 0
1316 0
4034 0
3936 1
9829 0
8882 0
4034 0
5525 1
7153 1
6858 1
4034 1
6669 0
5791 1
4011 1
6947 0
4034 1
1754 1
8846 1
4371 0
1525 0
4735 1
9608 0
6277 1
9614 0
7243 1
8095 0
4889 0
9359 1
4986 0
3753 1
3907 1
4034 0
1522 1
4034 1
1070 0
7313 1
4034 0
1102 1
4034 1
4034 1
4034 1
2556 0
9941 1
4034 0
4034 1
4034 1
4034 0
3154 0
4034 0
9796 0
7250 0
1513 0
4034 0
3841 0
3070 1
6870 1
8498 0
7934 0
7440 0
4260 1
2841 0
4034 1
4189 1
2035 1
7789 1
1837 0
4034 0
4034 0
4034 1
4034 0
1228 0
4489 0
3682 0
4457 0
4034 0
8676 1
3817 0
4034 0
4700 1
9554 1
3342 0
3570 0
4411 0
4445 1
4034 0
1132 1
6160 0
8978 1
9984 0
2113 1
5763 1
6511 0
8143 0
8704 1
4034 1
5843 0
2920 0
9418 1
4034 1
4034 0
1173 0
4034 0
2581 1
4034 1
1319 1
4034 1
4034 0
4034 1
8072 1
7603 1
9650 1
8911 1
6436 1
7077 0
7878 0
4034 1
4034 0
3075 0
4034 0
3571 0
6303 1
5805 0
1042 1
4034 1
4152 1
7356 0
3737 0
4034 1
7516 0
9276 0
2847 1
8150 0
4034 1
6059 0
9023 1
3175 0
9532 0
4034 1
5033 0
2549 0
1825 1
3672 0
8175 0
5834 1
4034 0
1264 0
9791 0
6675 1
6296 0
4034 0
6149 1
4326 0
6999 0
2526 0
4034 0
7045 1
7309 1
4452 1
4034 0
4034 0
4034 0
4034 1
4034 0
4034 0
4034 0
8547 0
1073 0
4786 0
4034 1
9433 0
1237 1
4034 1
3888 0
8608 1
9478 1
4034 1
6460 0
6734 0
2813 0
4937 1
4370 1
1960 0
6029 0
1227 1
4612 1
4165 0
9986 0
7671 0
7865 0
1598 1
8254 0
6125 0
3116 1
2995 1
7834 1
3152 1
2145 1
7065 1
5280 0
1634 0
2456 0
2104 1
4730 1
4034 0
4034 1
6863 1
9015 0
7513 1
4578 0
4034 0
7650 0
1735 1
4186 1
6963 1
4034 1
4409 1
7624 0
3991 0
4034 0
7729 0
4034 0
8910 0
7195 1
4273 1
2620 0
7000 1
7761 0
2737 0
3081 0
9937 0
4034 0
4034 0
5734 0
2930 1
3555 0
4034 1
9735 1
4453 1
4034 0
1984 0
4343 1
9003 1
5827 1
1561 1
4034 1
3445 0
4034 0
6646 1
4295 0
4195 0
4034 0
7932 1
2681 0
2506 1
6108 0
2680 0
2478 0
8808 0
9577 1
2151 1
9889 1
7962 1
8036 0
4155 0
4034 1
4034 0
4034 1
4034 1
4801 0
6995 1
4034 0
4034 1
8550 0
4034 0
6910 1
8792 0
6885 0
4034 1
5717 0
6746 1
4034 1
4034 1
6348 1
6947 0
4034 0
4034 0
7782 1
6575 1
9812 1
7249 0
9568 1
6597 1
3498 0
8846 1
5794 1
4034 0
2244 1
5410 1
3455 1
5777 1
5093 0
4288 1
4034 1
7802 1
6648 0
8794 1
9432 0
1717 0
7545 1
4034 0
1045 1
5138 1
8426 0
2941 0
2062 1
9162 0
4034 1
4034 1
4034 1
1016 0
6446 1
7412 0
4869 1
3681 1
4034 0
7552 0
8888 0
6706 0
5978 1
9006 0
4034 0
5770 1
9534 0
4404 1
7085 0
1233 1
2651 1
7987 1
4388 0
2933 0
4034 1
4034 0
3254 0
2788 0
3544 1
6981 1
4567 1
6218 0
1558 1
4946 1
4034 1
8456 1
3398 0
2296 0
4034 0
7284 1
4034 0
4311 1
3416 1
4575 1
4493 1
4034 1
5914 1
4034 1
8370 1
4034 0
6660 1
7024 1
5569 1
4839 1
9397 0
9100 1
3856 0
8770 1
4382 1
4034 1
1834 0
6309 1
6509 1
3668 1
9595 1
1098 1
5093 0
5646 0
3859 0
2132 0
4034 1
1476 1
7608 0
4034 1
5908 0
4034 0
6367 0
4993 1
3828 1
1434 1
2421 1
4354 1
2182 0
8790 0
5383 1
7000 0
2082 1
4385 0
2924 1
4909 1
4726 0
3075 0
4034 0
7314 0
5400 1
3902 1
2948 0
1009 0
4034 1
5600 0
9509 1
1587 0
4034 0
4676 0
1990 0
3742 0
4034 0
5837 0
5128 1
7804 1
3404 1
9265 1
9852 1
9866 1
8078 1
5286 0
8234 0
1573 1
4107 1
4034 0
5897 1
3972 1
3719 0
1284 1
4034 0
4034 0
7419 0
9348 1
5274 0
3497 1
6673 0
4034 0
5761 0
4034 1
1314 1
1349 1
8581 1
6000 1
4034 0
4357 1
4359 0
3962 1
6266 1
2027 1
3214 1
9679 0
4034 0
4034 1
8884 1
6656 0
7366 1
4034 1
6971 0
3145 0
6099 0
3852 0
1920 0
4034 0
4034 0
7396 0
3967 1
9028 1
6657 0
3628 0
5773 1
8224 1
2077 1
9349 1
6037 0
3427 0
4034 1
4009 0
6144 1
6356 0
1257 0
4034 0
3380 1
4457 0
1158 0
3548 0
5975 0
7790 1
7395 0
2814 1
9544 1
1636 1
8559 0
4034 0
5479 1
4034 1
8576 1
1903 1
4034 0
7406 1
4034 0
9477 1
4353 0
4034 0
7699 0
2553 0
6842 0
4034 1
5681 0
3822 1
8012 1
4034 1
4034 1
1167 1
5017 1
4034 1
9360 0
6378 1
5776 0
3750 1
8980 0
4034 1
4034 0
4034 1
4034 1
4034 1
7915 0
9831 0
6544 0
9274 1
5051 1
4034 1
7367 1
5416 1
2692 1
7272 0
9371 1
4034 1
4034 0
6440 0
2119 0
3212 1
4034 0
1371 1
4034 0
5133 0
4550 1
1615 0
9154 0
9486 0
3278 0
4397 1
3961 0
7313 1
1681 0
4034 0
2666 0
4034 1
4951 1
1457 0
4034 1
9093 0
8028 1
5110 1
7589 0
1439 1
1831 0
9850 0
8135 1
8417 1
8691 1
9433 1
3424 1
4034 0
8453 1
6404 1
2387 1
1539 0
2743 0
3747 0
4034 0
6319 0
3104 1
5529 0
6839 0
4034 0
5648 1
7035 0
4927 1
4034 0
5527 1
9507 0
5826 0
7931 1
4034 0
5611 1
4034 1
4034 1
6659 1
5660 0
6217 0
4034 0
8665 1
8215 1
4034 1
4951 0
2115 0
7766 0
4034 0
7223 0
4034 1
3934 1
6389 1
1723 0
5564 0
2584 1
3887 0
5002 0
9121 0
7927 1
9745 0
7223 0
4622 1
4034 1
9205 0
4321 1
2708 0
1396 1
7234 1
6962 1
2646 0
7830 1
9596 0
7752 1
3982 0
2129 1
1861 1
1832 0
4034 1
4606 0
7429 0
2518 1
5337 0
6929 0
1826 1
4034 0
6773 1
4034 0
4413 0
5534 0
9140 0
3921 0
5439 1
7128 0
4034 0
5217 0
9861 1
6635 0
1621 1
6440 0
9712 0
6588 0
4034 0
4034 0
3582 0
9842 0
2412 1
4034 1
4034 1
4034 0
3234 0
4034 0
2407 0
1822 0
1510 0
5638 1
4247 1
3265 0
3520 1
3644 0
4034 1
8730 1
4756 1
4034 0
8098 0
8609 0
4034 1
5687 0
4034 1
4034 1
6984 0
9629 0
1970 0
2119 1
4902 0
5088 0
2759 1
7147 1
4034 1
1749 0
2016 0
7694 1
6958 0
8904 1
4034 0
4034 0
4034 1
9298 0
7450 1
6201 1
8798 0
8508 0
5202 0
4034 1
2346 0
5085 0
6481 0
8676 1
1898 0
4034 1
4034 1
3253 1
7526 1
7904 1
6708 0
8055 0
9492 0
4034 0
5532 0
1222 1
4034 0
4034 0
5373 1
6581 0
9387 0
6189 0
5595 1
3860 0
9352 0
4034 0
4034 0
5325 1
4034 0
2875 1
7070 0
1616 1
5011 1
9837 0
3320 0
7097 0
7529 1
6379 1
2982 0
3038 1
6151 1
7200 1
6737 1
7822 0
8511 0
3000 1
4034 1
4034 1
4536 0
4034 0
4034 1
4034 0
8411 1
4034 1
5535 0
4034 0
6642 0
6469 1
7096 1
5253 0
8789 1
2659 1
4034 0
2866 1
9662 1
4034 1
1728 0
7370 0
1191 1
4034 0
8182 1
2024 0
6421 1
5110 1
4328 1
1342 0
2892 1
9728 0
8506 1
4034 1
5788 0
4681 0
6067 0
2761 0
9726 0
1023 0
8263 1
9499 1
3901 0
4504 1
5695 1
5068 1
5466 0
4034 1
6690 0
7538 1
8597 0
2458 0
4034 1
5673 0
9177 1
2224 0
6292 1
8110 0
6747 1
3665 1
4034 0
8997 1
7807 1
6712 0
6670 1
4034 1
9228 0
2872 1
9983 1
6730 1
6748 0
2644 1
6427 1
3940 1
6163 0
4580 0
9324 0
6023 1
1317 0
5430 0
3404 0
1779 1
5502 0
4034 1
8318 0
1582 1
5555 0
8755 1
4828 0
9884 0
4034 1
7549 1
4034 0
4034 1
3807 0
4410 0
1176 0
7874 1
7545 1
6942 1
9305 0
4449 1
8350 0
4030 1
4034 1
1130 0
4034 0
4034 0
4034 1
2810 0
3591 1
8200 0
1046 1
4034 1
7599 0
1629 1
2194 1
4034 1
2538 1
8674 0
1484 0
1427 0
5980 0
3378 0
7998 1
3100 1
6533 1
3104 1
4034 1
2291 0
1011 1
9170 0
4962 1
9274 1
4034 0
4034 0
3405 0
1520 1
7182 1
4034 0
3704 0
4034 0
9504 0
7468 0
3920 0
4034 1
2480 1
3254 1
9032 1
9907 1
5103 0
7807 0
4034 1
2212 0
6032 0
4034 0
9088 0
7921 1
7527 0
6559 0
3818 1
7922 1
3081 1
1831 1
2893 0
1713 0
6126 1
4034 0
8868 0
3150 1
8992 0
5576 0
1071 0
4941 1
3362 1
4978 1
4034 0
2363 1
8651 1
2005 1
4034 1
4034 1
6219 1
8585 0
4034 0
3727 0
1068 1
3415 1
4034 1
4034 1
7436 1
8441 0
1432 0
7690 1
9148 0
4034 0
4034 1
6234 1
4034 1
5423 1
6200 1
5611 1
6228 1
1202 1
7524 1
3828 1
1832 1
2829 1
9182 1
7925 0
8803 1
4034 1
4034 1
4034 1
4034 1
5812 0
6141 1
8267 0
6956 1
7585 1
1222 1
4034 1
6340 0
4225 0
9890 1
2589 0
4708 0
2553 1
4034 1
6536 0
4034 0
4871 0
2408 1
7748 1
4034 1
4034 1
2201 0
8894 0
6822 1
5165 1
1052 1
2664 1
3888 0
5296 1
3044 1
4017 1
4034 1
7006 0
4034 0
2786 1
6952 0
4034 0
4695 1
1277 1
1315 1
8960 1
4034 1
3905 1
6271 0
4884 0
4034 0
4034 1
4654 1
7232 1
4034 0
8261 1
2466 0
5067 0
8037 1
3241 1
5834 1
7683 1
7500 0
4034 0
6788 1
7176 1
2994 0
4034 0
4034 1
2308 0
4034 1
3281 0
4034 0
6387 0
1239 0
5961 1
6248 0
6081 0
4034 0
4034 0
4034 1
5600 1
2581 1
2067 1
8979 0
4034 0
7588 1
9517 0
6539 0
8563 0
2759 1
4842 0
4034 1
7101 0
5521 1
4034 0
9052 0
3992 1
4034 1
6365 0
4034 0
5052 1
9671 1
4034 0
1765 0
4034 0
4034 1
6320 1
5372 1
8364 0
8225 0
4625 0
4034 0
6875 0
4342 0
6329 0
4034 0
4034 1
3339 1
3710 0
6212 0
9310 0
8774 1
2806 0
6033 0
9376 1
3057 1
4034 1
6189 1
3014 0
4212 0
1127 1
4034 1
1938 0
3744 0
6129 1
4034 1
8984 1
2020 0
4034 1
5034 1
5323 0
4034 1
2683 1
1058 1
3965 1
7452 0
4034 1
4914 1
4483 1
1939 0
3325 1
5001 1
3178 0
6167 0
4034 0
3969 1
7774 1
2363 1
4034 0
4034 1
4632 0
2417 1
4034 1
4034 0
1706 0
4034 1
7932 1
1901 0
4034 1
1606 0
1034 0
6593 1
1443 0
4970 1
3499 1
4034 1
2204 1
4034 0
6898 0
9342 1
7300 0
7334 0
4034 1
9674 0
4034 1
2351 0
4034 0
4034 1
4034 1
4034 0
2691 1
3990 1
1107 0
4025 0
8006 0
5032 0
5522 1
7602 1
3958 1
7871 1
5625 0
7120 0
8385 1
4162 1
8482 1
6903 1
4034 1
1567 1
3547 1
4034 0
2235 1
6860 0
1333 0
8718 0
9233 1
4034 1
4502 0
4986 0
5553 1
4034 0
4034 0
4034 1
4034 0
4034 0
4034 1
1676 1
4034 0
4034 1
3057 0
3911 0
7897 0
4034 0
4268 1
1137 1
4034 1
8841 1
2784 1
1506 1
4034 0
4034 0
9012 1
5706 0
8393 0
1914 1
1872 0
4034 0
6350 1
9083 0
9845 0
4034 0
3612 0
8976 1
4034 1
4316 0
4034 0
2319 1
3727 1
7080 1
4034 1
2854 0
9846 1
4034 1
1394 1
7258 1
1360 1
5112 1
3784 0
3863 0
7296 1
5695 0
4034 1
2114 0
7811 0
4034 0
4034 0
1721 0
7726 0
5073 0
7339 0
1328 0
3390 1
4658 0
4034 0
1554 0
5118 0
5940 0
4034 0
6598 0
8023 1
4034 1
7812 1
3957 1
4034 0
8664 1
4034 1
3208 0
4418 1
5607 1
8793 1
1246 1
1506 0
5670 1
8627 1
8960 0
4029 0
4034 0
4034 1
4719 0
9326 0
5471 1
4034 1
6259 1
4802 0
7597 1
5335 1
1738 0
4034 1
9728 0
1799 0
1125 0
5596 0
7665 0
7593 1
4034 1
1525 0
4034 1
4783 1
4034 1
1795 0
3518 1
9372 1
1566 1
7081 1
6207 0
9136 1
9661 1
2874 1
3178 0
9396 1
9839 1
4034 0
1125 1
7995 1
3530 1
5658 0
7329 0
4034 0
4535 0
6713 0
4034 1
5621 0
4034 0
4556 1
4034 0
2931 1
4034 0
4034 0
1831 1
6140 0
4034 1
2835 0
8048 1
1021 0
7199 0
1855 0
3505 1
7686 1
4876 1
8396 1
7332 1
7374 1
7436 1
7227 0
8974 0
5278 1
4655 0
1058 0
8998 1
2417 1
4680 1
6618 1
8648 1
4034 1
4034 0
1714 0
3344 1
7000 0
7058 0
3408 1
4034 1
4034 0
9627 0
7704 1
3217 1
2309 0
4034 0
3495 0
9684 0
7184 1
4034 1
9094 1
2722 1
8702 0
6406 1
8624 1
4034 1
4480 1
4327 0
4012 0
7548 1
4034 1
1950 0
3672 1
4034 0
1874 1
3456 1
6800 0
1281 0
4608 0
4034 0
4034 1
4034 0
8997 1
6939 1
4529 1
4034 0
4034 1
2064 0
7864 1
5497 1
9106 1
1430 1
4034 1
4752 0
4034 1
4034 1
6121 1
4034 1
7457 1
8064 0
6065 1
4474 0
5377 1
5876 1
4034 0
6621 0
1861 0
4334 1
1477 0
4034 0
7064 1
4034 1
6753 1
5340 0
1710 0
4034 0
8370 1
7597 0
2123 0
4034 0
4034 0
6126 1
5501 1
1955 1
1741 1
2844 1
7057 0
5427 1
9376 0
1499 0
4165 0
5831 1
4034 1
4034 1
4034 0
4034 0
3486 0
7269 1
7435 0
6957 0
9343 1
6279 0
4596 1
8039 1
4034 1
4034 0
3193 1
3031 1
9300 0
4088 0
4034 1
4034 0
4034 1
3019 1
6615 0
2006 1
5342 0
3281 1
4034 0
4034 0
6488 0
9576 1
6973 1
3713 1
3085 0
8700 1
4034 1
3445 1
3603 0
1099 1
3131 0
4034 0
2464 1
5790 0
5855 1
4034 0
4034 1
9703 0
4034 1
8805 0
4034 1
1360 0
3491 1
8853 1
5836 0
4777 1
3692 1
5784 1
5487 1
8337 0
6241 1
9708 1
3223 0
7626 0
4494 0
3503 1
7368 0
9174 0
2324 0
4527 1
2886 0
4034 1
4034 1
4980 0
2606 0
3452 0
5956 0
4034 0
2577 0
4034 1
8482 0
7937 0
4034 1
4034 0
6868 1
5614 0
4034 0
1781 0
4089 0
3765 0
4034 0
4204 1
8910 1
5926 1
5327 1
4034 1
9658 1
5339 1
3472 1
6561 0
4034 0
3176 0
6380 1
2643 0
4034 1
4034 0
4034 1
1443 0
4604 1
4034 1
2920 1
8481 1
7808 1
6102 1
9892 0
4878 0
4034 0
4704 0
2500 0
6104 1
7362 0
4034 1
2489 0
6649 1
4034 0
4034 0
4034 0
3874 0
9581 1
1039 0
9683 1
2946 1
4534 1
4034 1
4034 0
2522 0
4274 0
3270 1
3496 1
4034 1
7383 0
4294 1
3662 1
9391 0
4034 0
1609 0
4034 1
4034 0
9835 1
1406 1
4257 0
2468 1
6271 0
5657 0
1715 1
3803 1
4034 0
4034 0
3696 0
4034 1
4034 1
3005 1
8163 0
5409 1
3301 0
3855 1
3800 1
3478 1
7306 0
1002 0
9886 0
1175 0
4722 1
9737 0
8375 1
6375 0
5089 1
6607 1
3594 1
9828 1
7418 1
5096 1
4034 1
8781 0
1896 1
3663 0
1934 0
9357 1
1258 0
4034 1
5360 0
9131 0
4227 1
8317 0
4034 1
4200 0
4034 0
9689 0
8668 1
4034 1
2306 1
3462 0
4034 1
7898 0
9403 1
7606 1
8595 0
1747 0
7789 0
4034 1
9164 0
4034 1
4034 0
3704 0
4034 1
6778 1
4034 1
9050 0
4034 0
9415 1
4034 1
9328 0
4034 1
6056 1
8260 1
8316 0
8003 1
4034 1
5707 0
4034 0
9526 0
5271 1
7806 1
6798 1
2854 0
7467 0
5783 0
1139 1
2744 0
3830 0
6648 0
4034 1
4034 1
4034 0
5209 0
6497 0
4034 0
2736 1
5192 1
4034 1
9700 0
4034 0
7390 0
9550 1
2110 0
6101 1
3167 0
1791 0
3528 0
5072 1
7810 1
5570 1
4034 0
5734 1
4034 1
4510 1
9611 1
4034 0
3180 1
7029 1
4034 1
8781 1
4034 1
1958 0
3838 0
8458 0
4868 0
4034 0
6043 0
9924 0
6938 1
4034 0
4034 0
4034 1
9941 0
4034 1
9226 1
4034 0
4479 1
4719 1
4034 0
6369 0
3328 1
6440 1
4034 0
1585 0
4034 0
4034 0
1822 1
5859 1
7412 0
4034 1
4282 0
1320 0
1649 0
7413 0
4034 0
4200 1
5796 1
6619 0
2478 1
4034 0
4034 0
4073 0
7815 0
2238 0
2100 1
2741 1
3293 0
8090 1
4034 1
4107 1
3571 1
6555 0
3821 1
1407 1
4034 1
4088 0
3181 0
2827 0
9917 0
1978 0
4517 1
4034 0
1715 0
1888 1
8647 1
1995 0
4034 1
4034 1
4135 0
8173 1
4034 1
5472 0
4034 1
4034 0
4034 1
4034 0
5016 1
4675 1
6099 1
7947 0
8434 1
4034 1
4034 0
4700 0
4512 0
3975 0
3003 0
4034 1
8931 0
3580 0
4034 1
8790 0
4034 1
4034 1
2413 0
4937 0
2647 1
4118 0
8154 1
4034 0
4034 1
4520 1
8150 0
3322 0
6682 0
8095 0
9385 0
8384 1
2502 0
4034 1
3421 1
1424 1
8925 0
3223 0
9754 0
4034 0
3347 0
2732 0
1117 0
4034 1
4034 1
4034 1
4654 0
8983 1
7423 1
7766 0
4034 0
4034 0
4632 0
6364 1
3833 1
4034 1
5961 1
7699 1
4034 1
3763 0
2226 0
4034 1
5908 1
6443 1
4034 0
4034 1
9725 0
8882 1
4020 1
2811 1
9586 0
2136 1
7804 0
4034 0
6691 1
7787 1
6440 1
9446 0
1469 1
6866 0
4034 1
5478 0
3966 1
1770 1
4482 0
9990 1
3279 0
3198 1
4034 1
4034 0
9017 0
4909 0
6740 0
9706 1
7829 0
4034 1
9618 1
2399 1
9621 1
7290 0
2780 0
1488 1
4034 0
4034 0
4034 1
9247 1
5095 1
8682 1
4034 0
2013 0
4034 1
4034 0
4817 0
4034 0
9567 0
8867 0
5903 0
3964 0
4001 1
4034 0
7348 0
9203 0
4034 1
4034 1
4034 0
9080 1
8500 0
3092 1
1563 0
5445 1
4402 1
6087 0
4034 0
8135 0
4034 1
7876 0
4309 1
4034 1
9230 0
4423 1
8932 0
1090 0
3312 1
1300 0
5787 0
9443 0
7773 0
4034 0
4034 1
5854 1
6629 0
5561 0
4034 1
9696 1
3257 1
4034 0
4160 0
9271 1
2251 1
7875 1
1081 0
4062 1
8623 1
7978 0
9645 0
4034 0
2832 1
8830 1
7320 0
4034 1
2715 0
2796 1
3210 0
8185 1
6163 1
4034 0
1452 1
9636 0
5818 0
3138 0
4034 0
5215 0
4364 1
4034 0
2555 0
6369 1
4034 1
4034 0
1561 1
2053 1
9167 1
8874 1
4620 0
9831 0
1364 1
2919 1
4034 0
4034 1
2656 1
3217 0
1623 0
9790 1
6016 0
9636 0
6820 1
7184 0
6455 1
2096 1
4034 1
7247 0
2368 1
2360 0
8531 1
5381 0
6125 0
5128 1
5316 0
1449 0
8803 0
6165 0
3096 0
3299 0
9644 1
4034 1
4063 1
9827 1
4034 0
2248 1
2698 1
7853 1
1370 1
4034 0
6271 1
5924 1
4034 0
2094 1
6546 0
4034 0
5103 0
3256 0
5019 1
2908 1
7281 0
3552 1
8476 1
8916 0
3420 0
4034 0
5338 1
9064 1
5489 0
3470 1
8174 1
6344 0
3983 1
9736 1
2312 1
4771 1
1397 1
4775 1
7762 0
3119 1
9385 1
3932 1
4034 1
5693 0
4898 0
6769 1
4148 1
4034 1
8347 1
4034 1
3781 1
6048 0
2573 1
4034 1
8707 1
3094 1
7793 1
4034 0
7356 0
1977 1
4034 1
7797 0
7920 0
4034 1
4034 1
3625 0
5304 1
5586 0
4034 1
4336 0
8876 1
5412 1
4034 1
1875 1
5941 1
4034 1
7230 1
3359 1
4034 0
9718 1
5356 1
7351 0
4034 0
4034 0
3393 1
2436 0
3727 0
5166 1
4034 1
7407 1
6209 1
4034 1
9071 0
2587 1
4219 1
3964 0
4034 0
2832 0
4465 0
2361 0
4034 0
3969 1
2049 1
7472 1
6412 0
9631 1
4034 0
9648 0
2480 0
3297 1
4658 1
9779 0
4034 0
8193 1
5666 1
4034 0
7966 1
3186 1
4034 0
7448 1
6434 0
7065 1
1241 0
1033 0
8227 0
1245 1
2323 0
9384 1
4746 0
4034 0
4034 1
2694 1
4034 1
3234 0
4034 1
5839 0
2899 1
4408 0
6884 0
9424 1
8236 1
4496 0
3542 0
8653 0
4034 0
1160 0
8298 1
4833 1
6533 0
6069 1
1923 1
5984 0
3569 0
3993 0
8583 1
9446 1
3500 1
4034 1
4034 1
7553 1
4034 1
4034 1
1445 1
9470 0
6312 0
4034 1
8380 0
4034 0
7847 1
1071 0
4270 1
5681 1
1925 0
4034 1
4707 1
4034 0
7452 1
9773 1
4034 1
9979 0
4034 1
7733 1
9088 1
9263 1
7631 0
5507 1
1347 1
5151 0
2276 1
4034 1
2335 1
3341 0
4034 0
6604 1
5867 1
9851 1
2710 0
4034 1
1713 0
4281 0
5637 1
4324 0
4017 0
6762 1
6861 0
6538 0
3617 1
8157 0
4034 1
2704 1
4034 0
6533 1
9858 1
3875 1
6989 0
4034 1
3875 1
9900 1
4034 0
4034 0
4034 1
9541 0
4433 1
4034 1
4034 0
7335 1
4034 0
4368 1
4259 0
8010 0
7678 0
6897 1
4034 1
9637 1
5256 1
4492 1
8179 1
1963 0
7800 0
4034 0
9906 1
4034 1
8123 0
6763 1
4034 0
9368 0
4034 0
4034 1
4383 0
4034 1
4034 0
5626 0
4034 0
2545 0
2678 1
4034 1
3029 1
8647 1
1583 0
4034 1
1019 1
4034 0
4034 0
7410 0
3470 1
4550 1
3753 1
6072 0
4034 1
4034 1
2135 1
6742 1
8106 1
4034 0
9574 0
8860 1
7043 1
4034 1
5720 1
3920 1
4472 1
4034 0
7243 0
9177 0
4034 1
8727 0
5195 0
4388 0
3936 1
8656 0
8929 0
9753 1
4034 1
9567 0
8744 0
8925 1
6033 0
2002 0
1366 1
1339 0
3383 1
4034 1
7033 0
2395 0
5459 1
7979 0
4550 1
7824 1
5924 1
9580 0
4034 0
3375 1
4247 0
4034 1
4883 1
9342 0
7322 1
8224 0
4034 1
3199 1
5500 1
5492 1
5219 1
5818 1
2110 1
8257 0
4034 0
3778 1
8354 1
4403 1
4034 1
6388 0
4034 0
6679 1
6420 0
4034 0
4034 1
4034 1
4034 0
2246 0
8615 0
9952 0
1840 1
4034 0
2589 0
5620 1
4034 0
4685 1
6398 1
4310 1
4034 0
7339 1
9557 1
1472 1
9669 1
2258 1
4230 1
4034 0
4034 1
4770 1
4034 1
8739 1
8356 0
7678 1
6403 0
9966 1
4034 0
1900 1
3871 1
5727 0
6849 0
2226 0
1968 0
8048 0
4686 0
8148 1
4927 1
6668 1
5287 0
2880 0
4435 1
2759 0
4034 0
4034 1
6712 1
1398 1
4034 0
4034 1
5918 0
3235 0
4034 0
7365 0
1800 1
9911 1
4034 1
2545 1
7540 0
4034 0
9531 0
6708 0
9554 0
7686 0
2403 0
9556 1
9467 1
2905 0
9640 0
4034 0
2812 0
4034 0
2288 1
4034 0
1711 1
8957 0
1204 0
4034 1
4034 1
2917 0
2557 0
6327 1
2179 1
7236 0
4034 0
4034 1
5185 0
8822 1
5662 0
4034 0
9702 1
8927 0
4034 0
8709 1
2179 0
3289 1
5241 0
9427 1
8249 0
4034 1
4034 1
3008 1
5691 0
3863 0
8925 1
4034 0
4034 1
4034 1
3309 1
3010 0
9092 0
6193 1
4034 1
9857 0
4034 1
4034 0
9385 1
4193 1
3938 1
4034 0
4034 1
7718 1
4034 1
4034 0
4034 1
4909 0
4034 1
3575 1
7544 0
1601 1
1341 1
3965 0
6477 0
4034 0
4034 1
8767 1
4133 0
4034 1
9402 1
2639 1
9422 1
5687 0
7000 1
4034 0
6260 0
5933 1
4700 0
5185 0
4599 1
4034 0
4034 1
7306 1
4034 1
1436 1
2230 0
3204 0
4629 1
6645 1
3322 1
4468 0
4034 0
4034 0
2685 0
5294 1
3082 1
4312 1
3869 1
4034 0
1003 1
7417 0
4204 0
4092 0
2184 1
3935 0
1340 0
7639 0
6532 1
3280 1
6519 0
4597 0
8053 0
8836 0
6184 0
4034 1
7279 0
4034 1
9339 1
5872 0
5504 0
4034 1
4034 1
4034 0
4034 1
4034 1
4360 0
9137 0
1496 1
9548 1
4034 0
3772 0
1558 0
9490 1
1063 1
4034 1
8756 0
9469 0
8606 1
4034 0
4034 1
8691 1
9046 1
1547 0
3014 0
3269 0
7553 1
3662 0
9483 0
5441 1
1895 0
6898 1
8141 1
4034 0
2018 1
4034 1
9478 1
4383 0
4397 0
3880 1
8321 0
4034 1
2749 1
4034 0
5011 1
9206 1
6414 0
3244 1
6628 0
1025 0
1258 1
5931 0
2500 0
8672 0
3985 0
3498 0
4034 1
9364 0
5764 1
6082 0
4034 0
4034 0
4912 0
2351 0
4034 0
3927 0
3141 0
4209 0
8043 1
5122 1
5181 1
5266 1
2960 1
5586 1
4417 0
4567 1
5055 0
4034 1
9739 0
4034 0
6819 1
8352 0
3618 1
4034 1
8178 1
2496 0
9002 0
7088 1
4044 0
3783 0
3021 0
3874 1
2424 0
6946 0
4034 1
8073 1
3712 0
2918 1
6179 1
2185 1
8105 0
4034 0
4034 1
9807 1
4728 1
4034 0
8357 1
7018 1
4034 1
6695 0
1740 1
3868 0
5774 1
1631 0
4034 0
4654 0
3198 0
1555 1
4925 1
8606 0
1742 1
8025 0
9592 1
8463 0
2217 1
3926 1
7889 1
2523 0
3014 1
5938 1
4034 1
3475 0
2081 0
1553 0
3577 1
5994 0
3065 1
2334 0
8510 0
4034 1
4034 0
9516 1
9343 1
1424 1
4034 1
3358 1
4034 0
8270 1
5045 0
2323 1
4034 0
9479 0
3502 0
1677 1
4679 1
6804 1
9162 0
1322 1
1564 0
1424 0
2425 0
7639 1
6650 1
5073 1
2527 0
5564 0
9147 0
5223 1
4034 1
4412 0
2422 1
9300 0
6658 1
4034 1
4034 1
9546 0
3664 0
2954 0
8325 1
8733 0
4034 1
4034 1
4034 0
1220 0
6878 0
4452 0
8914 1
3297 1
8757 1
6455 0
5714 1
1802 1
9439 1
4106 1
4034 1
4034 0
4034 0
7150 0
4034 0
4034 1
6309 0
2764 1
7478 0
4034 0
3374 1
4034 0
3506 1
5394 1
4382 0
4034 0
2344 0
9383 1
8269 1
1264 1
9848 1
3223 0
7079 0
1524 1
9730 0
3084 0
1227 1
8460 0
4034 0
4349 1
8793 1
4034 0
1927 1
5358 1
3235 0
2965 0
4034 1
1638 0
4034 0
1102 0
2342 0
1197 1
8901 1
4034 0
3809 1
6360 0
8239 1
4034 1
4034 1
9769 1
9858 1
3989 1
4034 0
5023 0
4034 0
6245 1
4034 0
2688 0
4034 1
7888 0
8221 1
9390 1
4034 1
3758 1
1434 0
8761 0
4034 1
1961 1
9336 0
6788 1
2028 0
4034 1
5902 1
5671 0
5781 1
4034 1
2830 0
4034 1
4034 1
4034 1
9100 1
4034 0
1887 0
6879 1
2781 0
4804 1
9585 0
3153 0
4481 0
4034 1
2685 1
4034 1
4034 1
9255 0
5728 1
4034 1
4034 0
4034 1
6762 0
2753 1
4034 1
8186 1
8091 0
6480 0
4034 1
4034 1
6342 0
4034 0
9380 1
7157 0
8224 0
5091 0
5440 0
9231 0
7678 0
4034 0
1040 0
3734 0
9945 1
6532 0
4034 0
9200 1
4034 1
3298 0
7736 1
1058 1
8402 0
8442 0
8528 0
8473 1
5005 1
9070 0
4461 1
2002 1
8880 1
4034 0
5989 0
4629 1
9787 0
4034 1
5741 0
9747 1
6169 0
4034 0
6301 0
4034 0
3934 0
8477 1
4034 1
9047 0
4034 0
6448 1
4034 0
4034 1
5931 0
9691 0
5992 0
3622 1
9544 1
8807 1
4034 0
7658 1
2441 1
4613 1
1236 1
3028 1
4034 0
7924 0
4034 0
4034 1
9619 0
3914 0
6256 1
4299 0
4034 1
8342 1
7045 1
1799 1
3357 0
7521 0
2929 1
8705 1
4034 0
6049 1
9348 1
5241 0
3740 1
7129 0
3451 1
4049 0
5193 0
7484 0
3377 1
4629 0
5028 0
6459 1
3585 1
4034 0
4980 0
4034 1
1081 0
2626 0
4034 1
4034 0
4034 1
3469 1
4034 1
6023 1
4034 1
8716 1
5945 0
4034 1
7893 0
9260 0
4756 1
4034 0
4034 1
5105 1
2603 0
2912 1
8454 1
4034 0
4034 0
4034 1
2133 1
1393 1
2502 1
1998 1
4034 0
4034 1
3699 1
4034 1
2894 1
6210 1
4156 1
9540 1
9847 0
8965 0
4034 0
3139 0
4235 1
4034 1
4034 0
9275 0
4034 0
2541 0
8007 0
5606 0
4034 0
5262 1
3974 0
8430 1
7879 1
4034 1
4059 0
9727 1
8620 1
4034 1
7794 1
4090 0
8352 1
2326 1
7108 0
2339 0
9519 1
4034 1
8771 0
7392 1
7723 1
3661 0
8549 1
4034 0
8374 1
5483 1
4174 1
4034 1
3937 1
2708 1
6452 1
4034 0
4034 1
2662 0
7999 0
4034 0
4293 0
9292 1
4034 0
9734 1
4034 1
2641 0
4034 1
8560 1
3825 0
4034 0
4034 1
6520 1
7165 1
6458 0
4034 0
4034 0
5472 1
4034 1
9485 1
5397 0
8223 1
7657 1
8691 0
1757 1
9336 1
7604 1
5606 0
6713 1
8573 0
1042 1
1556 0
5427 1
8005 1
8588 0
5613 0
1183 1
3940 1
8522 1
1218 0
8176 0
3667 0
7501 1
5227 0
2364 1
5079 0
7182 1
4112 0
4162 0
4034 0
2410 1
4314 0
6774 0
4034 0
3995 0
2711 1
6791 0
1325 1
1789 1
4034 1
6268 1
4034 0
3315 0
7230 0
5998 0
4034 1
9725 0
9508 1
4034 0
4034 0
3313 1
7265 1
9134 0
6867 1
3349 1
5682 1
4034 1
4034 1
4034 1
6729 0
2199 1
2370 0
1909 1
9364 0
9201 1
7382 0
4034 1
7743 1
4034 0
4034 0
9874 1
8832 0
4202 0
8593 1
4034 0
6458 1
4034 0
5814 0
9200 1
3073 1
4826 0
2052 1
4034 0
3582 0
4034 1
2924 0
4034 1
1947 0
6817 0
4743 0
4034 1
4034 0
1502 0
8906 1
6142 1
3932 0
9315 0
4055 1
5003 1
4034 0
5477 0
4034 1
5100 1
5602 1
4034 0
9773 0
7493 0
5520 0
4027 1
5824 0
6876 1
8705 1
4034 1
8648 0
1603 0
8815 1
3170 1
4034 0
5560 0
4034 1
4034 0
4034 0
4034 0
2527 0
3427 1
4034 0
8102 1
4524 0
4034 1
4034 0
4034 1
5320 1
7612 1
5728 0
9720 1
4034 0
4034 0
5132 0
9586 1
4034 0
8365 0
2685 0
4047 0
9741 0
7890 0
8795 1
2228 1
4440 1
4034 0
1546 1
4657 0
7487 0
4034 1
5135 1
4034 1
8566 1
4034 0
3195 1
3993 1
1278 1
4676 1
5714 0
5118 1
6206 0
7694 0
2571 0
4034 0
4034 0
7596 0
4034 1
2387 1
3754 1
6224 1
8371 1
2432 0
5526 0
4034 1
3240 1
4992 0
2588 0
3177 1
7748 1
6995 0
8309 0
7388 0
9026 0
8358 0
4034 1
4046 1
5320 0
2358 1
4034 1
4034 1
5114 0
4034 0
5757 1
8497 0
4034 1
9435 1
6048 1
4034 1
7324 1
4034 0
4697 1
7702 1
7702 1
3364 0
8062 1
4034 0
4034 0
8185 0
6816 0
3234 0
8026 0
9075 1
4129 0
1832 1
4034 0
9111 0
6691 0
4034 1
4437 1
4034 0
9397 0
6808 0
7514 0
5076 1
4034 1
6254 1
9500 0
9755 0
6007 1
4034 1
4060 1
3457 1
4034 0
3543 0
9494 0
4718 1
7324 1
6824 1
3932 1
8939 1
5736 0
9139 0
3382 0
1844 0
9951 0
3834 0
2325 1
4034 1
7266 0
8609 0
5980 1
5760 1
9547 0
1941 1
5879 0
9311 0
4814 0
4034 1
4034 1
4034 0
1580 0
5807 0
3122 1
8577 0
4034 1
8811 0
6236 1
4034 0
3558 0
9199 1
8196 1
6128 1
8287 0
4034 1
7907 1
9659 0
4034 1
4373 1
4034 0
3113 0
4034 0
4034 1
6776 0
2904 0
1191 0
4034 0
6619 1
3630 1
8453 0
4034 0
4034 0
2925 0
5899 0
7907 0
5205 0
1585 1
6649 0
9620 1
4034 0
8219 0
5087 0
6721 0
4034 1
4034 1
4829 0
4034 1
4034 1
5561 0
2210 0
4034 0
4034 1
4034 1
4034 0
1655 1
4728 1
2463 0
4034 1
2835 0
4034 1
1959 0
5301 0
4034 1
4034 0
8548 1
9685 1
5742 0
4877 1
8333 1
3971 0
4034 1
4573 0
9667 1
4267 1
9787 1
4034 0
8829 1
4571 1
8448 0
4134 1
4034 1
1541 0
2466 1
8485 0
4034 0
4264 1
3408 1
2237 0
4034 0
2925 0
3823 0
1148 1
8041 0
6859 1
5345 1
4034 1
1296 1
4034 0
3977 1
1045 1
4034 1
8934 0
4034 1
8059 0
3475 0
4066 0
4034 0
4034 1
9408 0
3112 1
4405 0
7858 0
9271 0
5427 1
9839 1
3314 0
3733 0
2585 0
5250 0
1863 0
5157 1
2144 1
4807 0
9616 0
2423 1
1918 1
8664 0
9006 1
9042 1
2112 0
9839 1
4034 0
4034 1
9271 1
6239 1
7662 0
8581 0
4597 0
4034 0
9783 0
3406 0
4034 1
9935 1
5399 0
4034 0
8396 1
7039 0
9617 1
5570 0
8122 0
4034 1
4034 1
9870 1
4034 1
9821 0
4034 1
5355 0
2616 1
3892 1
3749 0
4556 0
7966 0
4034 1
2363 1
9911 1
4034 0
5525 1
7232 1
6200 1
9093 0
2842 0
6398 1
1717 1
8444 1
3393 1
4034 0
9468 0
2505 0
3229 0
6440 1
4034 0
4034 0
5971 1
3382 0
1844 0
1670 1
7758 0
7227 0
6084 0
8313 0
4753 0
1825 0
1340 1
4034 1
8286 0
6600 1
4034 0
4034 0
7905 1
9825 0
4659 1
3960 1
9469 0
8732 0
4034 1
4034 0
5498 0
4034 1
4034 0
4034 0
6069 0
4034 0
2266 1
4923 1
5604 0
2313 1
1078 0
6928 1
9060 1
2848 1
9346 1
8838 1
2704 0
4610 1
4034 0
4034 1
8401 0
5831 0
4034 1
1390 1
4092 1
4034 1
8998 0
4034 1
4613 1
8223 1
2235 1
4034 1
4034 0
9952 0
9063 0
7235 1
4606 1
1324 1
3233 1
6846 0
2421 1
1008 0
4034 1
4598 1
6739 0
5565 1
2820 0
4034 1
8916 1
2149 0
7995 0
4034 0
1576 1
4034 0
8931 0
1266 1
4034 1
6379 0
5843 0
2269 1
8199 0
8353 0
4190 0
4766 1
6482 0
9148 0
4034 0
4109 0
6111 1
4034 0
1153 1
4034 0
8277 0
6280 0
1922 0
7816 0
3641 0
6085 0
6546 1
4034 0
9984 0
1138 1
5842 0
4034 0
4034 0
4034 0
8218 1
3066 1
4034 1
9165 1
5712 0
7370 0
5734 1
5611 0
5013 0
4034 1
2504 1
7075 1
9141 0
8908 0
1226 0
1322 1
9569 0
1126 1
1419 0
4034 1
4034 1
4034 1
7652 0
9662 1
4034 0
6888 1
4034 1
4926 0
4034 1
4034 0
3789 0
7829 0
4034 0
4034 1
6009 1
6283 1
4034 1
2134 1
5738 0
9665 0
4160 0
5134 1
4034 1
3403 0
2275 1
4636 0
9919 1
2026 0
4034 1
2382 0
4034 1
5930 0
2984 0
4034 0
7021 1
3952 0
6306 0
3003 1
1161 1
6805 1
4034 1
4600 1
9530 1
4034 0
2801 1
8822 0
9127 1
4034 1
7777 1
3415 0
4034 1
5013 0
3222 0
5026 1
4034 0
6982 1
5101 0
5791 1
9299 0
4429 1
6844 1
5586 0
4034 0
9735 0
4034 1
1377 1
7359 1
8812 1
4603 0
4034 1
4034 0
4034 0
4034 0
4315 0
1828 0
1563 1
2676 0
9707 1
6458 1
9751 1
4417 0
4034 0
8708 0
6589 1
6407 1
2190 0
1619 0
5555 0
4034 1
4034 1
4034 0
4407 1
4034 1
4034 0
7036 0
4034 1
7202 1
8184 1
7081 0
5006 1
2638 0
3081 0
4034 0
4034 1
4034 1
5446 1
4034 0
4965 1
1350 0
5277 0
4034 1
1082 1
9072 1
2154 0
4430 0
5022 1
4034 0
9664 0
4630 1
4980 0
9258 0
9081 1
6358 1
4034 0
2514 0
4034 0
4034 1
5041 1
6756 0
4034 1
4034 1
6272 1
2882 1
8316 1
4034 0
4034 0
9478 0
4034 0
8352 1
4034 0
3462 0
8382 1
2374 1
2003 1
7517 0
5324 0
4034 0
6687 0
8855 1
4560 0
4306 1
4512 0
9445 1
7241 1
8324 1
2252 1
4608 1
4105 0
4034 1
5797 1
1406 1
4034 1
5108 0
1905 1
8146 0
4034 0
4038 0
5936 1
7790 0
4034 1
1382 0
4034 0
4766 0
3904 0
8666 0
6130 0
4034 0
4399 1
1046 1
4034 0
4034 1
4034 1
5563 1
3235 0
7856 0
4936 0
4034 0
4458 1
9756 0
6445 1
8071 0
7487 1
5982 1
4034 1
3976 1
1832 1
5768 1
5043 1
9450 0
4868 1
7019 0
4034 1
3667 0
6001 0
8058 0
8826 0
1345 1
4034 1
4034 1
4034 1
7740 0
2780 1
4034 0
4376 0
3608 1
7200 0
1791 0
4034 1
7969 0
6092 0
5864 1
9957 1
4034 1
9825 1
4034 1
2195 1
4034 0
5565 0
7993 0
6948 0
4552 0
7494 1
3578 0
5670 1
2847 0
4034 0
6359 0
8293 0
9026 1
4034 0
7513 0
8417 1
5911 0
4034 1
1786 0
3142 1
7306 0
1017 0
8310 0
4688 1
5775 0
9539 1
4034 0
7067 0
5557 0
4034 1
6314 0
9972 0
9989 0
4034 0
4034 0
4034 1
4034 1
3847 1
4034 1
8922 0
2308 1
4034 1
4034 0
8533 1
4034 1
5461 0
4034 1
4034 0
6404 0
3749 1
4034 0
4034 0
4034 0
4034 1
8524 0
7922 1
6719 1
8999 1
8907 0
7401 0
6003 0
2156 0
4960 0
6186 0
1392 1
4034 1
7494 0
3687 1
4034 0
4034 1
8198 0
1075 1
3054 1
1839 1
4034 1
9691 1
7194 0
6323 0
4820 1
6020 0
6127 1
3635 0
3498 0
4517 0
9496 0
4034 0
4123 0
6855 1
1785 0
8403 1
6715 1
6490 0
3710 1
7984 1
2256 0
6241 0
7268 1
2842 1
4034 1
4034 1
4034 1
4034 0
3315 0
4034 0
7175 1
4034 1
3541 0
9611 1
4694 1
9406 1
1950 0
1431 1
5712 1
5379 1
4034 1
5043 1
6554 1
4034 0
6179 1
4034 0
6662 0
4034 1
8347 1
8718 0
5635 1
6021 1
9375 0
6050 1
2619 1
5150 1
4034 0
2810 0
5546 1
1859 1
4657 1
1858 0
4034 0
3627 0
6030 1
5001 1
4034 1
1804 0
4034 1
4034 0
2535 0
4034 0
4733 1
2943 0
5223 1
3968 1
4034 1
1021 0
6524 0
4404 0
3997 1
2884 1
2785 0
4034 0
6239 0
1463 0
1783 1
9218 1
4034 1
6441 1
7197 0
4034 0
7899 1
7462 0
1758 0
6998 1
4813 1
5596 0
2166 1
8277 0
9819 1
2315 1
2172 1
1618 1
8180 0
5914 0
4034 1
3079 1
4289 1
3840 0
3878 1
4034 1
4034 1
3444 1
2014 1
5505 1
5044 1
4116 0
4034 1
4034 1
4034 1
7028 1
7258 1
8318 1
5971 1
4034 1
4034 1
4265 0
5661 0
8777 0
2324 0
8160 0
4034 0
5594 0
2988 0
4034 1
8697 1
4034 1
4183 0
1921 1
3242 0
8024 0
4034 0
4034 0
4034 0
5031 1
4034 1
7692 1
3741 0
7551 1
2977 0
3065 1
1929 0
8470 0
4170 0
1411 0
1154 0
4365 0
1720 1
5688 0
3838 0
4034 0
1669 0
4034 1
1342 0
4513 0
4034 0
4034 0
5304 1
3504 0
4034 0
3260 0
6098 0
5360 1
3288 0
6907 0
6308 1
4034 0
7776 0
3081 1
5585 1
6383 0
9378 1
7546 0
4034 0
6384 0
4034 1
4034 1
8512 1
9331 0
8933 1
5386 0
2059 0
7344 0
4034 1
6865 1
4034 1
4034 0
1499 1
6451 1
4978 0
8952 1
4807 1
8461 0
4034 0
4034 0
9372 0
4034 1
3167 1
4351 1
4034 0
3699 0
4034 0
1340 1
5147 1
4034 1
1068 1
4034 0
3924 1
2471 0
1875 1
8130 0
8188 1
3224 1
9917 1
2416 0
2377 1
5489 1
2031 1
6870 1
4876 0
6233 0
3332 0
3399 0
4034 0
3647 1
4034 1
4034 1
5342 0
4034 1
1333 0
4034 0
2272 0
4857 0
4034 1
5974 0
8726 0
4034 1
8952 0
6606 1
4034 0
9221 0
7040 0
3442 0
3063 1
4034 1
4034 0
4337 1
4034 1
4034 1
4976 0
1582 1
6683 0
5957 0
8980 1
1626 1
7130 1
4526 1
5215 1
8527 1
4034 0
6476 1
7193 0
3199 1
3827 0
3881 1
2506 1
6619 0
9502 1
8381 1
4034 0
7040 0
4359 0
4034 1
1935 1
2115 1
4034 0
4945 0
1192 1
9965 1
2306 1
2174 1
5566 1
4034 1
5205 1
3492 0
4034 1
5056 1
9001 1
9193 0
6510 0
4034 1
9077 1
4034 0
3990 1
5941 0
4128 0
6004 0
4034 0
3942 1
3395 0
4409 0
7277 1
4034 1
2105 1
2447 0
4740 0
5220 1
1224 1
7636 0
1401 1
9711 1
8180 0
4034 1
8763 0
4034 1
6515 1
4034 1
6629 0
7836 0
4034 0
5636 0
2566 1
5487 0
1065 1
6676 0
1744 1
7259 1
2219 1
4034 1
5337 1
4853 0
8991 1
4034 0
2167 1
8585 0
5261 0
4034 0
6204 1
7075 0
7224 1
4034 1
4594 0
6060 1
2741 1
1260 0
8845 0
4107 1
6465 1
6082 0
6919 0
8154 0
6545 0
4034 1
4034 1
3701 0
3962 1
9159 1
9618 0
4034 1
3109 0
4770 1
7359 1
2509 1
6777 0
1154 1
2139 0
5460 0
8597 0
7434 0
5487 0
1325 0
8648 0
7222 1
8047 1
4034 1
5006 1
4034 0
4968 0
3566 1
7352 1
9191 1
6868 0
5517 0
9091 1
7138 0
9620 0
3885 0
5599 1
4923 1
4122 1
5632 0
4034 1
6684 0
2644 0
7986 1
5190 1
3412 0
4034 1
2288 0
6211 1
4034 1
4034 1
6884 0
4034 1
3216 1
6254 0
8454 0
6135 1
4034 1
4034 1
6172 1
8735 0
5420 0
4089 0
9729 0
2945 1
4034 1
2829 1
3077 0
5737 0
8540 0
9481 1
4034 1
4034 0
4513 1
1492 0
6546 1
9670 1
2500 0
4577 1
9314 1
4034 0
5441 1
4034 0
4034 0
6573 0
4034 0
4986 0
4034 0
3843 1
2695 1
6272 0
2938 1
7144 0
8183 0
6751 1
3324 1
6910 1
1488 0
4034 1
9673 1
5374 0
7149 0
4034 0
4296 1
2479 1
8230 0
7906 1
2168 1
4034 1
6304 0
4034 1
3010 0
9872 1
4034 0
9520 0
4034 0
6686 0
5194 1
5252 1
4485 0
4034 0
4034 1
7458 1
4034 0
3072 1
9096 0
6768 1
4034 1
6838 0
2699 1
6067 0
4891 1
4034 1
4034 0
9623 0
6592 0
9042 0
4660 0
4034 1
9787 1
6680 1
4034 0
5631 0
8898 1
4034 0
7286 1
8981 1
4034 0
4034 1
7812 1
1049 1
6477 0
4604 1
4034 0
4034 1
4510 0
8700 1
9865 1
7622 0
4422 1
2235 0
8636 1
2465 0
6069 1
1219 1
7158 1
7554 1
2587 0
2954 0
6717 1
5359 0
7024 0
5147 0
6465 1
6155 1
1378 1
5343 1
5145 1
5263 1
8981 1
4034 0
4640 0
2989 1
2803 0
7686 0
7493 1
4034 1
9763 0
2261 1
6524 1
2858 0
5048 0
9500 1
4034 1
6191 1
1230 1
4034 1
9408 0
9172 1
7785 0
4034 1
1223 1
1630 0
4034 1
4034 1
7246 1
8865 1
9789 1
4827 1
3547 1
9376 0
5177 0
5400 1
3382 1
5411 0
1829 0
3439 1
5278 0
2193 0
4034 1
4344 1
1856 0
6382 1
4428 1
4034 1
7520 1
5701 1
8140 1
3419 1
4034 0
2053 1
5397 1
4034 1
8486 0
4034 1
4034 1
3513 0
3701 1
4928 0
8709 0
3185 0
3830 1
7897 0
8409 0
4247 0
2460 0
6486 1
8031 0
5278 1
9666 0
7472 1
6243 0
5270 1
3213 0
9352 1
4608 0
5439 0
1026 1
7669 0
5124 0
5767 0
4034 0
4034 0
1286 1
3499 1
9204 1
1164 1
5603 1
2981 0
7002 0
4034 0
4034 1
1541 0
4034 1
4034 1
9290 0
5509 1
3050 1
9725 0
4020 1
1967 1
1491 1
4034 0
6077 1
4765 0
2897 1
2603 1
1456 0
8399 0
4868 0
1303 1
4034 0
1372 1
6336 0
4034 1
2717 1
1966 0
4034 0
3501 0
4965 0
3506 0
4034 1
6253 0
8943 0
1818 0
8770 1
4034 1
4034 1
1728 0
4034 1
9106 1
4034 0
4578 0
5998 1
4034 0
4034 1
5827 1
9420 1
5992 1
5454 1
2708 1
5111 1
6184 0
7114 0
3112 0
9410 0
2028 1
8006 1
2185 0
2228 0
2999 0
2370 1
4005 1
1244 0
9001 0
9235 1
7240 1
6482 0
4034 0
7630 1
6842 1
1410 0
3794 1
2361 1
4395 0
8542 1
3099 1
5036 0
4034 0
4034 0
4155 0
4034 1
4881 0
4034 1
2053 0
7212 1
2417 1
7328 1
4034 1
4034 0
5460 1
1593 1
4315 1
9488 0
2004 1
4034 1
3672 0
1039 1
4034 0
7219 0
8631 0
4092 1
4034 1
4034 1
4034 1
4034 0
4034 0
9509 1
3817 1
4034 1
4675 1
3747 0
2932 0
6474 0
4034 1
7144 0
9260 0
7916 1
4034 1
6423 0
5707 0
6735 1
6834 0
8766 0
2592 0
7195 1
5964 0
9284 1
4655 0
1833 1
6138 0
4034 1
4909 0
1005 1
4935 1
4034 1
4034 1
8842 1
4034 0
4034 0
7895 0
6081 1
4034 1
4380 1
5641 1
5647 1
6934 0
8782 0
8856 1
3881 1
3419 0
4034 1
4034 1
4034 0
3637 0
5970 1
3389 0
6307 1
2021 1
5726 1
4387 0
6288 1
3437 0
5666 0
9115 0
4449 0
8567 1
8725 0
4034 0
3701 1
4034 1
6059 1
2348 1
2137 1
6803 0
3271 0
4034 0
7405 1
4034 1
6764 1
6358 1
4034 0
4034 1
9609 1
8348 1
6096 1
6704 0
1162 0
7144 0
2688 1
8453 0
4811 1
2841 1
4034 0
2679 0
2017 0
6832 0
6852 1
8956 1
3170 0
4903 0
7404 1
9669 0
4175 0
7290 1
6105 0
4034 1
4034 1
4034 0
8762 1
1388 1
7350 1
9118 1
4034 0
4034 0
4034 1
4034 0
7864 0
8840 0
4034 1
6096 1
4034 0
2761 0
3407 1
7278 1
4034 1
1192 1
8540 0
1529 0
8624 0
4088 1
6537 1
5099 1
4050 1
4034 1
4034 0
5488 1
5681 1
1573 1
8454 1
4034 1
6982 1
7205 0
6285 0
7126 0
7726 1
8252 1
4034 0
4034 1
7849 0
4034 0
4034 1
4034 1
2734 1
6291 1
2576 1
6054 1
3780 0
8385 1
2707 0
7858 1
4034 0
7109 1
2704 1
8523 1
5751 0
2190 1
4034 0
2004 0
9389 0
2096 0
6306 1
7920 1
3367 0
3205 0
1768 1
7126 0
4034 0
4034 0
3769 0
4034 0
3191 1
4034 0
6378 1
7159 0
9451 1
5989 1
8416 1
9309 1
8425 1
4034 0
9113 1
4034 0
4034 0
4034 1
2053 1
8017 1
8368 1
1630 0
4201 1
4034 0
4034 1
8444 0
4034 1
1992 1
3081 1
9547 1
4173 0
4602 1
3668 1
4034 1
4034 1
6232 1
8375 0
3283 1
1628 1
3709 0
3256 1
6429 0
1031 1
1052 0
4907 0
9259 0
4034 0
3548 1
7914 1
2141 0
1001 1
4034 1
4013 1
1397 0
7801 0
4034 0
1621 1
3713 1
3614 0
7880 1
9021 1
6374 1
1923 0
5724 1
4034 0
4034 1
4034 0
4130 1
8716 0
4034 1
4034 1
9836 0
6209 0
4034 0
4254 1
1321 0
4034 1
4480 0
3136 1
5061 0
4404 1
6360 0
4034 1
9135 0
4034 0
5403 0
4642 1
4711 0
4034 1
7587 0
3381 1
6891 1
6058 0
7815 1
6950 1
4034 0
4034 1
4034 0
3843 0
1891 0
4034 1
4034 0
6093 0
2984 1
4034 0
9157 1
4034 0
4034 0
4034 0
7852 1
4034 0
4740 1
3512 1
6224 0
2317 0
1653 1
6048 1
4034 1
9625 1
1401 0
5605 1
5231 1
3990 1
4034 0
7952 0
6622 0
7275 1
4034 1
4034 1
5780 0
1773 1
4301 1
2424 0
1640 1
3368 1
7672 1
1646 1
4034 0
4034 0
8677 1
4457 1
5230 1
5883 0
4660 0
4034 0
8698 0
4034 0
4034 1
9691 0
4965 1
6266 0
2853 1
4034 0
2883 1
8123 0
2148 0
5947 1
8004 1
5887 0
6170 1
1965 0
8085 1
6014 0
8173 1
3568 1
5271 1
5978 0
4034 1
5877 1
8669 1
4034 0
1645 1
6082 0
4034 0
4817 1
9303 0
3052 1
4034 0
4034 0
4034 1
5150 0
3819 0
7624 1
4034 1
2454 1
9902 0
6523 0
3065 1
3879 1
7023 1
1872 0
1199 1
8465 0
1450 0
4034 0
8753 0
4034 1
7720 1
9785 0
1016 1
4391 1
5264 1
5463 1
1280 1
4034 0
4034 0
8978 0
4034 1
8965 1
3864 0
5111 1
8828 0
2641 0
6052 1
6527 1
1692 1
9724 1
4034 0
8891 0
4034 0
5057 1
9168 0
5348 0
4342 1
9394 0
5921 0
3965 1
1042 1
2256 0
8470 1
4034 1
8539 0
2815 1
5587 1
4034 0
7202 1
3124 1
6089 0
4034 1
2458 0
4034 0
4825 0
1071 1
4034 1
4503 1
5542 0
6552 0
1688 0
4034 1
4034 0
2011 0
5751 0
7962 1
7392 0
8456 1
9311 0
4034 0
4574 0
2161 0
5477 1
3072 1
7010 1
1936 1
4034 1
7712 1
4034 0
4034 1
4034 0
6686 1
7092 0
5539 1
7636 1
5913 0
8180 0
3069 1
3932 1
9956 0
5199 0
5307 0
6341 0
4034 0
2958 1
9047 0
6391 1
4034 1
4034 1
4034 0
6500 1
6756 0
6196 0
8674 0
8244 1
3354 1
4034 0
2106 1
4872 1
9032 1
2627 1
4812 1
3109 1
2647 0
3871 0
3912 1
5911 1
4309 1
1746 1
4277 0
8220 1
6015 1
4034 0
4034 1
4087 0
4311 0
7223 1
9487 0
3796 0
1895 1
4034 0
7611 0
6694 1
3446 1
1273 0
6833 0
9884 1
4034 1
7039 0
7188 0
8083 1
9607 1
9351 1
4034 0
2490 1
9115 1
4034 1
1189 1
4034 1
4034 1
1708 0
7160 0
4034 0
6011 1
5362 0
4176 0
8371 0
4034 0
5545 1
7730 1
4034 1
4034 1
6920 0
4034 1
4456 0
3895 1
4923 0
4271 1
7517 1
7975 1
5974 1
4363 0
3884 0
1727 0
2325 0
1583 1
4034 0
4034 0
7416 1
4034 1
4034 1
4057 0
8613 1
3395 1
4465 1
8983 0
7957 1
7178 1
1323 1
7739 0
9024 0
8285 0
3521 1
4034 1
7193 0
4034 0
4034 1
4034 0
4597 0
9870 1
3765 0
6965 0
3750 0
3592 1
4034 1
4264 1
7922 1
4034 1
4120 1
5070 1
4940 1
4034 0
3853 1
4135 1
2703 1
7495 0
1759 0
6034 1
8233 0
1300 0
2057 0
4034 0
4034 0
5413 1
8549 1
7604 0
5099 1
3211 1
8245 0
4034 0
7682 0
4581 1
2773 0
7671 0
1945 1
4034 0
8920 0
1371 1
4034 0
4034 0
5679 0
5382 0
2211 0
4301 1
7950 1
7013 0
4034 1
1025 1
9071 1
4034 0
3504 0
5535 0
4034 1
3476 1
5451 0
4034 0
4034 1
4098 1
2427 1
8677 0
3650 0
3853 0
2236 0
4277 1
6753 0
2204 0
6812 1
1301 1
6674 0
4034 1
5988 0
6228 0
6324 1
4604 0
4034 0
1221 0
8777 1
4034 1
7599 0
9730 1
8170 0
4158 0
4034 0
7707 0
7899 1
2367 1
4034 1
3747 0
1395 0
4034 1
9729 1
1985 1
8340 1
4034 0
7789 0
3303 1
4034 1
1397 1
3107 0
5461 0
4006 1
4034 1
4034 0
4034 1
6764 0
7561 1
4034 1
4034 1
4034 1
9238 0
3302 1
4084 1
1878 1
7926 0
1554 1
8104 1
2279 0
4034 1
7420 0
8021 1
9020 0
4034 1
4976 0
4034 0
5638 0
7380 1
7689 1
4034 0
1551 0
2082 0
4034 0
4034 1
4034 0
9916 1
4892 0
7098 1
4034 0
2684 1
4034 1
5789 1
6340 1
4774 0
7856 0
4034 0
4034 0
4034 1
4034 0
2467 0
6771 1
4034 0
4137 1
8926 1
2618 0
4034 0
2921 1
3633 1
7631 0
4034 0
1455 1
9714 0
4147 0
4034 0
4034 0
3649 1
4034 1
7924 0
4034 1
4034 1
6639 1
5971 1
6426 0
4034 1
8574 0
9911 0
7763 0
3670 0
3597 0
5445 0
4034 0
6439 1
4034 0
4034 1
4034 0
4034 1
7614 1
4034 1
1477 0
9659 0
9540 1
4034 0
4034 0
4034 1
4611 0
6021 1
7561 1
2595 0
9620 0
7922 1
3765 0
1331 1
4895 1
5039 1
4034 0
9907 1
6146 1
4034 1
4091 0
3712 0
1634 0
4034 1
4034 0
7059 1
3134 0
4034 1
1490 1
4034 1
2354 1
2343 1
4359 0
9698 1
4034 0
7860 0
4034 0
4034 1
4034 0
5992 0
4034 1
2960 0
1666 1
3010 0
6369 0
3419 0
6959 0
9856 0
9812 1
9254 0
2430 1
4034 0
4431 0
4034 0
9770 1
4034 1
7330 1
1641 0
2811 0
9276 0
5365 1
6447 1
4034 1
1437 0
8197 1
7967 0
7811 1
3722 1
9296 0
3079 0
5673 0
4034 0
7187 0
1198 1
4993 1
2832 1
7302 0
9369 0
1846 0
7499 0
1221 1
4034 1
7798 1
9656 0
4034 0
9865 1
4034 1
4034 0
2947 1
3991 0
5617 1
6990 0
1033 0
2168 0
3138 1
8010 1
4034 0
4034 0
1244 0
9543 1
9886 1
5504 0
4034 0
4034 1
1756 0
3395 0
4690 1
9681 1
2729 1
9325 1
8869 0
4034 1
4597 1
8581 1
4034 1
4034 0
5735 1
4034 0
8401 0
5662 1
5975 0
1510 0
9294 0
2469 0
6996 1
3144 0
6401 0
5700 0
6042 1
3416 1
8872 0
4653 0
5655 0
4034 0
8688 1
4637 0
4034 0
8133 0
3833 0
4034 1
9575 0
4034 0
4034 0
8521 0
4176 0
5940 1
2778 0
4034 0
1240 1
6948 0
7528 1
4034 1
3692 1
4034 0
1201 1
9300 1
9718 0
4034 1
4034 0
4882 1
9263 0
5537 1
4580 0
6903 0
3907 1
4109 0
3409 0
4034 1
4034 0
4034 0
1929 0
4794 1
4034 1
1713 0
3899 0
6130 1
9625 1
6553 0
1147 0
7347 0
8931 1
2749 0
2182 0
8801 0
4704 1
6510 1
2223 0
1046 0
8629 1
4034 0
4162 0
4034 1
8630 0
4034 0
4034 1
7722 1
5812 1
6383 0
9228 1
5978 1
9227 1
9824 1
6705 1
4034 1
4084 1
1808 1
3587 0
1740 0
7588 1
3916 0
7769 0
4906 1
7853 0
4034 0
3723 1
5223 1
9040 1
3526 1
9544 0
7669 0
6947 1
9712 0
3655 0
4598 0
7656 0
8503 1
1158 1
2752 1
5086 0
2361 1
4034 1
4526 1
4582 0
6322 1
4034 1
9537 1
5392 0
4034 1
8899 1
8045 0
4034 1
5456 0
4019 0
2294 0
9576 1
5105 0
4034 0
8290 0
8586 1
4034 1
1422 0
1615 0
3423 0
4034 0
4034 0
4034 0
4034 0
8125 1
5166 1
3456 0
8395 1
3232 0
4034 1
7927 1
1350 1
4144 1
4034 0
2572 0
9697 0
4034 1
6955 0
8668 1
8206 1
5518 0
3445 1
4034 1
7962 1
2862 1
4434 1
4034 0
3320 1
9275 1
5296 0
9854 0
5372 0
4034 1
4034 0
4034 0
2255 0
3778 1
4034 1
3416 1
5115 0
1487 0
3629 0
4775 1
3744 1
4034 0
1868 0
3123 0
4034 1
1100 0
4034 0
9546 1
8759 0
4034 0
4034 0
9227 1
2971 0
9423 1
3770 0
6060 0
2756 0
4034 0
6810 0
7509 1
4034 1
8896 1
4034 1
4034 0
7176 0
7008 0
4034 0
3053 0
2161 0
7229 0
4034 0
6033 1
3711 1
8474 1
6207 0
4034 1
8158 1
7799 1
4034 0
5174 1
9536 0
8060 0
1445 0
4156 1
4034 1
5601 0
4034 1
4823 1
1236 0
2420 0
4034 0
2483 0
7439 0
4034 0
4034 0
8848 1
7831 0
9373 0
4034 1
2816 0
2014 0
7417 0
4034 0
3655 0
7901 1
6241 1
5090 1
9273 1
5999 1
4002 1
3730 0
4034 0
4034 1
5977 0
5984 0
3885 1
6479 1
7921 0
4034 0
4674 1
9748 1
7638 1
6542 0
9216 1
7778 0
1590 0
3862 1
4034 1
8809 1
6003 0
4034 1
4034 0
4034 0
8078 0
4034 0
4034 0
6684 0
8207 1
3616 1
4504 0
3313 1
5669 1
7570 1
9370 1
7448 1
4034 0
4034 0
5236 1
4034 1
4034 1
4034 1
6916 1
6582 0
8603 1
4034 1
4034 1
3122 1
4034 1
3344 1
5038 1
4034 0
4920 0
1255 1
9578 0
1444 1
2851 1
9852 0
9326 1
7207 0
9993 0
8014 0
4034 1
9174 0
4034 1
9895 0
7691 1
4034 1
4034 1
6816 0
8718 1
4034 0
6977 0
4992 1
7175 0
4034 0
6802 0
3728 1
8257 1
4034 1
5923 1
5700 1
2684 0
4034 0
4034 0
1513 1
2187 1
9530 1
1415 1
3696 0
5520 1
1443 1
3495 0
5180 0
1194 1
4034 0
4034 1
2092 1
1622 0
8389 0
2086 0
4034 0
4034 1
5239 0
1893 0
6680 0
2367 1
2271 0
3363 1
4034 1
4034 0
9478 0
2556 0
2880 1
4471 0
5365 0
4034 1
5884 0
5763 1
4034 0
8514 0
4034 0
7167 0
4332 0
4456 1
4034 1
4034 0
4034 1
5665 0
4034 1
7362 0
1986 1
6852 1
1158 0
1294 1
9339 0
1264 1
5660 1
9126 0
4034 0
4034 1
4334 0
2673 1
8525 0
6036 1
4034 0
4034 0
4787 1
4398 0
3479 0
4034 0
5412 0
4034 1
6122 0
4034 1
1529 1
3917 0
3952 1
4034 1
8684 1
4034 0
3807 0
9127 1
2420 1
5399 1
7403 0
4034 0
3282 0
9944 0
1509 1
6545 0
9251 1
5992 0
5739 0
3718 1
4171 0
4034 1
4034 0
4034 0
3082 1
4034 1
4034 0
3881 0
9484 0
4034 0
7578 1
4034 0
3675 1
4034 0
7837 0
6042 1
4034 0
9568 0
9236 0
2699 0
3625 0
4034 1
2219 0
2505 1
5961 1
4034 1
4034 1
2735 1
2209 0
1667 0
4034 0
5964 1
1352 1
7022 1
1552 0
2327 1
6135 0
2400 1
4034 0
2641 0
9660 0
7370 0
1607 0
5849 0
4034 0
2076 0
4034 1
3169 0
1866 1
2298 1
1291 1
9951 1
4673 1
5280 0
4034 1
9753 1
8181 1
7937 1
1179 1
4034 0
6870 1
7161 0
4464 0
8137 1
3417 1
4034 1
4034 1
2529 0
9362 1
4068 1
2288 1
4034 0
7105 1
4447 1
6013 0
5952 1
7768 0
4041 1
1144 1
8887 0
7810 0
7908 0
6981 0
1498 1
9920 0
8789 1
5379 1
9282 1
5713 1
7859 0
4072 1
7926 1
7289 0
4034 0
8281 1
6520 1
9711 0
8022 1
6727 0
5576 1
3313 1
7860 0
4034 1
4034 1
6276 1
1910 1
4034 0
3407 1
4034 0
5497 1
1377 0
9517 1
4034 0
7696 0
9067 1
7226 1
4034 0
1623 0
3525 1
1661 0
6159 1
3888 1
4034 1
8893 1
4034 1
4034 0
7849 1
6734 1
6530 1
1107 0
5530 0
2468 1
1353 1
6761 1
5654 0
5948 0
5309 1
4034 0
4034 0
4034 0
7555 1
7446 1
7371 1
4034 0
4034 0
4034 0
7953 0
3270 0
8502 1
4110 0
7512 0
7683 1
4501 0
1274 1
4219 1
9871 1
4034 0
3045 1
9705 1
2675 1
8189 0
7563 0
4492 1
5220 1
5968 1
4034 1
4115 1
3103 1
9228 0
5104 1
4034 1
9149 1
4064 1
7556 0
2777 0
5097 1
2102 1
2565 0
4034 1
4128 1
5584 1
6479 0
5573 1
7110 1
4034 1
7485 1
4034 0
2650 0
7095 0
4034 1
7945 0
5572 0
6806 0
4542 1
7989 1
4034 1
1750 0
5775 0
7425 1
4034 1
8132 0
4034 1
4034 0
7757 0
4034 1
8350 0
3691 1
6389 0
4034 1
6147 0
9925 1
1798 0
3666 0
4363 0
4034 0
5892 1
4242 1
4034 0
4034 0
8528 0
3724 0
1365 1
1239 1
8244 1
8679 0
9764 0
4034 0
6946 1
4514 1
4352 0
8267 0
8329 1
8316 0
4034 1
4034 0
4034 1
4034 1
2688 1
7344 1
4034 1
6467 0
7171 0
5438 1
3767 0
8435 0
2240 0
3201 0
9384 1
9205 1
2490 0
2826 1
2600 0
4034 0
8863 0
4034 1
2456 1
1048 0
4034 1
4034 1
3097 0
8617 1
4441 0
5732 0
4034 0
4034 0
4427 0
4034 0
3628 1
3676 1
9630 1
8615 1
4158 0
4034 0
5673 1
1825 1
6389 0
9816 0
6358 1
7843 1
7513 1
8766 0
3117 1
2437 0
2550 1
7395 0
3787 1
4034 0
6313 1
7586 0
6534 1
5775 1
2238 0
3139 1
4277 1
1088 0
5076 0
8101 1
4034 0
4034 1
2974 1
4034 0
4034 1
4034 1
9226 1
2365 1
5643 0
5731 0
4034 0
4034 0
9879 0
4034 1
2105 0
4034 1
5101 1
2698 0
4034 0
4330 1
8973 1
2056 1
1864 1
6126 1
4034 0
7880 1
4034 0
3907 1
6645 0
4034 0
6020 0
2477 1
1724 1
6992 0
4034 0
4034 1
6050 0
9541 0
7082 1
4034 0
9964 1
9582 1
5595 0
2253 1
5466 1
9687 1
6850 1
1224 0
5403 1
3488 1
4034 1
9181 0
4034 0
6520 0
5125 1
9592 0
4034 1
9642 1
1929 0
2758 1
7022 1
2810 1
8343 1
7993 1
5885 0
3801 1
4027 0
6567 0
4034 0
4890 1
4034 1
3698 0
4034 0
4558 1
2688 0
3690 1
4034 1
5934 1
2928 1
8564 1
3481 1
9157 0
9207 1
2067 0
8622 1
4170 1
8308 0
8894 0
9860 0
4745 0
6744 1
5690 1
3477 0
4034 1
4034 0
5158 0
4034 1
9775 1
9020 1
2802 0
1472 1
6213 0
9267 0
9986 0
5670 1
1493 1
1061 1
7072 1
7576 1
3801 0
1381 0
4034 0
1214 1
4034 0
1275 0
4034 1
1722 0
3043 1
6397 0
7444 0
7727 1
4457 0
7733 1
7947 0
7142 0
2498 0
2226 0
6343 0
1493 1
5453 0
2946 1
7423 0
7708 0
2662 1
1608 1
4034 0
4034 0
7746 1
1441 1
1934 0
4034 1
1657 1
6008 0
3097 0
6155 0
5013 1
8958 1
7252 0
9619 0
6454 0
4034 1
4034 0
8882 1
2242 0
4339 0
9494 1
1859 0
7169 1
4034 0
2381 1
7111 0
3776 1
4034 0
4034 0
8381 0
5488 1
1717 1
3948 0
9849 0
4034 0
4034 1
9721 0
1273 0
6628 0
1797 0
4034 0
4034 0
9707 0
4034 0
3036 0
4034 0
4152 0
7679 1
4034 1
8437 1
5066 1
4034 1
3073 1
2073 0
4034 1
7296 0
5209 0
4323 0
2766 1
9930 0
5719 0
7137 1
9352 1
4034 0
4034 1
4985 0
2281 0
6490 0
4034 0
4034 0
4034 1
6214 0
4034 1
4034 1
7333 1
4192 1
4761 1
4034 0
9619 1
6688 0
7589 0
4797 0
2872 0
3400 1
1940 0
4034 1
2352 0
6113 1
2211 1
8591 1
8813 1
4034 1
4034 1
3435 1
6161 0
9636 0
1444 1
2796 1
5262 1
6473 0
2416 1
4034 1
4034 1
9769 0
9556 0
5717 0
5353 0
3149 1
4946 0
9208 1
3033 1
1802 0
8383 1
4034 0
4034 0
6176 0
4034 1
4034 1
3656 1
4034 1
4034 0
6935 0
9053 0
3687 0
4702 1
7142 1
8257 1
7167 1
4034 0
3511 0
5611 0
2658 0
4034 0
7285 0
7325 0
2027 0
4034 0
7719 1
4034 1
4433 1
8415 0
5144 0
3793 0
2026 0
5663 1
9340 1
1368 1
3242 1
3373 1
4034 1
3881 0
9394 1
1518 0
4034 0
5406 0
1070 1
9410 1
7130 0
9372 1
9097 1
8769 0
7487 0
8600 1
7850 0
6501 0
3298 0
6637 1
4034 0
7976 1
5178 1
4917 0
4034 1
2863 1
1463 1
5665 1
4034 0
3268 1
3729 0
4657 0
2633 0
4034 1
1632 0
3360 1
5224 1
3039 0
7705 1
6223 0
7040 0
4034 0
6461 1
4034 1
4576 0
2560 1
4921 0
4034 1
8544 0
7431 1
4034 0
2971 0
6167 0
4034 1
4034 1
3379 0
4637 0
1328 1
3079 0
4034 0
4034 0
4034 1
5760 1
7731 1
4034 1
5820 0
9755 1
7897 0
1377 0
9797 1
1145 1
6389 0
9064 0
3329 1
2557 1
9607 0
8237 1
6598 1
5948 0
2979 1
4737 0
4034 0
2256 0
5906 1
9111 0
5081 1
5871 1
6416 1
4034 1
9604 0
4034 0
4989 1
4034 1
5731 0
4034 1
4034 1
4034 0
7818 1
1287 0
1993 0
5649 0
5253 0
4189 1
6863 1
4034 0
4082 0
4034 1
5660 1
9830 0
1117 0
4034 0
4034 0
4120 0
4034 0
4034 0
6175 1
3019 1
4034 0
6864 1
4034 0
4034 1
7912 0
6108 0
9336 0
4034 1
4034 1
5108 1
1283 0
3303 1
5757 1
4034 0
2872 0
7931 0
4106 0
7744 0
8140 1
1605 1
9328 0
3820 1
9190 1
5421 1
4034 1
4906 0
6644 1
4490 0
1673 0
7664 1
5917 0
5978 0
4034 1
4034 0
4034 0
1571 1
4034 1
3652 1
6421 0
4034 0
5257 0
2922 1
4034 1
2311 1
4034 1
6640 1
5046 1
7237 1
4335 0
4429 1
8013 1
9623 0
2545 1
4088 1
1610 1
7789 1
8084 1
4034 1
8689 1
4034 1
7521 1
2886 0
4034 1
9355 0
6945 1
8495 1
4034 1
4157 0
2972 0
5377 1
2117 1
4034 0
4034 1
4088 0
5543 1
1957 0
4034 0
4034 1
4034 1
4169 1
3493 1
7871 0
6340 1
8683 1
6560 0
5946 1
3091 0
3731 0
3180 0
1875 1
4034 1
5941 0
2680 1
4675 1
4139 0
6691 1
4786 1
3838 1
6162 0
2146 1
7651 0
4001 1
4034 1
2407 1
9486 0
4034 0
3091 1
6877 0
9715 0
4034 1
2151 1
8189 0
3185 1
1149 0
4034 0
5889 1
8641 1
4034 0
7343 1
6700 0
2688 1
3839 0
8381 0
4034 0
8967 1
4034 0
8252 1
5541 1
1130 1
4825 1
4034 1
5084 0
6825 1
7852 0
8073 0
4034 0
3708 0
1960 0
3854 1
1336 0
2513 1
3038 1
2604 0
4034 0
8537 0
6610 1
1002 0
4034 1
3912 1
4118 0
4034 0
3723 1
4034 0
4299 1
5929 1
4034 0
5177 0
4034 0
9543 0
9238 0
7167 1
4034 1
5027 1
9994 1
4034 0
3473 1
4163 1
7093 0
4034 0
1133 1
4675 1
2129 0
2701 1
4080 0
4034 1
4528 1
4034 0
9956 1
9858 0
3106 0
9591 1
4266 0
2747 0
4449 1
4034 1
4034 0
4034 0
7440 0
8238 0
4034 0
4034 0
3438 1
4034 0
4034 0
4034 1
5396 1
6197 1
1078 1
5387 1
4034 1
7359 1
4034 1
4288 1
6727 0
8757 1
2405 0
4153 1
4034 0
8966 1
5257 0
6757 1
4034 0
4034 0
5970 0
1275 1
5708 0
7855 0
4034 1
7202 1
9336 0
4788 1
3258 1
1562 1
9174 1
4723 0
4034 0
5125 1
4034 0
5052 0
4034 0
2226 1
1357 1
5360 1
4034 0
4034 1
8430 0
9505 0
9208 0
6295 0
4034 0
4034 0
4034 1
3331 0
1040 1
5401 0
2463 0
2696 1
4034 0
4082 1
6790 0
8022 0
4307 0
8198 0
1032 1
1949 1
4207 1
3074 0
6723 0
7229 1
6944 1
9305 0
1191 1
9533 1
2206 1
3919 0
1034 1
5964 1
9942 0
8639 0
4034 1
9208 0
1714 1
3879 0
4242 0
1989 0
9685 0
2588 0
1270 1
3026 1
2012 1
6942 1
8530 1
7660 0
6324 0
4034 1
8216 0
8746 1
8351 0
7136 0
7657 1
4034 1
7914 0
4034 0
4034 1
7794 1
8491 1
1176 0
8899 0
6562 1
4495 0
4454 1
4034 0
4313 1
4541 1
8575 0
2250 1
4034 0
4677 0
9928 0
6490 0
4034 1
4034 1
8579 1
5986 1
6509 0
4034 0
9755 1
1538 0
4034 0
7502 1
6542 1
6884 1
3016 1
7948 0
3934 1
6795 0
7871 1
7604 1
4034 0
6097 1
8868 0
8581 1
6999 1
3614 1
5722 0
3934 1
4034 0
8675 1
4034 1
5208 0
4034 1
1740 0
4034 0
2357 0
3461 1
4034 0
6795 0
7081 1
6279 1
8960 1
4003 0
4034 0
2975 0
4951 0
6309 0
6122 0
6904 0
4738 0
6972 1
6111 0
5011 0
2823 0
7292 1
5640 1
5447 0
3712 0
9402 0
4034 1
4034 0
9012 1
2476 1
4034 1
5729 0
8062 0
9307 0
4034 0
1936 1
5982 1
4034 0
8100 0
4257 1
8964 1
4034 0
4034 1
6370 1
5676 0
6975 0
4034 0
4034 1
1818 0
2454 1
5130 0
4034 1
6064 0
8244 0
4034 1
2047 0
6583 0
4131 0
8967 0
7137 0
4034 1
4255 0
7707 1
1124 0
4034 0
3829 0
2228 0
4034 0
4014 1
6504 1
8525 0
8937 0
4034 0
4894 0
2848 0
3416 0
4034 1
2785 0
3381 0
6395 1
2899 0
1425 1
9362 1
6259 1
9863 0
4591 0
4034 1
4034 1
6205 1
8586 1
4981 1
6880 1
4657 0
4020 1
9279 0
6494 1
7437 1
7828 1
4034 0
4034 1
8938 1
1271 0
7151 1
1809 0
2181 1
4034 0
3691 0
6758 1
4034 0
4775 0
7775 0
4065 1
4336 1
7839 0
6000 0
7181 0
2345 0
3003 1
4034 0
9461 0
4034 1
4034 1
3923 0
5253 0
9252 1
4034 0
4034 0
4034 1
1895 1
2114 0
8090 1
4034 1
8748 1
8931 0
5827 1
4034 1
4034 0
2320 0
7945 1
4034 1
3223 0
4034 0
9451 1
1706 0
1595 1
7174 1
9695 1
5839 0
4034 0
3459 1
3027 0
4034 1
1996 1
4034 1
4034 0
2838 0
2283 0
4382 0
7038 1
6854 1
1596 0
7338 1
6974 0
7970 1
3122 1
4034 0
7216 1
4034 1
9783 1
6821 0
1027 1
7975 1
5313 0
2287 1
4034 0
6846 0
4606 0
8174 1
4034 1
2883 0
6056 0
6083 1
4058 0
5724 1
7011 0
9973 0
6057 0
2769 0
2915 0
9121 1
4034 1
6820 1
4034 0
7838 0
3562 1
6926 1
6899 0
4034 1
4034 1
5650 1
2704 1
1641 1
2986 1
9414 1
4605 0
7167 1
4093 1
4034 1
7120 0
9920 0
6201 0
4234 1
4034 1
2354 1
8121 0
4034 0
4034 1
7736 1
3857 0
4034 0
7042 1
2126 1
4034 0
4034 0
4204 0
2910 1
1031 1
2757 0
8003 0
7342 1
7730 1
4034 0
4034 0
9698 0
1886 1
4034 0
3493 0
1403 0
2962 1
5552 0
2603 0
9689 0
9633 0
4034 1
1246 0
2132 1
3574 0
4034 0
4034 1
6117 1
4034 1
5356 0
6899 1
6171 0
9216 0
2863 0
4034 1
4034 1
7110 1
1389 1
2755 1
4034 1
6902 0
4335 1
7809 0
4034 0
1398 0
6451 1
9987 0
7098 0
4839 1
4034 0
4034 1
6430 1
5817 0
6150 1
1742 1
8493 1
4944 0
4931 1
4034 1
8853 0
4034 0
2293 1
5075 0
9892 0
4034 1
4523 1
6637 0
4929 0
4034 1
7911 1
1654 0
4034 0
3035 1
7764 1
1379 1
2399 0
3274 0
4034 0
6452 1
5224 0
3135 1
1141 1
3371 0
6895 1
2846 1
4034 1
2643 0
4918 0
1182 0
1375 1
5931 0
4034 0
8233 1
1605 1
4852 1
6698 0
4387 0
6667 1
4034 1
8478 0
4034 1
7950 0
4034 0
1985 0
4034 0
5259 1
7710 0
6080 1
4201 1
9642 0
6661 0
3358 0
7660 0
3702 1
6978 1
8211 0
4034 0
9900 1
5203 0
4034 0
4034 1
3065 0
1085 0
8614 0
2319 1
4034 1
9241 1
3202 1
6521 1
9624 0
6929 1
1228 1
7540 0
7211 1
4541 1
4034 0
8605 0
8813 1
9000 0
6440 1
5434 0
9961 1
4295 0
4034 1
8875 1
9768 0
1695 1
8633 0
4034 0
8752 0
2544 0
4034 1
2119 0
4034 1
7512 1
8619 0
4034 0
6806 0
1505 1
6416 1
4034 1
7075 1
1165 1
9663 0
8731 1
6243 0
4034 1
4034 0
6695 0
7644 1
7227 1
6011 1
9438 0
9603 1
4034 1
1929 0
4114 0
1074 1
4034 0
4034 1
4034 0
3060 0
7879 0
3142 1
4034 0
4034 0
6288 1
4569 1
7684 1
7758 0
3573 1
4034 1
2656 1
5990 1
5336 1
4034 1
2484 1
5124 0
8694 1
4034 0
6066 0
8503 1
1404 1
3060 0
8050 1
4034 1
6049 0
4885 1
4034 0
2155 0
1199 0
6265 0
4769 0
2525 1
4585 1
2635 1
2374 0
8938 1
9067 1
1472 0
8271 0
9822 1
7351 0
2407 1
7180 0
8282 0
1256 0
5632 1
4893 0
3164 1
4034 1
4034 0
4034 0
6639 0
4034 1
1055 1
8936 1
9452 0
8694 1
6875 1
4034 0
9388 1
8583 1
4187 1
7179 1
3542 0
2903 1
5583 0
6705 0
4034 1
9052 0
9528 1
5077 0
9322 1
4085 0
4034 1
6298 1
4034 0
1342 1
1120 0
3297 1
2349 0
8229 1
9658 0
8980 1
9417 1
4136 0
6766 0
4034 1
2745 0
3291 0
3167 1
4497 0
4034 0
6798 0
5778 0
4034 0
4831 0
4533 0
4034 1
8329 0
4034 0
1600 1
4111 0
8199 1
4034 0
3981 1
9233 1
1644 1
5786 0
3674 0
8355 0
7245 0
3698 1
1711 1
4034 0
2271 1
7074 1
4034 0
6964 1
2750 1
2776 1
1131 0
4034 1
6030 1
1432 0
1384 0
2655 0
4034 0
6860 0
3825 1
2927 0
4034 0
8613 1
9705 0
4034 0
4034 0
4034 0
1256 1
2912 1
4034 0
2804 0
2981 1
2261 1
3317 1
4034 0
2213 1
4301 1
4034 1
5278 0
4034 0
5259 0
4034 0
2830 1
4034 1
2729 0
4034 0
1312 0
8878 1
9531 0
3705 0
4034 1
4034 0
7664 0
9110 1
6689 1
4034 1
4034 0
4034 0
4034 0
4034 0
5396 1
4596 1
7100 0
9505 0
7169 1
4034 1
8475 0
8719 0
3817 0
2066 0
7890 1
4423 1
4034 1
4034 0
5174 1
6081 0
4034 1
4854 0
8151 1
7868 0
1699 0
9899 0
8198 0
3742 1
9091 0
4034 0
3829 1
4034 0
4034 0
7650 0
8304 0
9746 0
4034 1
7865 0
8817 1
4820 1
1170 0
3273 1
4034 1
4034 1
4034 0
2782 0
4034 0
4498 0
9303 1
8082 1
4034 1
8536 0
6058 0
5684 0
4034 1
4034 1
6946 0
1298 0
4034 0
9162 1
6570 0
4034 1
9547 0
4070 0
3524 1
5444 1
7516 0
1815 1
4034 1
1824 0
4034 1
8871 1
3079 0
2627 0
5697 0
4034 1
8590 0
2529 0
6906 1
4034 1
7710 1
7806 0
4029 1
6109 1
4034 0
2278 1
4886 0
3476 0
4034 1
4875 0
4034 0
2835 0
5112 0
8882 0
4034 0
5230 0
7935 0
4034 1
4034 0
1036 1
2393 0
9657 0
9776 0
6223 0
4034 0
3010 0
6033 0
4144 0
5744 1
9054 1
8797 1
4034 1
4034 0
7802 0
4034 1
7538 1
3155 1
3848 0
4034 1
4034 0
4034 0
4023 1
6382 0
7487 0
5601 0
4034 1
6341 1
4034 1
8064 0
4034 0
8369 0
3751 0
4034 1
1995 1
4034 1
8147 1
1100 1
3592 1
