315 2118
9179 1
2118 1
2992 0
2118 0
4164 0
6789 0
6631 0
2118 1
6073 1
2118 1
2118 1
2118 0
4150 1
7926 1
7271 1
7725 1
1991 0
2118 1
8123 0
8762 1
2137 1
3581 1
9340 1
2629 0
3622 1
9049 0
7423 1
9125 0
2118 1
2182 0
2118 0
3753 1
2118 1
7375 1
2112 0
3776 1
9062 0
2118 0
4797 1
3175 1
2118 1
2118 0
9128 0
8633 0
9640 0
2118 1
2118 1
4324 0
3387 0
5461 0
8890 1
7243 1
6779 0
2118 1
2118 0
1000 0
9436 0
3633 1
4309 1
4048 0
2118 1
4994 1
7012 1
2118 1
2568 1
4212 0
1565 0
2118 1
6254 0
2118 0
2118 1
4696 1
6910 1
1661 0
9008 1
4135 1
1521 0
8800 1
7612 0
2118 0
8804 1
5849 0
6897 0
3834 0
6835 0
2328 0
2037 0
8663 1
6854 1
5047 1
3226 1
8405 0
8280 1
2418 0
6217 1
2118 0
7944 1
2118 0
4940 0
1794 1
3193 0
2771 1
2118 0
9480 1
6489 1
8035 0
2891 0
7187 1
9806 0
9230 0
2118 1
8765 1
1537 0
8065 1
3874 0
1101 1
3545 1
8718 0
2118 1
2118 0
8637 0
5209 1
1327 0
8216 0
6281 0
9156 0
2118 1
1554 1
1031 1
6695 0
9518 0
8922 1
7344 0
2118 0
2118 0
7536 1
3009 1
9681 1
1235 0
1266 1
4313 1
1183 1
6458 1
3802 1
2654 0
1611 0
1122 1
8324 0
6059 1
2902 1
3523 0
2118 0
2118 1
5838 0
2118 0
2118 0
1984 1
3620 0
2118 1
1408 1
2118 0
2118 0
7387 0
6583 0
2118 1
7513 1
2074 1
7282 0
2573 0
7610 0
6265 1
6021 1
7165 1
5208 1
3446 0
2118 0
2422 1
8215 1
9007 0
5409 0
3896 0
2791 0
4506 1
8295 0
7683 1
7155 0
2118 0
2118 1
2118 1
2118 1
6644 0
2118 1
3780 1
5571 1
6429 0
2118 1
2249 0
3992 1
2118 0
6244 1
2712 0
7187 0
7071 1
7204 0
2775 0
5557 0
6634 1
5394 0
7661 0
7772 1
7492 1
5865 0
3510 1
2361 1
3264 1
3085 0
2118 1
2118 1
5078 1
2118 1
2118 0
3475 1
5026 0
2118 0
9083 1
2118 0
8284 0
2118 1
4186 1
1222 1
5300 0
4391 0
7606 1
1962 1
2118 0
5125 1
1070 0
2118 0
1556 1
2118 0
7329 0
1680 0
2118 1
8123 0
3128 0
2160 0
1307 1
9084 1
9504 1
2118 0
9940 0
7270 0
2118 0
3724 1
8199 1
1328 1
8840 1
2118 1
2118 0
2118 0
5088 1
2501 0
7359 0
2118 0
2118 0
2118 1
4290 0
1517 0
1023 0
2118 0
2118 0
2118 0
2118 1
2118 0
7653 0
5013 1
3251 1
7983 0
2273 1
2118 0
6513 0
2118 1
5480 1
9192 0
7992 0
2998 0
7011 1
2118 0
4387 1
9449 1
2118 1
2996 0
3052 1
7532 1
4076 1
8420 1
1418 1
4781 1
1395 0
2345 1
4568 0
2118 1
6366 1
9954 0
8971 0
4970 1
1237 0
3324 1
4725 1
5173 0
1199 0
8145 0
2118 1
2337 1
2604 1
