46 628 45
0 11 251036277 875493009 925633966 3 820316459 29124730 226000202 22 157223523 771509790 45
382292419 7 49 301271147 32706304 21 152921972 47 450895566
359878966 5 11 49 13 46 70860539
678082921 8 12 846521990 456249237 24 39 290587479 8 33
999992391 5 137333087 41 102496446 2 24
572976498 7 904018616 869853667 763531336 862003708 41 42 314289318
999995083 6 70247770 15 47 282045560 803928617 43
170798173 7 16 38 196091899 176504095 50 131811412 46994240
999994205 8 13 738975444 47 26 42 794813161 704229520 12
999991568 6 49 15 33 69515457 41 143370886
253336250 3 13 798682666 11
999995301 8 35691669 14 65170421 45 259429695 44 715517074 24
999996740 12 14 9 840303823 41 3 5 341612454 186130700 26 736844986 752940795 460206968
999994853 11 934253694 400379566 4 46 118055418 961020287 14 95679288 37 5 2
999994106 12 37 351461571 41 38 888985948 34 22 999657393 33 44 5 8
133380521 12 762868402 83887537 44 13 66370721 47 495632059 2 36 35 25 109028438
804306352 1 7
981191855 3 216155943 973347293 6
880689803 1 44
999993654 8 25 6 41 765841618 434296716 11 796171349 880758877
999991603 9 297154663 948921888 448398914 25 42 45 554688601 27 1
999996372 16 879351632 11 996627649 120559745 847599620 1 29 48 28684145 22 21 224131408 41 16 54194749 800350264
135930765 0
999997603 8 28 40 44 4 29 10 13 618693595
492342085 9 12 42 975267590 44 38 30 31 253671633 33
999995671 15 46734123 702525397 684587091 20 31 735944212 1 929132305 971427321 24 7 33 45 5 18
999996006 0
106399603 11 470759008 49 37 25 26 349726812 730671614 349721825 17 564030165 10
614170769 5 21 686876346 26 23 554542196
533743258 13 46 22 974412531 39687020 386161826 47 602246589 15 723507403 904339212 414482761 45 978415228
999995883 14 3 523232913 369016656 338883064 13 41 568989839 231345546 454931433 15 428896215 50 495618919 25
999996546 7 34 643217300 4 206731650 237690023 31 50
158060530 3 28 646478906 39
551600267 6 618437705 757049334 5 26 235253514 7027419
999990343 3 834666198 429066166 17
221379392 7 50 14 43 21 772305654 11 805789092
999991192 14 896339328 34 40 3 467368557 46 365438466 764697077 19 275104768 348184554 790905635 915974162 196021385
999999891 2 37 50
999999781 0
999990522 1 49
662572872 11 49 632527892 490893149 969556972 387163728 41 28 14 24 11 33939564
156945202 16 23935851 29 23 48 26 334299981 89761243 39 37 125562986 73306735 47 46392358 628351310 746655337 677088800
534206260 14 989742941 14 327472679 50 141936159 23 540524660 451193779 41 35 20 45 38 169990467
999997790 5 10 356158369 7 42 25
999996061 6 56857116 19 558504361 39051410 488573708 432536147
0 5 41 897673905 763256415 43 553866449
32 42 285688707
5 24 589163996
8 43 37429593
14 31 194291798
43 45 774986131
24 45 897014760
23 28 387486678
7 27 886185826
19 45 482198410
34 37 861660236
11 37 983263365
2 18 311204872
4 41 32917851
17 18 775540889
13 44 54952502
3 4 264863428
6 12 59866747
19 37 911382413
3 16 784281479
1 18 525453944
17 27 233400661
37 38 17094761
9 35 859509560
8 33 167350884
9 24 123287536
32 39 927758949
3 41 360578873
7 44 171460026
17 35 495306678
1 15 48580357
28 46 688792526
8 12 595933090
34 46 167471207
21 39 698471962
21 31 465506065
25 32 216052998
10 25 351427311
10 11 172310415
4 29 988944696
10 46 110193895
2 14 73705121
3 32 776332187
26 37 129433014
16 31 532813420
27 30 599825830
7 34 880031573
31 46 894837559
34 40 889793978
2 46 835796517
22 38 866577802
39 40 517224547
27 32 852725657
5 13 168294909
36 46 784621430
3 25 69730073
15 46 974504539
24 34 785284519
38 42 577719186
9 21 551145289
28 29 244489927
17 28 544442732
10 28 144622176
3 15 453002514
8 35 354105407
37 44 327714795
4 22 442617962
7 32 8346711
30 34 566107549
8 10 25412393
5 45 38913927
15 33 98060655
19 34 238577658
7 42 616771542
5 21 650579057
1 30 779345799
24 40 23920652
2 20 724623187
27 33 615585172
11 13 55475332
21 26 171457433
26 45 895406490
9 19 228129467
1 44 761935363
17 33 785427523
22 28 997482346
7 29 882490221
4 31 837759914
3 8 978888172
29 39 789881073
18 40 327480989
34 39 82085268
8 41 598048105
12 43 519944468
13 25 836850505
23 38 888356557
12 15 958609925
10 45 474899682
6 18 245065303
32 37 833492759
11 46 876699151
18 20 854834274
16 19 779034455
34 43 585289953
28 32 852158345
37 39 944938910
8 29 501946951
5 19 383557326
28 45 833732630
31 40 18661034
37 43 478921591
14 17 531407422
23 32 248329693
5 11 329303611
19 35 95658499
9 33 523887819
5 25 698804176
11 43 289096076
9 25 628865334
17 40 940793959
20 27 954589756
16 20 365695716
27 36 765273397
13 15 261564465
20 31 652754833
8 27 974621864
11 27 39759440
20 41 274240642
19 20 217369092
13 24 634000478
30 38 618856972
18 33 842934295
1 11 241643092
4 35 500532480
41 46 711449101
42 43 56564808
12 29 32092011
11 12 827608265
30 43 171513563
3 46 101404137
5 38 221914579
8 44 660977521
25 37 139604342
14 45 254795854
19 44 243795118
18 35 375033727
23 31 899200979
11 14 32829588
14 40 55031094
23 25 863868848
11 35 679721210
10 23 285035401
11 39 195210529
19 46 214211330
22 40 54332746
32 36 43508837
39 42 96674171
20 24 390437693
10 40 197253575
1 45 298284648
1 35 386546229
18 42 156217134
26 27 596319098
6 19 279107629
28 41 427441492
21 24 417830384
4 24 768442834
3 21 671492272
1 39 520542153
14 46 182893804
20 44 53835420
4 42 703638573
4 11 635921701
28 38 91820805
15 22 591826163
6 30 126740319
6 9 768456530
10 24 116635949
19 26 324520525
1 28 868642170
1 37 243752757
16 32 859124717
9 11 694371041
5 30 828365304
6 38 268836941
20 29 642304442
8 9 90178099
37 40 178214653
37 41 292535630
14 27 264307778
8 23 217689965
8 13 567766886
2 8 674005548
15 28 55954824
6 29 932662764
24 30 750488087
31 42 63585898
9 37 893643814
39 46 845262495
18 22 825386482
23 46 585784577
11 16 141804499
43 44 666150288
4 16 107095178
26 40 295087312
1 42 548080413
28 37 762451050
22 44 351440121
25 30 652766484
39 43 287499020
5 14 184508289
13 17 466877471
3 45 352632613
32 33 858567475
12 36 935046753
14 38 17027246
5 15 4161230
31 41 49310356
36 43 183883598
23 40 481513785
30 32 380324839
38 45 844264536
5 6 997957847
20 23 431748837
15 32 308132304
13 20 88669929
7 20 609751314
9 31 740734777
18 30 621101386
41 45 865311737
27 38 135772558
9 46 782012171
2 12 746203429
25 34 515278007
36 37 692760762
4 6 114090639
11 42 878902340
25 43 68377840
18 21 859092534
11 45 232617219
24 26 71890883
8 30 512381780
7 9 581867249
32 45 496542475
4 28 557451510
6 33 316665829
11 17 96709545
37 45 538190557
36 38 635033229
16 28 330549055
1 29 902776706
23 41 105912294
7 16 108027572
15 36 216088286
25 41 526933160
17 36 986861294
1 7 622509003
36 42 132982590
31 37 457392333
22 42 112377589
35 43 991379275
14 19 560584261
14 35 380237768
17 25 488550847
29 45 857276084
16 23 48097689
5 8 116255947
10 34 99280889
6 15 33332818
9 26 43919974
5 36 764074677
25 39 11606371
26 38 235057044
1 12 443476282
28 34 626630376
4 9 559809569
5 28 837413639
14 39 263647524
7 11 924201350
25 38 937955105
27 35 423814623
22 33 246562925
27 46 697611831
24 42 616870438
1 4 661212986
5 23 143726977
3 19 396604382
8 32 664387693
8 18 4955010
35 45 29143504
42 44 368750547
21 43 954627738
31 34 561863253
16 40 128848294
14 18 822989983
4 7 120058386
10 33 610405247
16 33 491907878
26 31 712465122
6 40 891478076
21 25 474601430
25 40 651482121
5 32 748087454
2 3 207899940
30 44 128766490
9 16 89660552
9 34 825996516
4 21 556197573
9 32 115079902
1 21 726440722
31 35 456881968
4 10 37390841
20 46 65636769
26 46 227820642
33 42 343109736
21 23 856812701
3 35 7020121
20 30 541433329
3 11 529197337
31 39 213182741
5 16 986376711
20 42 155480861
6 10 52164286
27 34 52749346
5 27 249240651
4 17 957830423
32 44 478205525
20 26 625926183
5 31 229552684
11 21 26976887
8 25 973045540
19 32 242889936
5 35 97117111
22 46 292722290
21 34 533656532
34 42 284278272
1 41 661264674
29 32 37439172
12 42 3953917
30 35 733189498
39 41 721894935
4 23 664349888
11 41 391273886
29 40 448975456
21 40 144022893
16 43 46005339
23 37 212258280
15 26 654683148
12 26 73218538
18 37 935689836
6 20 305826818
3 37 831941015
1 10 364759942
25 28 385553154
7 12 812085054
29 33 179457480
14 26 662278922
24 32 586596798
4 8 134083436
22 23 526895727
10 31 364040946
4 25 952723816
14 36 714312692
6 24 738190966
13 43 259845103
26 39 99439002
22 39 451397963
21 42 237796115
9 27 505792905
17 29 889904466
10 41 594608271
32 43 704374297
19 36 913169312
18 44 162956351
2 19 31576051
4 34 882908131
7 22 115269495
36 39 676948925
13 29 587964
22 36 469629766
6 35 794053395
22 29 531137690
12 32 57997838
5 12 914125613
1 24 244799424
19 28 586701403
16 45 725908376
5 26 948811239
17 44 287079497
20 22 243879490
29 46 801619666
1 14 419305246
7 28 519968622
10 42 598987697
13 36 363910412
7 17 633506003
5 9 342718933
24 35 108447866
15 17 786093848
3 43 669540216
15 39 531636261
7 24 575333669
1 2 399833669
9 43 454171378
9 28 488428848
32 35 710601415
14 41 529871192
19 38 59454025
6 27 78677182
6 13 422912750
13 42 432091887
33 45 305584102
21 44 73578796
16 41 28043942
13 40 141638150
34 41 448114970
26 36 806342127
9 15 635851749
6 11 400109897
3 13 598121664
7 40 640590345
2 13 31103608
36 40 291146091
4 19 72817701
7 36 454032057
33 44 664927217
10 29 404665554
1 13 513451114
23 24 237059637
33 37 42949696
3 30 944111916
28 44 51972195
2 36 367029655
16 24 514178893
12 25 630363421
3 20 508194646
13 19 126056339
4 12 293931653
9 38 334888589
24 46 639542052
18 19 862479802
15 41 527560939
19 42 127496938
9 44 450422409
43 46 140056163
1 38 743254360
27 41 689469473
24 31 539654824
26 41 188083201
27 37 676155029
16 44 18650624
2 17 794433089
26 29 576164278
6 32 414425742
6 25 307630445
30 40 552489862
9 22 210953413
6 21 142288306
9 14 826095557
8 24 703006924
17 46 938599169
1 8 902836149
17 31 946520540
2 28 389600471
11 44 201357391
21 35 658083064
24 43 102621524
1 17 69747680
7 8 393397245
17 32 294871371
40 43 243173919
7 39 576170640
8 36 632444737
12 13 645094033
1 25 16202362
16 29 129724715
4 36 499394942
35 36 287902875
1 26 32600890
16 34 433035573
17 38 595775196
20 25 158998999
16 21 396151140
19 43 82215224
30 31 565436451
1 32 195608778
10 30 929480531
11 18 115254052
5 22 195271065
12 24 578014615
4 14 960965391
28 40 18791307
16 22 445332896
3 18 758792164
12 27 984197526
24 25 711892065
6 46 987979076
7 35 983402143
26 32 952154093
14 29 878711303
25 36 253017
24 27 31233616
17 37 551132200
13 45 196691517
14 30 759352102
13 32 810393041
3 23 334961811
19 25 885710527
19 40 988394880
3 17 110744843
12 40 541363130
3 9 257597829
6 16 546044322
14 44 618505123
38 43 11650042
20 37 720821660
5 43 424052857
16 46 794152956
44 46 898542941
29 38 574104672
15 40 618066954
3 6 83245237
21 30 66198412
29 41 438356174
8 38 318491157
27 43 732218400
28 43 224254274
45 46 94229194
5 7 935848903
11 32 121013360
5 40 62467093
19 41 811918353
15 34 446406646
3 5 314221358
11 33 449432131
31 32 707877332
8 42 977856445
14 32 725560552
12 37 465111035
18 29 803680851
10 38 565534092
36 41 495972828
3 14 83264533
12 21 412603312
23 27 302936337
9 20 819128731
16 17 80484394
7 23 704439730
2 10 89634743
27 40 576873330
16 42 612019820
5 10 311598661
13 21 780905933
37 46 338963824
12 30 906108640
16 35 882135510
5 37 383576627
33 46 113947448
2 32 968310358
7 46 338470946
5 33 912683781
22 43 341682827
19 21 641163112
21 38 225091918
1 43 917299995
9 10 122381079
34 36 791748611
3 39 971712429
18 43 28688007
7 43 523704215
4 39 305837277
1 6 258955729
30 33 636464413
30 42 8771414
2 26 899453934
17 23 581054168
13 35 357358387
2 45 657822241
12 16 821375902
30 36 581835704
11 40 537395756
27 39 120512061
2 35 695745577
20 28 606831613
7 10 255417093
13 39 659230230
22 32 388891903
17 42 955700976
14 20 143605486
6 42 482647437
3 24 16747451
40 42 707713485
4 15 691471302
25 31 77660039
25 46 100966234
20 33 104039450
15 44 68745228
17 24 672539059
23 34 21808703
10 14 341440739
3 40 262422850
9 18 690996515
38 46 771373278
14 33 529187418
13 23 316202582
30 41 810554533
7 33 780569163
20 21 412088574
8 28 736320094
4 37 837404019
22 27 1760706
10 15 33197372
8 37 18511330
36 45 687513088
6 26 690139805
18 31 170062178
4 44 882141146
13 28 456393757
2 42 212788886
29 44 273525889
6 8 849932380
31 45 566974203
35 40 454864791
40 45 955058358
12 31 468811388
35 39 733503915
33 38 438938547
2 4 393594377
33 36 177470420
