48 962 29
724871782 0
668960169 9 718309113 38 665330203 874536600 124692455 46 59864708 5 706039242
576802122 2 9 21
323642126 6 6 49 33 39 755311929 997962009
999992131 2 20 45
999997901 12 693323914 995260385 933139491 45 34 14 646208007 7 32458471 11 41 40
999990754 3 25 890501791 466989628
396653419 5 209112384 30 47 712260153 6
783726527 15 26 651586528 549015053 454763381 44 48 588963303 18 53395357 941601512 32 707960434 37 64596779 784845076
999999481 15 129099962 121605394 27 290282787 14 49 507866405 964363787 628509756 744860210 19 40 254078488 39 28
979255398 13 247416611 38 14 44 20 49 31382737 957064614 11466592 26 233519615 39 9
537258950 5 32 9 183519813 844016201 46
279646490 2 34 950625378
356359191 16 935244641 41 560954386 349940886 44 49 882727192 9685700 790026574 2 46 10 958335796 29 26 32
999993348 9 427983853 26 694766235 774496799 422232309 710658455 3 51898202 50
999997396 1 115578134
999997061 4 927702104 9 48 955593497
90988386 11 219319785 49 612512716 645329340 712520957 19851145 29 23 7 175358364 2
999998917 11 50 236949023 516943703 637215697 443965251 28 12 32 63229642 31 322917105
999991442 14 10 20 812538542 727728980 17 22 561474147 222935028 871741899 35 402309610 899475040 48 47
999991131 5 20 28 7 47 4
191805833 2 21 630817410
999995185 6 30 804143555 121608865 19998114 718101671 42
999994647 3 236273290 168855133 628735759
999998055 10 61916649 2 984999356 553309341 269806654 582582084 513521080 170169739 26 754716458
999992758 8 113568489 142052690 316636584 4 492285439 30 41 427334193
999996998 6 853974307 967572815 301767805 671440184 174566481 35
970617674 2 39 135926107
484083764 5 10 412004540 16 42 3
173080001 0
999990037 5 9208615 16 989872830 62461759 29
827038995 0
999994014 3 539661952 5 43
999997751 7 28 8 48 49450835 40 30 36
299527195 9 28 418600673 6 588452976 27 22 223848876 42064084 14
704236473 12 371375109 901187177 46 124076458 43 810683491 50 39 677279782 936851288 86700645 28
999993043 3 127474134 41 134616993
999998183 15 122125767 499981771 45 819258924 765541970 108032832 14 130960259 43 11 26 580581382 17 101776646 482392131
751202712 11 35 875338198 45 392314474 1 18 20 950538688 8 749394637 10
905471657 6 11696539 175239083 30 40 42 34310759
421614372 15 21 6048797 24 22 35 28 99305570 971319301 685251277 38 25 50 20 122245565 100183816
13923605 8 13 19 177402740 7 893205693 657426584 35 11
166897957 12 5 47 654097503 22 511103181 25 29 30 46 38 17 41
999993987 10 13 963488862 39 4 19 565772385 7 21 43 16
600641298 1 84131908
999990018 2 267773365 46
999994032 9 995614941 728649388 612410737 124192801 4 265938947 664811835 149076370 43
0 9 127841591 3 15 466614684 44 211322545 821355449 22 20
10 28 78235748
2 29 287284029
19 34 9145774
8 42 775191397
34 47 540378355
27 35 474008187
39 43 33124610
12 19 177670524
25 26 87746246
10 32 126479012
25 44 202944899
9 16 870475495
10 46 169173625
26 29 534770271
5 10 23467304
5 47 771553524
10 31 386597933
18 45 749052858
18 41 430131142
20 36 120631072
23 29 109019096
15 41 681565336
18 28 665899559
13 38 57300172
12 18 93341661
3 17 561470399
43 45 492552389
2 28 680218263
13 28 949171312
30 46 417709588
2 38 843255196
37 47 779374371
16 43 100617015
22 25 478113187
1 7 757704185
19 20 206290355
12 47 193383516
12 30 861383336
21 22 452124252
2 46 317961582
17 42 660011745
10 45 841752470
14 40 16410576
2 16 519322851
22 38 441991969
32 48 790736855
28 34 978811901
1 46 367616645
2 24 951054804
28 29 167726127
2 27 296990440
43 48 280514971
11 45 114388523
23 48 54689733
4 15 765614516
15 34 964495038
21 27 104599645
6 9 283223097
14 30 33250944
16 27 86592108
13 45 739578385
18 43 465522780
18 25 299956538
1 18 502851904
26 34 383901958
44 47 664803032
33 45 897110864
21 41 23782705
32 45 939732659
17 32 283044864
31 32 451123751
8 26 836006137
3 18 758820113
35 44 676733615
27 34 774291532
5 41 972346671
10 11 493171035
31 37 937292905
6 19 976041578
29 43 749171616
17 20 963239190
14 38 893352285
28 38 64325352
27 39 576882143
6 48 995607425
2 36 266954239
12 21 812499611
9 45 2454570
16 46 74705961
14 25 68423482
37 39 147546610
12 15 67900112
14 28 183672307
8 38 138877920
25 35 150370527
2 43 224690123
35 45 7056886
30 48 678992473
5 14 887693747
22 48 780472951
32 37 820834325
7 47 182548698
17 23 2903916
25 48 57170010
10 34 569224155
1 45 631640072
5 34 18879995
33 48 210004759
31 39 409765902
5 35 67298889
10 21 89448565
23 31 526262496
20 31 115064122
12 37 20404038
11 12 313645935
19 42 738575391
14 41 700820529
4 43 620330546
10 27 811160059
3 4 486367024
19 45 655610397
4 25 949671328
29 38 522579981
28 37 582075396
8 9 213591468
6 27 344998661
10 44 793879647
7 25 252061833
1 40 76516125
23 45 764217987
2 4 778375562
23 42 229675022
15 43 276433818
16 41 887953238
4 47 232538825
15 37 173010793
2 35 49876411
12 38 267672316
28 35 987390910
10 43 357318624
2 6 351638347
6 39 356538761
30 41 426094792
24 30 759494464
30 42 586099168
4 19 597805679
26 46 879022180
18 35 548703523
13 16 382518970
2 30 95566224
17 45 368526076
1 17 208239718
26 40 96291840
16 26 990858876
6 43 30692449
3 15 137181478
22 32 755527486
37 42 232881492
15 29 102320832
27 37 536749545
15 28 368604757
9 40 757927431
22 39 667068626
19 35 255599284
9 41 448320416
1 19 369678092
6 20 324775227
35 48 87765328
26 47 758862547
32 39 357266167
13 14 131834405
22 37 24402141
8 39 988167882
13 15 921500520
7 44 249659587
12 22 483941415
38 41 297837991
2 7 718407631
35 46 253532502
27 44 719526915
8 46 30205125
7 38 371215760
10 25 372155519
2 42 628563769
11 32 390121642
25 36 773089411
19 21 332793931
11 26 114350641
7 16 54775183
37 41 116483229
32 41 346617575
14 36 775215464
27 40 694809840
42 43 314394885
16 38 172662711
34 42 502711611
5 29 828159508
11 46 410364539
1 25 37941161
2 37 36365795
30 37 729790946
12 28 802535201
15 27 459463109
28 31 236063039
18 48 805253352
3 16 671189412
21 33 952970910
34 46 501359195
5 7 645060672
22 24 301155794
8 43 554708581
9 13 873107569
27 33 382827478
33 36 288215818
6 32 27433118
2 15 701347792
28 45 986553170
4 39 672325290
26 38 125801536
24 28 812770920
14 42 260934595
30 44 935442165
24 45 487914261
6 36 419235308
17 48 105071789
10 37 803214666
20 41 229291209
16 30 895164808
17 35 664827045
8 28 885403676
23 44 212994942
41 48 302000576
5 39 943150811
10 30 350597092
3 10 735230544
30 36 852523585
36 37 204877398
3 25 915103345
4 7 77283459
22 34 678282942
8 22 907246106
36 47 694651967
1 8 862852544
1 21 601172352
6 11 330746455
14 34 72456101
15 31 925843845
1 6 448322210
23 27 53815244
7 17 642979705
9 30 667320016
19 47 637727277
7 31 135985389
8 20 564989070
14 20 739685626
6 35 100656797
21 38 429802321
13 26 635985396
42 48 90158240
38 44 672850804
8 31 576250125
38 42 817162442
1 31 972279932
13 47 76121328
4 37 916920304
1 33 667657315
2 12 67120672
8 19 308954083
9 39 710731564
3 33 268891258
18 20 969731515
14 23 949865271
20 34 17373168
45 46 544705052
19 25 675524765
3 44 380952454
30 45 815379111
10 48 606385211
2 47 316115898
22 47 518786922
21 24 401607570
1 15 669792872
37 44 344345178
36 41 524350653
18 23 705206459
43 46 358010282
31 33 15306316
27 43 779504512
27 42 746242571
20 37 992727242
21 23 246798122
1 16 526058576
17 27 276827294
6 23 407385330
1 23 667466676
34 38 531012096
26 33 965132838
21 29 390318837
2 8 32068274
28 43 69587461
12 42 560427751
11 36 969761760
17 31 440505998
4 36 313446252
19 44 778508538
7 8 313548607
6 25 384885892
2 45 792516595
35 38 824567320
6 12 959689080
13 31 978590527
7 33 266140943
3 30 544022494
34 36 810750435
15 30 423645620
9 28 870914554
14 37 12968341
35 40 264840139
34 44 294975289
27 48 492739258
29 34 736976235
11 30 803823189
9 23 498411397
3 34 488608015
14 27 501274410
6 8 520045414
36 44 791514621
39 40 128621004
19 46 295162487
22 45 469176937
16 44 524742037
9 11 407914179
14 16 33284155
4 31 991184714
3 14 103557058
5 24 254259621
40 42 142728186
11 13 667428123
4 20 359455295
39 41 816634650
20 35 309365935
29 37 193110992
16 36 122866419
28 41 141450372
40 41 966136136
15 44 989353362
26 37 803235150
29 31 881104900
7 10 922538208
6 17 17295099
15 19 208729936
13 18 571661262
38 40 34670231
16 24 992597704
3 39 100158224
19 23 107371580
31 46 998428768
18 24 67953768
9 34 327247269
24 48 96873147
1 27 525064151
7 36 489294280
16 31 188526752
13 35 869851308
20 38 95205145
10 15 842192929
1 10 863733828
22 35 507909553
4 48 357976277
4 22 145045934
41 46 14772313
18 36 425207714
37 40 405416436
9 25 692045322
14 18 555081972
8 41 878563460
12 23 727661329
12 20 260961774
4 24 590773271
23 41 879769391
21 47 722992190
25 38 694946198
11 23 840849212
5 20 190162778
4 6 408395710
25 28 361992692
3 37 292658928
26 44 993918158
10 12 132878237
20 33 135771770
4 28 179914651
21 45 768106331
1 5 87225673
28 48 676280411
38 43 864913889
2 40 69010061
1 38 983044824
19 32 27148447
24 42 819328360
18 27 727752227
41 47 110068991
22 29 355924795
12 46 729461674
31 40 953319632
21 36 740839135
18 46 402816470
3 38 955942982
2 11 680846116
10 47 905023608
28 40 573683948
12 13 618209030
1 11 210359925
11 29 259166618
16 23 130180592
26 48 12368651
34 45 158735398
33 39 652710439
10 35 525165558
18 21 569535848
27 31 97028373
40 48 272609293
3 31 83645119
27 30 375800346
11 44 976753632
14 39 974134111
20 40 903277800
6 41 45647939
7 22 898629697
7 27 56178799
4 33 235825885
7 23 444292161
24 46 190985089
2 44 614254178
36 42 331691062
8 45 899668538
9 19 346681359
24 47 633596980
3 41 105862809
5 28 194817710
26 31 142737630
14 31 338086723
31 34 466327664
11 33 12169506
5 22 393581921
6 22 98800351
10 39 989412105
20 45 729001791
3 42 492611461
27 32 601580543
10 19 379562345
7 21 958054659
11 42 231075966
1 41 156570180
28 30 306081668
9 14 124587918
6 28 225372413
16 22 199867430
15 22 551442005
15 46 909173787
24 38 985417943
11 41 279464434
5 32 256099351
41 43 860259943
25 32 204238544
27 38 278046036
22 23 520638621
20 48 162560943
4 30 385301389
20 46 941169712
5 33 523035364
30 34 992718704
4 10 233464972
4 12 292624204
24 37 109655772
9 10 434963606
37 45 62288479
12 36 922420112
13 24 575410615
4 38 772131344
13 33 802069595
3 7 68482749
7 48 991310777
4 18 74422801
26 36 550174814
24 32 920511572
10 13 786382844
38 46 526650656
16 39 810849113
7 26 657271143
5 25 21072849
17 26 868094950
33 44 659179139
6 24 959298211
19 31 130744171
7 14 719271614
15 38 486639637
15 25 108038332
11 39 18798053
14 32 559595282
4 21 903086347
35 39 347215746
25 33 950886184
17 40 561833357
2 31 545657612
9 37 387272884
17 43 163855599
1 37 207640842
20 43 898399245
5 31 910140841
25 45 750884958
42 46 814473533
44 48 269683167
18 47 273024063
26 43 957489348
15 24 709970437
6 26 17758900
35 36 402561236
6 46 636085288
36 43 435413083
5 36 36015442
15 18 600989711
17 37 78053798
44 46 22905776
6 37 828085956
33 47 710629162
10 36 267491773
11 21 521528211
25 41 300130909
27 45 825656159
39 42 479687968
25 42 970712302
7 45 150361833
12 48 171124655
14 45 42700832
18 30 968190019
15 17 429223703
8 24 131103665
9 27 82842984
20 21 41279598
8 32 792088760
1 32 194932557
3 6 982044156
42 45 449271823
2 22 363529392
11 37 244828024
2 34 515587280
1 34 45696930
8 17 293846565
29 35 304912584
4 44 823359321
24 31 120296373
20 25 547315034
9 35 317409578
16 35 110442180
20 24 246119660
5 27 963114286
29 44 814627823
3 43 10029335
8 13 932366210
2 19 243860330
20 32 69292436
8 25 245250910
10 23 277913072
11 20 36843653
19 27 580677574
3 29 708444608
13 46 817818699
6 34 952373982
8 15 590950362
1 42 346433804
7 9 817863452
33 46 130638589
23 24 959739234
5 11 601423622
10 40 514226648
30 40 921816028
1 29 457247911
43 47 256057504
25 37 411197114
9 20 23019341
19 41 5620481
22 42 692848632
27 28 692256293
9 47 958667456
20 39 413071478
3 11 972793027
27 36 319682051
3 20 420975258
23 28 96615889
31 35 24043079
2 25 720199182
18 29 899394322
13 25 965442394
11 47 617640778
1 43 448352982
27 41 221030546
33 35 224640419
7 39 129928993
2 14 116650846
17 33 52619717
15 26 98730410
23 35 465689955
18 19 833877061
19 26 697833745
17 46 761580443
7 42 393851836
41 42 372768633
26 28 364259419
18 32 301214334
32 43 419883237
37 46 327593019
9 48 56057129
4 23 259825664
8 40 321646499
22 33 127098921
3 9 906198832
22 46 957228013
17 41 496758142
10 22 111070350
32 42 426630725
9 43 621501413
28 46 59463119
7 29 966245069
21 48 184997422
12 32 110655437
24 35 722059421
14 33 98310793
34 40 990481891
16 34 669135373
12 34 734612964
31 47 243943660
11 34 727096327
11 24 717733285
34 41 844793097
8 37 123479058
39 46 406487129
4 17 944422733
14 35 739250514
2 17 889672783
18 42 735676259
19 37 234161297
30 38 291093026
19 33 940884931
9 21 543124896
4 40 298736010
16 42 963803652
15 42 623582358
23 38 596367693
11 25 619787149
23 26 875151979
10 38 417617315
17 18 488246675
7 28 600105705
2 39 977740552
32 44 856777827
40 46 195139411
20 47 876185192
19 30 275927564
31 48 620323704
4 9 132123128
28 39 949306670
3 47 314255734
39 44 491859460
38 47 471753725
13 17 56816919
26 35 707429166
27 29 333577514
14 48 688990632
5 19 128205732
22 26 275978058
11 31 85180696
6 30 780955385
6 33 957349903
2 13 483468712
32 36 728451758
7 35 201766023
5 43 416551322
10 26 808196511
3 45 279161534
7 37 725090093
20 29 479372290
29 36 810412685
4 27 480711451
37 43 599149374
31 45 871167202
12 43 298933444
14 47 198761250
3 27 770230135
42 44 989288127
26 39 438817462
18 31 574323388
21 32 953047367
8 23 9121592
4 26 604318194
19 22 893710464
46 47 476777929
6 21 614443896
24 29 38548908
9 18 491626632
2 33 409105232
5 13 217858415
13 23 24174433
33 42 640443854
6 31 277763520
12 17 900619764
4 34 905020919
28 47 209680817
21 25 170850564
12 44 471828514
32 47 212118237
7 43 104577042
29 32 443654434
19 28 681119481
32 33 519208987
22 40 824934326
9 12 240572648
12 24 488869244
30 31 311928756
11 48 59151646
15 35 464077780
27 47 158789607
6 42 139747264
9 22 79683336
1 28 439789184
2 26 938282935
19 38 622083530
3 12 193319937
39 47 466913617
5 9 252974007
4 46 899701881
9 44 766953173
16 47 120701072
14 22 257537960
14 29 237651865
2 32 874838453
7 24 981493718
20 44 775861047
24 27 254614834
29 41 136871511
20 26 112088934
2 9 198827789
35 43 823047124
22 30 504943129
34 48 119103493
7 40 981116048
7 13 688341819
23 39 864112605
26 41 856407988
16 33 946705420
38 48 143372872
8 48 500822201
1 13 707688283
32 40 951140273
1 30 984743980
25 39 509223485
24 25 720715283
35 47 388554432
7 34 952715349
13 36 538755851
13 37 356447399
8 29 648173270
13 22 120457469
21 28 706348459
17 47 338969141
11 22 775958013
2 3 179630454
25 46 459724953
5 40 405979811
8 12 849621852
2 5 56426064
30 39 45105758
22 43 919412960
19 48 25936456
4 45 32190453
23 33 501496204
36 45 937080555
6 40 433427068
25 27 219504402
17 19 591952536
14 17 497862109
26 45 893331906
8 30 497207112
16 40 417327650
3 46 468954786
11 40 146427063
6 7 330827540
5 26 7554899
22 44 477709361
17 39 827401510
2 20 598183660
5 48 898537663
22 27 36116242
19 36 150351293
2 21 176772961
5 16 814094185
29 48 962730727
9 32 57160334
23 36 765515651
21 42 215641111
22 41 593953835
5 44 464883989
34 35 406117345
24 36 27538224
13 34 505930240
7 18 393726517
6 10 888870150
16 45 344410817
30 32 329261613
16 25 33123385
9 26 89582289
36 38 33185993
14 43 259676362
4 42 217283557
12 31 417350661
40 45 112178800
3 24 794992840
29 45 936085869
38 39 49501674
12 35 937453240
10 29 523596529
3 19 364578516
21 43 328476638
8 10 42485772
17 30 56267792
18 33 16289175
11 28 775343077
1 47 755712151
7 11 992337846
11 43 60211450
20 22 405920373
14 26 273509353
34 39 454485740
19 29 107056099
4 5 878252018
16 37 764452030
11 35 80721797
6 38 371864280
3 28 690536228
4 29 66936685
31 43 342475559
11 18 450203155
36 48 985217378
37 38 5354426
15 45 31427363
4 16 92276433
21 35 942988828
11 17 343293651
33 40 280413710
13 20 753978332
5 23 347375439
9 15 118063329
14 44 499977257
13 27 837295669
12 16 904277658
21 37 642350206
5 42 839974564
17 25 217088204
3 48 150985016
12 41 507779868
20 42 140524855
12 29 619760113
27 46 670874788
26 27 333504601
3 21 265919863
19 43 814986928
23 40 310945996
8 21 893908888
2 41 422977863
33 34 706469439
5 12 192985965
14 46 279041441
6 16 293889356
7 19 563185172
41 44 571088624
33 43 627286749
31 42 376054042
25 47 500159864
3 32 62616975
6 29 850733679
19 39 626180099
24 41 646864842
30 33 451287214
17 34 453082049
23 47 829527340
16 17 906553300
19 40 360887482
30 35 907990183
9 38 386757087
1 20 99651208
3 36 394656745
22 36 374491892
3 40 826501168
8 27 670155968
8 35 560832570
31 38 775204034
5 18 39126603
35 42 976655113
25 34 667875307
24 40 217195244
14 19 441804999
26 42 372432302
8 36 14375987
17 28 457469317
15 47 604114191
36 39 211495135
6 47 136574831
16 29 474514425
21 40 460638780
32 46 409743195
12 25 518076389
18 44 61000368
12 39 312048807
31 44 900133159
9 31 319908992
11 14 182359463
36 40 93593297
16 48 416922821
11 38 687730601
25 43 361618707
1 26 136545364
6 14 995648429
5 8 159100866
24 44 941228895
5 15 467349597
13 21 346243697
17 21 240952021
9 24 395145329
29 46 297415895
9 17 385441291
16 19 117639593
13 41 84071579
13 19 975108870
8 34 24234875
32 34 227902888
13 30 659716964
45 47 958967422
25 31 490084797
40 43 830560949
21 34 442840636
29 33 487318484
18 39 988369235
1 4 48844748
16 20 133787682
43 44 383825753
21 39 816101880
6 18 792062430
22 31 565214585
21 30 253684209
5 45 135043472
14 24 975303040
25 30 846035348
11 19 155158530
3 13 904855099
29 40 619950187
5 17 988662728
35 37 989296418
7 12 540571878
17 29 65579228
14 21 236918158
36 46 751137588
5 6 950870325
10 17 805709847
