47 709 27
0 14 1 431689113 392094105 23 22 324345071 763879307 7 50098851 608316533 14 503205646 30 21
999995599 14 522409473 9 349295122 146808732 38 44 36 893784049 42 499774158 21 3 288150274 408018932
999992586 13 35 73232411 26639194 50 790477649 897170369 428428405 39 114746328 21 136032877 697161237 26
999994951 9 15 14 41 95717115 2 382191980 433808656 569002626 11
999994217 9 44 32 155178879 874627735 254918773 45 37 49 38
999997479 16 38002937 927100210 28 43 184382858 967072481 3 46 104420356 40 2 132027289 91762564 135521924 140863041 670307166
999992718 0
185287229 14 325144040 435296688 35 15 528514256 88910980 4 744530857 41 30 43 13 28 8
999994889 11 315748537 9 674173622 844121606 34 23 20 590505138 402331843 19 8
999995170 8 992225535 979614580 18 852044502 26 33 19271463 987368744
999998729 1 47
135103609 1 40
999999522 1 258142548
594146458 13 12 808452694 34 21 834415920 298707313 348636524 247968041 32365067 29 23 591037999 22
999998359 14 15 21 620837119 14 99172778 22 13 551557722 16 252386806 756057696 19 7 20
999991422 16 7 16 10 15 143917995 350727337 33975887 792985384 180084262 590424946 996802840 3 11749091 286731350 965012838 23
999996632 2 319708595 31
35540630 16 938047667 310428449 515405746 23 708882088 43 25 1 207151729 444692941 32 911536133 763463370 416223752 44 365464766
999998570 6 43 123459125 329798806 42 111465936 3
40705372 10 630107491 14 503158877 90386626 17 636276344 780389930 768111767 30 752938617
518317145 6 15 662158152 389036263 464510991 37 541042119
776688917 15 78995286 231439717 48 600893002 32 182387497 276505049 22 9 12 797299178 44 864136510 687214997 467900273
999997868 6 21 615635618 45 47 20 697163324
969452872 13 844137416 47 41 43 22 81844595 20 374088716 97912102 42 870098053 711261017 801522870
999999497 2 86010161 25
999991675 11 39 15 9 913124258 794516751 35 2 16 459924962 295399860 349229524
999998398 4 6 31 24 799377115
999998943 13 71259583 17751564 337920917 994927882 35 8 777481702 38 9 5 25 43 12
11263026 13 14 41 551464111 109344839 40 44 29 460649898 3 927833875 46 24 10
999998741 11 820152640 714678289 907628148 22 14 922410881 606964020 879982599 768419368 48232311 41
30110574 6 892951512 4 36 18 492124229 28
451314786 11 600940753 983732891 2 192602247 185197305 903232057 40 36 49 829035448 265958392
119437620 6 34 19 38 16 5 645695088
999991356 9 7 47 483187448 1 108646216 975620492 852839354 5 163703945
999993832 6 45690765 32 195210406 41 23 5
291382099 1 6
214984284 9 33 48 35 644633379 834286639 32 6 1 661618810
999998552 6 835133339 26052650 37 567870412 41 31
804138029 13 31 868411090 576700265 620276069 490561602 68169365 124758535 546452736 442787776 984387710 9 19 36
999992360 12 19 431532250 47 503662703 701075203 362792518 9 49 353394857 8 647939899 3
956652344 0
999993098 10 7 844155391 990051209 484143529 37 706472095 22 12 5 911838385
999996549 8 32 40 370575547 47 481289356 17 722874694 324834003
999990933 8 26 45816262 24 22 940948545 432243616 27 673908500
999996099 0
999994362 4 921052305 35 28 208027861
0 11 6 693700252 40 773580538 552244698 41 628102292 46 36 5 39
33 40 809689572
8 39 651957977
22 32 777349901
24 25 631012807
24 26 195871503
23 45 833780664
33 39 754711062
6 26 129542584
18 39 464973856
29 41 536597731
33 43 29395509
9 46 737030638
14 42 644309782
6 33 642852749
30 39 804828911
43 44 904679548
4 33 521421435
19 44 158265287
15 40 831444841
26 47 47672853
10 36 34493217
6 36 49224021
28 30 917165333
25 44 109619271
21 40 76484026
10 12 394625794
39 40 449334353
3 27 565627809
21 34 531556820
27 34 823933939
24 33 433170734
13 20 655936917
1 16 842800066
13 33 105879855
16 36 308513000
22 46 554077600
17 22 887522574
30 37 689759549
5 30 487100927
5 19 891859797
3 26 3144877
10 40 669464487
14 34 123174725
36 38 546123362
8 17 1121908
18 20 843633627
7 14 656219842
6 42 241401161
21 31 18805449
31 44 25781164
32 43 205866425
3 41 375357368
19 35 35676734
20 40 603109607
15 37 569528440
8 18 791395316
9 18 486487696
17 23 25152544
5 43 400984801
21 33 116910317
13 16 646365908
33 35 688915700
19 46 312630837
2 30 654122007
24 41 130114226
8 30 363787437
14 47 112278284
3 47 134402351
11 34 656778073
9 19 228281733
13 42 937514063
4 31 651496179
16 31 185569554
25 42 886180531
27 39 100440978
7 44 841177413
13 37 816151141
17 43 754425338
34 36 312926324
32 44 165250965
1 8 793483218
39 45 484053903
14 32 120699558
8 22 611265574
5 6 208484562
11 45 856300493
11 19 564257057
43 47 275033086
19 27 36961744
21 35 188897315
9 23 16820814
18 32 441758661
4 36 412684191
3 25 666786634
4 46 162280398
2 41 873683766
21 27 361076000
6 34 566557819
13 31 828710273
2 43 111769538
18 19 722403401
11 28 888226161
1 10 180899404
4 32 889003419
9 25 176989214
3 9 912812923
4 38 107975460
15 23 731814685
35 43 255788285
18 46 98786515
15 35 83155269
13 21 226348648
15 19 35240652
20 33 778523176
3 14 675762562
11 27 606178461
10 31 563395446
9 11 389859123
31 36 510180220
20 21 667188699
23 28 209279627
12 25 586012164
1 21 639605907
7 18 542947440
2 36 421460871
3 44 165979224
24 29 171753290
14 38 653880110
3 36 890267041
3 6 923461217
23 27 27728701
7 42 669228267
8 38 729077003
25 39 40451698
3 39 42982635
15 36 631459358
10 46 992674720
1 7 274550050
41 44 92847426
8 45 380191169
10 29 16780499
17 33 871440786
1 38 643530967
4 6 395527729
6 10 662756883
30 36 952343960
25 33 406177679
32 45 134126080
27 46 238208671
5 10 79544606
5 33 587250876
5 42 385969917
16 27 633508188
9 43 64722572
35 36 183050159
7 19 93180260
5 9 696116836
38 42 388364445
43 45 194974643
11 44 725962160
14 20 807913822
6 7 400733459
19 33 857427400
28 41 54378884
10 24 266986370
21 46 229343727
38 44 697443804
3 29 139195543
22 34 128349962
29 39 762340308
6 39 353864558
26 31 216263481
10 30 525174316
27 42 94661898
8 26 93552801
19 24 430396835
3 15 56479231
27 30 968074474
10 42 71022535
12 23 9542701
25 34 8893198
21 23 44762501
2 33 706716422
22 31 742321696
32 39 92908861
1 28 704015559
4 19 65215273
21 47 201787515
2 31 377423315
30 46 163054898
1 4 969589821
2 23 224959089
12 14 129614728
27 41 792492034
28 34 68003272
26 33 243678870
40 41 745953864
4 22 488266174
20 42 177432116
9 47 992769372
22 44 440282575
8 27 717114395
6 16 469580320
3 8 95887435
22 29 67867673
2 28 170496101
25 26 704910415
9 34 768559249
10 47 441005103
3 42 887678756
23 29 68118719
2 35 290937547
22 33 124831698
19 21 119259219
15 46 714824292
31 45 572604789
20 32 513846224
1 43 365637416
13 40 61137444
7 28 535462881
6 35 425499885
9 30 871495313
24 31 101414170
31 46 817451793
23 43 53622194
3 20 903943998
9 12 541520876
7 23 788329846
2 19 679117967
12 20 968616385
34 35 724650358
11 20 106598179
20 36 535973060
7 41 926955829
30 34 786276796
6 46 431148323
14 35 20894042
19 41 194703331
5 16 647730900
30 31 517243834
20 43 274834726
24 30 528126709
28 37 321102078
11 23 335224525
22 23 76561969
44 46 99195005
14 22 550094786
16 47 744741612
4 45 530545129
21 42 388211052
16 46 986632500
15 41 381114955
18 34 827035713
17 39 129834751
14 37 293006111
4 39 881152408
11 41 773299119
30 33 236712788
14 24 430768373
27 47 799653944
22 41 580810925
4 28 13575372
6 13 809674835
7 27 69489907
16 43 135047126
26 43 509558238
29 35 129576684
42 43 129206166
41 42 319007829
4 12 136411711
6 47 463668556
11 30 179854775
21 39 131875938
10 19 183885223
17 47 841021226
29 46 627523708
38 41 587420818
9 36 405254212
3 33 104448765
14 40 589831967
32 42 637477780
25 41 213691866
3 24 990063397
17 29 281215915
18 30 159488003
16 38 773601516
37 42 140224448
34 41 860124232
1 20 222540205
9 37 539777399
9 20 732581324
11 33 337909932
23 24 513432888
2 18 569614145
22 35 922940964
17 24 709893893
10 33 111352668
1 9 885022263
30 41 119000141
4 42 115519992
2 16 436382154
4 15 901644701
22 28 695094150
6 21 701223338
14 25 363327442
12 30 833712135
29 43 113334546
2 45 268427257
35 46 619818912
31 35 97165437
2 14 997487513
41 43 660727675
24 32 730645087
7 36 62772595
8 42 564504465
10 41 980649722
1 3 919930445
27 38 577493219
32 36 201612410
7 16 385175299
7 12 224749996
12 28 513364967
31 32 95542203
23 39 964851973
44 45 619833624
22 26 815670046
22 37 869076738
21 28 431194019
29 40 874664008
9 44 6916107
2 24 377291903
37 47 292571442
18 24 574892954
2 9 764763293
24 37 1297568
4 7 46477917
24 47 73858728
28 31 416648455
35 44 341635106
3 46 442311101
32 33 296034188
6 14 136338921
13 17 586895217
16 44 469865453
11 29 766532256
23 37 753244047
16 42 316863739
9 45 146079208
19 26 768396501
24 28 373294759
10 23 765813795
40 46 700774335
34 47 979615558
21 38 566622508
8 20 351439568
1 46 987752096
14 23 119431105
13 46 665101032
33 47 544140306
27 31 872918248
15 16 316780747
26 41 159529422
33 45 377010487
18 22 230433881
26 28 68967481
11 47 472650110
19 32 876017667
23 40 526970149
11 37 143363585
29 31 881916591
6 44 955042616
35 45 847309611
18 21 698792405
25 32 338349097
7 8 352409830
10 39 258637975
17 18 394978694
31 39 155351413
12 18 723776025
3 12 622428870
13 14 842030284
9 38 480041132
28 42 121019775
26 37 278713878
40 43 953120288
16 17 316735567
31 34 735331857
6 18 540185678
15 20 528972171
12 26 234606026
5 18 794834822
2 42 255605280
40 47 763927748
16 39 814319047
27 33 649258337
7 38 132963629
21 44 384343247
35 37 61852922
31 41 325048744
34 37 474779084
18 36 353713618
20 29 891364637
15 39 808076179
3 7 80718790
2 34 15117792
34 40 923463053
13 45 808568815
35 39 704798832
6 9 442541376
4 23 765233037
10 11 660898497
4 47 435604684
1 22 216234130
34 42 255637469
1 37 690540755
32 41 671968256
17 46 226963906
15 27 838332549
7 47 552432262
18 35 224604784
16 18 234376152
8 36 82535370
20 44 179652521
7 32 320474231
4 5 864001134
36 40 566509960
26 34 688936637
37 39 275174078
12 24 352088599
4 24 298969990
14 28 966260801
8 9 939400076
8 13 91820193
4 40 80781141
1 40 549300313
4 26 64318859
39 43 305970113
12 47 531654134
16 23 491737485
32 40 960332880
24 39 790351983
18 41 733154601
21 45 381473833
8 12 89492088
10 13 244172927
21 25 628708135
18 38 64433026
7 11 256174785
5 34 198357185
13 43 800505672
5 29 494858201
35 38 383850313
12 19 716711462
11 26 138967297
25 45 620149161
21 26 416703917
3 45 183692071
43 46 594822466
1 45 863219898
30 35 151244686
5 22 925292983
25 29 22859254
20 24 200577382
28 43 145979226
23 42 468506315
14 17 999108415
24 43 663825778
6 31 616709180
23 31 3495876
25 40 441502538
2 6 412525708
1 14 739178884
19 28 860581322
3 35 13900034
14 26 723348606
13 27 536226746
13 36 797613891
15 17 490883948
7 29 838120037
10 14 102158543
33 41 435864421
16 28 122507217
26 45 189258388
3 5 185260141
20 45 199925576
41 47 521432003
30 44 190001835
5 20 208669061
36 42 299644939
33 37 479417078
11 16 240230165
33 44 524151484
11 25 574729822
14 16 888551679
13 24 504414955
6 22 424508912
7 9 944493530
21 37 745002276
3 10 138748876
10 25 31538883
12 35 262057798
9 40 803642085
36 43 666098123
42 46 355159140
20 35 87396591
19 43 841252957
25 47 702736392
7 17 217987162
5 36 85472574
11 43 395348774
16 32 97249061
10 16 235199606
24 42 71906517
34 45 880527210
1 18 615497001
18 40 254362546
12 33 465036977
27 29 34647135
20 26 922832127
6 24 949394512
17 32 76898843
8 29 42888176
12 13 713600963
8 47 909617799
10 44 367414177
33 38 93993767
23 38 829856961
27 44 63954882
3 18 14427957
12 17 817451572
38 40 856548182
15 25 212512459
14 30 834851451
13 30 157752962
19 36 636965867
15 28 472944998
8 46 455343997
5 8 198532647
12 34 776708510
15 42 820534847
34 43 118149722
7 39 166334978
15 21 96238337
6 41 554802863
6 23 174771949
3 28 740591249
1 32 1617607
28 46 57937993
19 30 52779652
7 35 446668985
16 30 27871130
6 30 108642931
16 22 140479860
5 21 504676437
13 18 267842374
10 21 766343759
2 21 92256247
2 25 39031481
12 41 162968595
46 47 299160875
28 33 671121480
1 36 74093377
5 28 697888535
4 44 509208142
2 11 52755026
14 27 292930056
5 23 580523813
21 36 121390337
20 38 708748562
31 43 490708392
3 16 803794407
1 29 215099382
7 43 42247238
11 35 937061588
7 25 847965204
6 12 247989078
14 33 981007290
26 27 44342121
1 15 159146527
2 46 282080361
1 12 214460093
25 28 997560412
2 17 976583401
14 18 221020280
27 40 597533873
13 15 514439250
10 22 821297173
10 18 2411636
6 38 983669493
14 31 773792945
9 22 733244742
33 34 55754083
15 24 196380828
20 46 98180558
5 13 358679170
18 33 419945259
5 44 807787686
1 33 73155870
9 14 241489121
37 46 27252104
37 45 858421171
6 32 945383976
30 42 123746336
9 42 248295456
15 32 444817890
20 23 496599579
2 20 896386774
42 45 744831013
5 15 357482569
10 20 448294955
23 33 928305192
28 36 994333703
17 27 138262234
26 38 78013018
13 28 214182072
28 35 71290699
8 35 646956474
8 43 457354289
20 39 669502989
6 17 583151340
16 29 580254496
10 43 144899861
2 8 337137284
23 30 421925221
28 38 437775147
2 26 115814293
5 24 443493092
34 46 807205918
18 23 30153918
12 29 666539384
2 22 990484056
4 14 21971934
3 17 459537460
20 27 113176042
3 21 37492318
3 32 948394029
12 37 481111004
4 8 946904433
25 43 688057466
18 45 365384490
2 37 944082532
9 33 196945653
16 26 591346776
30 43 674363653
18 42 889370504
15 33 570869385
16 19 931249469
1 23 222327793
12 21 72167540
11 32 77376431
17 26 736863919
9 16 579923021
34 39 971580700
8 16 36223208
7 45 600689809
40 42 637987128
9 15 735322830
28 29 637380668
22 40 691600701
36 46 653203001
22 24 505163707
34 44 165858468
26 32 816913703
26 44 384749159
2 32 428722797
30 32 851257450
8 14 487896048
12 15 236077989
11 46 663040626
1 6 971631264
16 24 378941597
28 44 513535478
11 12 149583875
6 20 293450383
5 35 167693168
5 47 127188484
1 42 23242120
22 36 814302753
9 31 533749562
2 47 434269767
7 24 513693851
27 45 980575425
12 39 421740389
21 43 166099350
3 37 341470962
22 45 53544152
24 38 452381708
13 32 687193336
6 11 423028478
41 46 148182862
26 42 779813454
7 10 116094871
25 31 568418295
12 44 348244099
4 43 834482237
7 20 769672917
14 29 773073785
19 47 54798689
10 26 819418107
16 33 984627891
10 17 211145003
23 26 733817977
24 40 457768022
11 31 118008644
8 40 106687735
8 21 324034496
35 47 394079201
15 38 394589464
38 46 75559692
