47 819 3
703980760 0
999993546 5 781926522 9 10945682 677155581 48
999996293 11 38 467222926 859488827 47 17 146141366 308783677 33 10 13 34
565283270 5 3 35 26 875771276 694338003
999991803 13 805064993 2 41 3 26 348585581 763640293 8 36 37 48 330353635 798157228
999998003 7 4 48 506907750 932657716 50 40 28
705742495 16 964553842 40 3024051 423591792 188700118 54293726 784154531 122433416 36 43 2 24 800504171 971317583 196699911 882874813
999999931 10 428653888 11 13 965641418 468823461 550007810 327514019 32 389610171 567567919
481832725 1 49400646
999992170 15 371611399 656992420 23 45 600136116 409940320 432658488 29 39 48 299764977 43 104572116 38 148273916
722123904 14 19 26 58721290 42 51390019 191804975 12038100 301019880 892064631 17 894002400 4 63359375 701782270
999997199 9 6 18 21 871516812 117922529 203031640 107325931 997985247 30200850
994840940 16 22 119441060 474794784 5147398 14 19 23 5 573091749 40 153239049 256591328 1 31925546 37 106041159
999992304 14 1 32 21 653113875 550002867 159498060 816329240 678355704 28 69711869 578614520 861133022 29 17272087
999993463 0
999991376 2 786965226 58064016
297825613 0
999990566 2 49 7
999991713 4 185651407 14912321 20 243658697
999994025 2 701543257 50
999994033 9 825962627 112306318 111522174 14 41 16 2 393718487 87976192
26735104 5 39 260221689 147883248 905706571 660687087
651966954 5 800969464 30 579376854 2 782586331
999995581 14 33 715910042 40 23 450712488 760453368 104605355 4 25 29 34 652444303 31 12
999994738 15 6 195753098 102242708 7717835 27 324641966 34 43509565 21 31 25 9033617 880187311 823241805 49510025
942217431 15 476639548 91932284 662680108 46 3141956 295793432 730345884 8 50 7 496994563 5 2 36 165717158
999998378 14 20 931386206 828979400 15890576 12 886827945 9 568782789 48 21 44 28 62166585 620276831
486702852 13 36 153378442 34 912380269 1 33 820969691 23 7 858115345 533159922 5 2
999993468 14 273249376 25 330487733 509500589 21 920401686 99305877 574019167 48 940749213 742996189 774716936 27 871835284
276393603 5 513079927 61980997 604182974 49 343355413
340987206 10 751997025 347989093 45 38 30 47 819490278 44 336086209 823745432
999995717 5 21 9 440103941 24939119 268914518
471741223 14 780335256 26 263640501 30 394906621 417062577 302965632 44953477 742632781 27 35 16 11 24
999997472 2 601843246 444250214
999995311 0
836484275 2 5 7
999995164 2 449123407 21
740047507 4 28 19 39 242523148
999991556 14 13 1 13158749 517347168 821859726 4 682260160 548499997 28 737102151 502846369 36 26 21
999991990 1 69566513
999997131 7 16 761637641 37 15 47 29 414247051
999995361 3 11 209965694 35
999997055 14 8 4 18 22 37522700 114963371 2 941552892 5 489307211 46 40 516156538 586273311
999993464 2 17 886982854
999992713 1 135428434
999991862 7 192424550 1 46 45 14 44 2
0 6 31 144934629 40 13 68765243 35
8 22 698921067
22 30 338191613
23 44 973033334
5 27 974212981
9 42 492150570
24 37 272476181
27 36 832239448
24 28 664624369
31 32 511035950
15 34 320821267
23 47 617398582
16 34 933797065
23 33 955780641
28 41 163510192
27 39 949106872
19 47 531348215
10 36 411704237
7 35 558178203
36 38 471563177
3 9 774164301
4 36 880422071
3 5 400645174
22 32 240398257
11 34 135714359
4 20 715757694
14 36 102434991
18 22 851140656
17 42 800522189
30 47 273123405
8 40 524410430
8 17 671889113
36 39 575290919
13 29 777814823
15 28 173363622
10 21 518376655
3 35 65608097
8 9 846684755
12 22 963976595
24 33 236555517
6 26 691033568
17 44 408742931
5 37 990502188
1 26 534733318
9 18 771837586
13 34 460089459
16 37 882603350
28 39 204523010
9 35 920604623
1 7 443879740
2 33 84232184
15 29 894012518
15 43 66087823
3 21 173642606
17 45 532812987
4 34 834788074
12 23 67544035
8 16 722347816
12 17 208447294
8 15 554103302
9 46 917454207
19 46 129049245
14 24 998687683
5 12 962984528
24 36 315910086
30 34 865776901
24 46 74153365
5 34 255015253
10 18 58035746
8 30 875338307
5 9 691372332
2 40 667211637
3 27 658690088
7 24 669478940
19 36 499156937
16 44 847422259
13 33 90291354
5 19 774217755
31 37 162560109
17 32 860787693
7 27 849099252
37 38 731128815
16 27 43903067
5 11 621042858
2 36 119834628
23 36 692787543
12 21 911540249
13 42 570123325
13 44 602074984
16 24 289884069
25 33 315700857
9 37 222875767
6 18 966294182
1 4 347487598
34 37 439328506
11 15 459840835
15 17 787356235
9 15 916713077
5 20 882146419
37 46 933198113
13 19 739169802
11 45 665704357
17 31 838501187
11 14 73456738
11 38 180462649
18 43 246840793
22 27 353163484
8 47 754672067
13 17 319326431
6 11 153344658
6 23 162951305
44 45 899599045
10 15 509187845
12 19 634083193
15 26 59100758
29 37 98348014
19 22 898299664
30 33 154013313
11 13 852396403
13 24 882409723
3 45 443327207
10 29 381538907
28 45 451483426
11 22 820981059
18 24 90886988
9 47 234497496
22 40 292543913
15 37 56662184
15 30 655441364
5 28 898098724
23 46 963059384
32 39 70361737
13 39 613015459
17 47 155708953
22 24 451845099
22 25 203303615
2 15 872401895
33 35 544179347
3 26 426086198
12 40 799727880
10 31 44518826
26 33 623327829
10 11 20838267
7 9 138794494
4 46 75768091
33 44 95854456
2 37 738372658
10 19 605219226
7 11 243107592
10 47 521832680
2 16 504079557
32 38 442641347
10 16 15011519
4 43 405399475
9 25 57013802
14 45 810587252
6 19 91869081
7 40 438595364
14 41 966421444
14 35 641503330
25 28 171832131
5 45 933533361
19 43 608606680
33 34 114109256
21 37 4713467
14 30 399183313
21 38 66110933
32 41 590307178
7 36 533678055
20 42 374736518
1 34 53350358
18 44 544740835
3 32 471755201
16 19 257926785
15 40 118275112
42 45 332882531
17 19 194336954
9 41 200312029
12 27 510201180
42 43 507174256
4 6 655395923
10 33 876224021
6 36 453214930
28 43 655145657
13 35 314754202
27 43 282617544
15 47 920238646
11 30 513323997
21 27 515727281
17 43 535203195
9 24 375713599
2 47 924109633
4 38 987017967
1 35 225510537
2 13 143875649
34 41 864650143
10 24 344075063
38 47 373294777
18 33 912438066
10 22 489215679
37 42 763355310
8 43 300329530
13 25 304224305
21 28 780620505
8 34 289937010
31 34 158986680
1 40 36425775
14 43 88217512
4 30 912550676
11 21 225695590
22 26 751445543
18 38 708214246
8 20 388768952
7 45 597843300
35 47 814982158
29 44 233431987
11 41 563924904
37 40 966964126
10 13 199931393
30 39 393133496
5 10 915924681
10 28 8035362
9 19 487732838
2 5 680826900
16 17 115013624
21 45 309226189
19 26 701900925
27 34 814496122
9 40 803982160
14 44 96909596
2 41 351914751
26 40 754850840
29 38 716619450
18 26 636505214
33 37 174432299
9 13 258935597
16 28 434275236
22 45 747740137
18 37 68256535
25 32 174807938
13 46 40122229
13 15 49729324
31 36 206507265
25 29 537725733
16 33 129081218
2 46 334486445
38 43 817493262
21 23 101868325
1 20 516184953
12 36 303179906
9 23 620528599
17 26 486006933
21 40 534119163
33 36 829328258
20 46 367346809
12 26 785645855
7 16 340686674
8 14 707041246
1 43 552116974
20 28 410199713
22 31 731918657
5 41 867226862
35 39 686539794
37 45 936040982
20 41 559985076
13 23 745858349
23 29 506369092
37 43 87833859
23 39 170645054
33 47 495380303
4 12 773814664
28 35 650493603
13 38 968917686
5 14 514211626
18 41 454818177
4 29 907265554
27 33 521613847
4 47 441181456
10 40 596103953
10 20 115911090
10 34 173992379
4 26 189119054
6 30 946151070
7 44 573366075
42 46 899147733
22 36 507304338
11 35 202288885
6 27 492496436
16 46 367849140
14 20 397273933
2 39 783635750
29 46 714436853
7 23 931548252
25 46 365919588
13 30 90389800
28 29 536257585
6 12 196116466
19 39 944743647
7 30 707362254
28 34 964096363
29 36 291888802
13 40 984505085
10 23 334231343
4 33 370416960
28 40 188742284
16 36 229780502
5 42 72230377
26 45 130143982
18 46 804868366
16 45 236463537
3 42 830410598
36 43 159640343
7 37 350614110
7 31 873827302
18 27 180042766
1 44 517002701
21 30 14357067
4 13 818625606
4 39 536058361
13 45 903185243
14 47 809249809
6 38 549695030
5 40 929699450
29 35 590291517
39 43 880935283
24 45 482342331
17 24 451992525
4 37 442905647
25 26 451399366
5 43 860582998
28 47 859689316
5 46 103373698
26 35 436642539
11 28 75151143
10 45 816074572
23 37 550017896
39 42 963818481
29 45 211837268
2 35 484584639
10 26 333118448
6 44 333916541
9 29 929382153
2 11 309959803
2 7 588515700
8 37 246569802
26 42 392801299
25 30 384233450
12 20 685338203
17 33 975723355
19 42 793576888
34 38 443858434
17 37 122155009
4 9 148340411
12 38 6227548
18 29 841153764
13 32 998444969
24 30 7323126
38 44 960979370
11 18 857663975
10 44 78642096
8 25 556142821
5 7 63009245
25 43 525167445
4 44 761252258
23 41 213869496
2 3 145205076
5 29 603456631
18 19 770437547
1 19 306385064
30 46 237238441
3 6 821043794
3 25 175125483
7 38 868543234
24 40 998166198
16 32 243148976
33 39 682957337
14 31 105800742
30 44 739668066
22 23 199346732
20 27 131858985
30 43 613298524
28 31 70944155
33 45 101973200
15 45 821068547
5 44 323079500
24 39 260929794
4 18 146506748
36 42 825006563
8 19 277192832
17 34 298806246
14 34 605013757
12 44 319633603
36 40 432762866
35 37 194299036
16 35 117771046
15 42 45325823
32 46 160771137
16 22 800341075
2 14 662684383
12 41 523618951
31 46 384749311
6 25 834919878
1 2 73120371
8 29 103855096
14 42 188131903
9 20 870655009
17 18 236941274
18 30 208992861
28 38 954622982
29 32 301813736
27 28 581966268
35 43 655979948
9 21 168442239
16 38 5481740
8 21 930246994
12 18 521923206
2 4 18682137
3 37 551285066
7 15 721802226
27 42 294632061
24 47 57801501
6 13 408112491
17 25 60608383
12 35 964446913
1 10 20397247
10 42 792658094
5 38 318432909
28 37 197617270
40 42 757475414
25 39 23034472
14 25 437232402
3 19 707751415
15 24 606833464
20 30 252749748
29 39 766692993
34 45 91086170
25 41 417701580
7 20 971753619
19 24 116304011
41 43 51090381
3 41 907493882
3 24 444097474
20 45 144902867
21 41 417834641
25 42 697330103
1 33 147649743
9 14 690859494
2 19 295509745
10 38 819470341
15 36 478844998
23 26 95641300
16 29 263174177
15 38 921646179
11 19 696685545
3 44 876161029
9 44 879684149
12 29 444040752
31 45 714614404
4 5 818012717
26 41 48870954
2 24 278350860
8 27 502421675
32 42 904438205
6 16 119419662
2 44 198707263
1 3 15104581
29 40 20712178
10 46 512724146
10 14 365722904
26 27 685341248
9 12 957185615
27 35 730571546
1 15 593839721
39 40 695202688
6 20 282667697
3 16 779711608
9 39 940594337
34 39 235261613
18 28 932581052
4 25 126490142
4 8 805462284
10 27 130669581
18 20 419873480
17 28 621049168
1 39 852803415
8 10 732513019
7 18 576448514
9 28 916248099
12 31 760786865
18 23 434657023
17 29 208040779
8 18 309505821
32 47 349018263
23 28 551216712
39 44 751965058
19 37 117920333
40 44 819301576
2 12 236118154
6 8 891983638
30 40 729804141
7 12 868590440
22 47 112325137
11 47 777918076
22 29 467843539
2 42 345056725
2 10 287192205
5 16 116869191
22 28 406765322
3 4 993981809
6 15 305035824
29 31 488205238
19 31 8406910
5 22 524062420
9 22 399198219
14 32 954208736
18 39 865865812
29 42 443835871
3 29 120354479
9 45 711796888
3 18 465491589
20 21 343214931
4 24 314983819
3 8 54414521
27 29 483520630
6 45 384763876
3 11 499375898
20 22 64028960
23 27 32992278
8 24 752307870
11 44 856653787
2 38 413709208
7 14 86864835
21 25 405743251
29 30 784331727
18 32 500450035
7 19 879426453
24 25 855023460
23 34 8781789
8 39 621192114
24 27 810350661
36 45 133375223
25 36 731441455
8 33 817509365
1 41 785495561
36 47 49140580
14 17 833882895
8 12 69701650
3 36 25427568
6 46 980483395
39 41 298017741
34 42 59582609
20 43 177114745
37 39 76887168
8 38 676560399
24 35 530715303
2 31 409067974
6 28 649153969
30 31 861494708
11 12 904943160
19 25 594029623
1 31 141655967
12 33 269449878
15 22 201176599
3 39 539318867
14 15 104636739
35 40 515109773
11 24 867297152
27 30 636374470
31 39 730637401
38 39 347296303
7 22 504878631
25 35 630475933
6 41 749390056
46 47 325728635
20 37 843993611
28 42 313449658
2 34 200187127
11 31 902039897
7 32 730293331
11 29 435540069
26 29 131211722
29 41 556698471
22 42 495390709
6 40 500242247
13 41 358524160
17 40 192413516
17 27 456419178
27 45 869951740
24 41 19892791
18 35 565175152
8 35 820471335
35 42 702052331
8 28 314040695
21 39 274538537
4 14 750483694
3 40 731780446
30 36 513244797
4 11 437753344
20 44 334068208
40 41 87179966
19 21 638050492
3 14 261027860
17 20 954999281
7 43 5311605
4 42 31692676
27 41 691294824
7 47 449111564
7 13 725338823
12 34 702472085
36 46 660002635
4 15 414988668
5 32 39683897
34 46 385294699
17 35 936868969
1 22 415432831
9 36 116987976
13 28 8675119
21 47 469342
45 46 361511785
5 35 643599173
9 32 428784054
1 11 97884823
35 46 580757502
5 21 493564227
18 25 528133708
23 40 588701716
4 35 250382644
5 36 723872192
5 31 105822852
25 38 207556600
31 43 389822798
20 23 279771707
11 32 702560410
14 22 67205018
6 29 991054698
9 30 309793006
11 27 898214538
6 10 150250719
6 43 83417825
26 30 467234329
34 47 502414509
5 25 259706611
37 44 536838008
31 47 388474494
20 26 349352666
7 34 721465597
8 23 920575667
36 41 990189730
11 33 986511055
5 33 539724622
10 37 473231640
2 30 249920854
12 43 109711807
23 43 702934569
29 43 749019221
4 7 362230218
40 47 78621293
31 44 4230881
15 21 458031982
9 43 815669214
6 34 693769170
34 35 399076461
17 30 390888465
1 6 942513616
5 39 4209992
11 16 59997974
33 40 36788567
4 17 848887809
41 45 562606750
20 47 44662707
19 33 427023977
33 43 415576051
10 41 28829753
18 21 678653624
22 41 370061360
8 26 999279085
7 8 883973999
19 38 530691716
2 43 492654439
40 45 357294685
15 25 660476271
30 41 974306061
13 22 727211484
3 47 843765210
20 38 932565301
25 27 306476907
23 38 147837193
1 25 570267250
33 41 846892591
15 23 368561382
4 27 595760063
13 26 133300830
9 17 471228715
5 13 459629228
27 32 842230580
22 35 313263934
6 17 234216570
6 32 52488040
22 46 668312919
3 46 956278990
21 31 637197517
4 19 812983849
21 36 689841557
19 20 814218005
8 45 337204675
16 25 458720801
16 47 255652556
14 16 117731502
12 30 961046880
20 31 543280774
13 31 246800992
6 7 158500661
6 21 849147406
22 39 147478318
5 24 959758301
2 32 970854895
30 37 71545907
11 39 87023230
6 39 724638897
15 19 3154315
21 24 789053324
26 44 699841012
12 28 758929449
6 42 624103501
7 21 247449593
20 39 228286491
30 32 728961686
20 32 827784497
7 29 450292203
1 13 800602118
11 20 931536472
21 22 859522671
21 43 112844811
8 11 469502546
22 33 700303486
42 47 751843630
14 27 639564678
24 29 239095392
15 32 121773505
43 46 823503158
31 42 735615871
4 23 568506384
19 30 291093151
6 24 747719350
3 38 224070045
3 43 3952207
19 32 877327535
26 28 11205247
11 43 515053481
24 44 680172404
26 39 805881003
5 8 409746478
26 43 588733377
28 32 401488862
13 27 364557114
5 23 637279033
32 36 129298019
7 33 417266891
1 9 454592648
41 42 866809225
45 47 270856762
12 45 834269209
1 36 439269012
12 16 990872994
21 35 31214950
19 45 22195809
5 6 808094134
1 29 987574335
11 23 80784155
32 37 664883447
2 26 466571568
21 29 398030603
24 32 360464247
16 23 573809811
6 22 685316436
1 8 493719587
32 35 163896818
22 43 956873846
15 18 878495953
7 10 410004672
29 47 323824939
12 32 599323205
2 6 716659117
26 36 233779286
26 32 828477087
14 29 947817243
9 27 53341562
9 16 448467296
17 21 866178042
18 42 81379055
7 46 315412492
32 43 212700379
27 44 608120139
32 40 934991489
14 38 969837414
6 35 101359696
17 23 629712991
2 21 278097776
18 40 140096790
26 38 996331731
3 15 115572496
4 16 821171586
20 24 995029522
28 33 435236217
8 44 144432338
2 22 117734745
9 26 91713911
9 34 939154138
21 32 500009346
8 31 891482843
20 35 71658138
20 25 616025462
27 40 546041789
9 38 900259588
21 44 111033001
35 45 212261511
44 46 398289346
1 14 248035905
22 38 155588329
38 46 107042783
