49 164 3
565352923 0
347224923 1 103049434
999998823 9 263334532 39 241533599 101051637 355128120 951436663 31 991023106 54646021
399849103 0
999995762 14 9 43 17 5 942987320 83582498 32 27 48 230764050 19 40 82155128 665651345
836683387 0
999997763 6 94930959 553964716 309611072 45 760651141 654042716
999990860 13 118817298 45 361047461 565709125 21 28 43 25 19103293 26 1 23 181101825
999997345 15 581871231 651359337 34 3 84085716 913952927 762949576 6 388553562 27340450 17 24 26 600516942 83546883
999999171 6 376496438 427897294 6 3 503349632 21
419568100 15 3 324963864 47 56657118 26 46 42 15 626456687 43519596 17 35 761243738 10 45
860110455 11 632577144 650155735 87206027 45 15 47 82186825 711893835 422000406 19 30
999990095 13 503553116 253471593 968690377 804674897 336226778 45 925862204 740623985 18 683445575 340532519 32 351443910
553352553 3 990488845 11 2
999995186 10 909473083 27 707836925 33 3 19 17 113980534 234643842 423092972
41987092 7 26 32472038 12 465080064 409177507 15 940538615
999995483 13 590716189 119296474 48 50 255353016 5 30 1 1182873 605203554 41 45 27
137322301 4 236589472 895102731 12 25
999997610 10 593632171 19 411869014 603172386 833805968 165250539 71477136 1 450756146 171724587
999992143 13 46 857495030 52700875 527133671 45 954529885 14 801146351 125025132 17 722506595 17607180 33
999992919 5 33 910996817 48 765640823 41
999991602 2 415584528 986115804
999998707 8 28 115355896 452859547 40 553809014 20 939106153 420890215
999999860 7 5 66443788 583406471 37 724466585 25 24
999990055 0
999991212 6 139409185 322251603 36 42 404220508 2
816343257 0
530202058 12 92654508 2 36 157623456 82204843 477385471 20 11 389564 58012997 22 829959149
999990955 0
999999133 11 510797053 223729052 523896349 48 420565733 27 93411522 36 595086899 17 47
433672298 7 302325082 755683780 4 201164564 23 11 31
133758382 13 22 56831604 11 177859431 718893089 680765644 582061187 29 562777004 19 48 704071017 31
999994274 6 40 558104902 15 219873036 973604721 10
999998165 4 187048878 22 39222096 408865351
660499442 3 711772027 23 47
999999854 4 20 121430240 163954591 14
999996732 6 13168841 592425682 35 31 7 27
999992042 5 49 519893817 48 16 45996723
999997451 6 571739099 234237437 111743064 31941391 41 33
892354213 6 264764383 126660889 641617267 6 39 738386975
999993320 2 441024384 7
999990280 0
86151283 7 39 2 788633739 684824245 711068080 23 27
999995053 12 13 865579201 7 241711616 712085554 31 40 243298645 42 946141400 64121323 33
147350046 14 49 879554730 50 41 21 35 46 3 947019071 367321812 337920518 29 243347098 10
999993662 9 24975808 34408375 15 527925944 43 146209895 327898150 18 12
999995179 8 814115839 546319575 15 36 152202256 43 784098883 26
999993948 7 26 31 281413137 151483873 10 22 854607661
0 1 432209018
11 39 55912142
1 14 783932044
13 30 559151412
12 38 812560312
20 48 22621005
27 28 809488187
8 29 262837427
23 28 759120960
30 33 193368194
2 39 718478731
16 47 215668153
33 47 286799975
43 46 660739135
21 43 950434927
20 28 974315101
30 46 93924358
6 43 566863501
4 33 396336386
14 17 741599836
11 33 341875474
36 47 449268966
7 21 174292079
29 36 342640546
36 45 235086229
10 29 193625
8 30 99906653
8 38 574961389
16 33 237381910
40 43 633845415
4 11 113623771
32 43 181974766
35 45 195936814
18 44 790437234
26 31 874853178
10 44 506202599
7 14 148774261
36 43 73125016
18 47 372610659
12 27 108995728
5 10 804290651
19 41 266294550
45 47 177567480
18 24 995936635
5 40 929472812
11 37 307798929
3 37 942975268
17 31 103161063
29 48 91128311
3 33 583701631
4 40 130668068
1 35 887742844
33 41 897892144
29 44 455025018
13 49 229149771
2 30 730716041
28 40 378242801
17 39 642670428
17 38 690782879
26 39 675792373
31 48 973421815
21 38 368384976
20 47 325881346
6 36 907825515
8 46 70177037
22 46 235507497
14 19 433947726
42 43 332803784
2 13 936634550
16 25 454859023
31 38 56882251
20 23 904257444
25 48 35102004
5 45 695968035
24 35 38051285
9 14 198656923
39 45 207868060
28 38 632902885
10 30 891104288
20 33 803275414
1 45 884771895
36 49 14642781
44 45 867065953
23 33 503075841
7 20 987791717
27 49 674517525
12 44 143509925
14 48 184831722
18 26 978219191
18 41 757013161
7 24 105076515
35 38 585292630
8 36 375228333
9 38 551726684
12 14 611440264
40 45 932646649
21 26 98817710
10 43 667448130
26 44 999768696
16 21 474616867
17 26 128458832
19 27 589783435
11 16 432942062
28 29 8129739
35 49 507931264
6 31 132464432
10 20 573329334
12 43 630985056
8 11 788468927
32 42 919922990
38 44 390230187
19 29 748637700
4 7 357408122
6 42 159964261
8 15 439126151
8 18 49769934
9 24 636231869
5 11 397102794
13 14 119201228
23 29 332851535
7 25 22891783
7 23 92656620
23 40 888105730
21 28 397295134
19 24 758869766
30 43 781516550
10 45 22304113
15 46 343180552
7 32 651272782
2 9 441921755
22 31 137725939
23 44 215532971
4 31 836277760
10 18 695648090
1 20 870384648
42 49 435127829
3 39 51364645
28 45 489497546
19 36 956458827
8 47 321077734
33 46 56527154
8 49 569461249
4 41 190297587
1 42 163576203
14 37 120819316
4 22 637002005
1 24 949705997
9 43 737535766
5 23 317687090
6 29 593979094
22 48 166716182
17 42 81348168
5 29 261924074
27 42 10067551
16 45 162671096
5 46 786227844
15 31 138772270
19 46 3062218
21 24 973363596
20 32 23156577
22 47 624652729
9 35 57760869
22 28 365209907
16 28 65375185
14 40 80996840
