49 407 3
0 16 45 569508844 620291816 550178405 920409427 6 44 28368847 19 803075976 902478896 33 889050944 23 303499388 322448395
999997229 2 2 15
607021873 3 393498695 28 754241653
999997918 15 43789634 37 124675966 3 978693601 785750419 952019661 16 32 4 954025214 23 511072633 41 21
999992198 0
999991365 3 22 487237626 41
999998628 13 812996375 40 35 14 277530809 45 246085 63075202 648338827 930607726 141165230 124658660 56650792
480953349 7 20 313307110 13 45608878 30 28 48
999992309 10 4 15 30 751533492 100586710 46 39 462616510 7 42
999997625 13 13 170256162 18 31 30 21 33 48907103 442558289 716083150 19 454188814 316235232
26675333 4 42 32 272876261 27
999998559 7 619440066 51197483 11 102735875 5 724816995 42
852512193 15 88930316 421521096 14 557004033 693597291 18 589611762 170426826 28 536992117 690504907 578469634 34 91645913 303449279
999999709 6 840839833 144399636 741753213 910030157 335457305 47
510000090 11 14 11 867323887 5 33 10 19750509 428433902 36 46 316484345
999995511 14 801542728 10 999245313 374709892 44 45 35 15 11 185231128 27 26 47 20
999990446 10 25 984416603 932253761 296372525 726252818 47 834709048 663481805 48 87625809
999998424 10 401504556 185185554 414322168 10 624078924 11 1 33 23 47
999995892 12 497296719 45 673437401 804283865 44 8 13 32 536400633 1 10 6
999995007 16 46093799 512976837 694496331 34 205951866 818068803 17 962047905 867999964 12 40156909 18 44 31 42 8
169759803 1 987828606
999995823 4 543089822 19 45 2
999993847 12 430063118 1 12 25 49 83519093 381659336 4 31 30865635 437417024 25239207
999990567 11 908907793 37 46 14 836162592 30 556579437 98725531 9 42 610791830
999993817 5 47 147159909 38 49 925611646
999995345 4 361817371 38 183376093 30
578567316 6 326171675 104884249 3 1 356695315 5
999991860 16 415559179 291369671 49 50 29 35 12 40 33 634652247 27 484426151 91251577 163531906 13 17
375109228 14 955465671 17 23 788488429 9 360552640 888111436 32 545906458 813004521 735258358 45364243 17688804 33
999999346 2 195401613 636202678
825443614 11 835192741 17 23084466 33 35 50 11 42 25 20 696739500
999992084 15 30 699741464 8 579130956 159409288 144341282 37414622 39 758100453 3 919885609 804335379 6195192 423455659 478005632
526582935 13 2 42 283542895 541531441 30 36 10 791931261 999796503 702460013 765141359 23 587384380
999997463 11 20 822052336 85402468 24 6 94828834 8 760087066 216817296 91830221 4
999999133 5 498517705 439106092 50 349664695 475135416
999997840 11 390581174 840533668 39864183 22 34 359300128 888634784 44 46 813462698 33
999998300 11 29 13 987753025 856603784 848422090 3 280122229 47 24 14 896525548
999990640 11 47 582322779 27 666969356 10 24 21 375974878 796727638 46 18
999997526 8 371479565 297660141 43 815345382 12 93211460 633460843 37
999996047 12 48 375216096 336018300 845288620 160875320 447081843 477585162 29 7 40 864776983 491206796
291822923 8 32 973950322 473429306 39 222180136 46 40744921 769408085
999996467 6 28 504511401 14 468658427 17 3
193599693 10 28 40 16 13 26 18 2215451 43 329294710 25
999991246 2 22 7
269012681 13 334585796 30 14 674701023 699092299 146605851 494426412 42 201572753 675158097 17 32 981498833
999999473 3 883055031 50 17
999992659 3 19 41 624007944
999995258 11 950097993 460177275 842235281 824502882 620493359 159185603 874411348 145585081 37 26 656313485
0 16 49 30 431781065 554609433 507834472 463900424 572583295 377133435 22 589323965 86168690 536084942 921291553 34 867042421 110618680
3 12 131901116
12 46 554407126
16 35 414177290
39 40 375338321
29 48 827005468
14 16 844294138
22 24 398441056
12 29 341305608
6 20 209168433
20 36 104582248
15 22 26723009
17 24 351737954
15 26 640736180
8 11 3427036
38 39 106037048
21 40 475251343
3 18 757459541
21 35 452005416
23 24 357873498
8 18 870111535
26 29 18333440
35 46 266216169
10 16 965825593
21 28 551459978
1 41 838360401
15 35 300700535
32 39 816151615
10 43 364270976
27 29 666501316
12 42 99355436
26 28 994224063
21 29 568025582
33 37 604265246
26 32 628353136
13 30 552407438
3 46 852050411
18 24 917903045
18 27 840031724
41 45 430821059
21 48 763755365
25 31 47533925
30 48 839297571
9 35 569410740
4 18 25606037
10 37 571266557
32 48 565999474
10 28 552084602
11 32 22206926
3 47 6572405
16 27 823521293
31 44 1541083
7 45 982237070
5 45 498870986
15 31 508205468
10 48 66276845
1 27 903906207
4 45 41449436
8 40 535045365
7 40 799288675
2 15 551804933
7 19 390645577
6 11 641078555
8 14 104345814
10 38 951596377
1 3 166361893
4 49 522414411
20 49 155722076
21 27 792379807
2 36 31952977
12 13 289317809
5 46 130095162
31 41 64556942
27 45 788944143
2 44 634921123
1 11 865286411
29 47 811304401
9 12 9563166
4 20 51178517
32 37 968184786
19 42 77343548
14 15 630408915
8 25 7482358
17 29 809442141
6 12 293240403
32 47 657996493
4 30 792141290
28 38 775782225
21 34 959636251
38 47 161333241
13 39 5475536
8 15 338832485
8 29 135067989
2 49 974195594
5 47 314820980
3 11 41537751
10 29 634476114
15 25 549471540
16 34 458077654
1 28 146853338
3 20 52825149
14 26 186392618
11 18 445457836
6 8 406697372
4 38 231933913
19 20 557200516
28 49 299682966
13 17 759222088
27 35 96945001
1 20 473513812
11 38 233347116
3 7 508963210
40 42 186998226
11 23 214814403
19 49 269864780
3 45 101426639
7 30 871550274
48 49 872689069
4 44 102510450
19 29 427134899
23 32 552449756
22 29 424370161
23 28 732884765
7 34 139400028
19 25 622042633
2 6 94112096
10 40 127965400
40 45 428245681
20 48 661510053
3 49 665072207
3 21 857244175
17 40 959097464
13 31 54318101
26 35 898318908
9 33 668722029
19 27 343789263
42 46 14821924
25 34 925820857
7 11 804268023
3 40 430052805
4 42 383167426
17 46 986733106
22 49 127240205
2 18 531129153
13 33 58038869
42 47 425157794
11 37 667732908
5 11 349110194
23 30 773590845
33 36 583912261
4 48 277915611
22 48 516001009
17 32 695860946
26 45 892960575
7 20 64591805
15 21 631472326
22 30 699694631
29 43 811408407
16 37 885700569
15 23 320717797
12 32 243771622
16 42 564055183
39 42 835163550
14 38 338588241
1 46 13110828
14 42 903583619
2 30 850202024
36 40 288796677
17 26 566439196
4 47 751224640
8 45 209803333
6 49 78790229
14 44 853418748
18 19 588949151
27 38 937768898
9 16 387891456
33 40 508058888
10 49 945561400
5 48 570144717
10 17 804493183
43 48 59166494
9 38 579314686
28 32 832694132
23 44 12980542
7 29 754901316
10 23 882680678
27 41 999418498
6 15 579235316
14 45 409218597
17 25 149505616
6 42 930367764
10 11 381044365
39 41 194376412
3 8 486681791
3 13 315788108
13 22 200293023
2 21 704284479
2 11 989355822
21 43 352751774
30 42 641144641
9 15 619057895
16 47 777390442
4 22 42845280
23 25 28862692
12 28 229842926
17 36 799051370
23 45 715765377
8 43 303670043
41 49 64250554
30 36 527179267
16 46 786559510
26 37 607509614
13 27 212112702
27 43 732855302
11 29 451718149
38 49 377550268
14 47 602857963
33 46 394285139
26 49 216599169
27 33 97767119
3 31 601516137
30 40 459169134
4 11 781946926
28 48 79939653
7 21 258223713
32 38 78752491
15 32 39623912
2 27 240659914
39 47 988160242
16 30 816601088
14 30 52547860
30 47 215687137
33 39 54124768
12 41 153625416
1 35 33120104
36 47 717166030
26 42 727374
8 26 804434105
22 39 791690691
16 22 333904481
16 36 49041731
31 45 947213976
8 24 803951779
26 40 340402255
3 24 866421807
11 40 84506762
11 48 56187401
1 7 426891840
33 49 762682524
1 34 381036103
25 40 684426141
20 37 282955219
29 49 127053647
6 36 25376868
36 46 529312135
19 36 968658739
3 28 624454670
14 25 667019507
9 23 808779307
8 12 73034820
10 35 16941455
3 29 446687131
22 27 15284534
3 43 183441022
7 47 159128928
18 30 426286035
22 28 515195608
16 44 381224933
41 47 501663279
35 37 560993590
40 46 618399499
4 10 609329278
5 17 3074098
30 32 376293320
11 36 136286897
20 35 339570868
7 14 164418775
31 39 78873558
8 9 364869671
24 32 957670364
33 48 679308056
47 49 367553666
9 20 945714003
23 26 689269269
13 29 7896750
24 36 330869046
25 46 484947890
14 28 574183121
17 44 69063459
8 41 152391742
3 33 252320931
40 44 63611410
27 37 130736959
14 19 596443013
13 42 109832251
4 46 19605227
44 45 790586126
6 35 836160320
30 49 840970195
11 34 36193762
6 25 480725150
23 33 180195896
6 18 12293834
40 47 306211377
24 25 557371808
18 31 991740350
4 15 950565726
36 39 78948794
11 16 50353079
23 35 429425665
9 22 934537886
6 10 801841986
13 18 688706135
15 36 166456843
43 47 868464597
14 46 83575977
42 48 274746115
6 34 19895488
21 49 870667240
22 33 220913591
1 45 637226333
6 39 90248136
23 48 120522051
7 43 374127446
24 34 549621439
27 44 36093161
4 34 105100352
3 39 914316038
1 47 33486507
7 41 28515519
20 34 988456188
4 33 956173552
17 47 228379719
29 42 402758601
26 46 154692254
9 34 232118708
13 25 541358835
1 17 232226995
4 24 49112827
2 29 390305070
8 13 262423901
18 46 935409940
22 35 969366080
8 42 13847091
25 47 635531562
34 45 609836392
5 43 154454104
3 34 739706403
16 31 394595333
16 38 186913483
32 45 471169898
29 31 193722523
6 24 446431736
41 42 379442320
15 16 884820309
40 41 946795179
15 39 48661971
31 48 514768461
4 8 436963799
19 48 725913339
8 20 570978160
13 21 548999461
7 44 606792376
4 32 813298788
44 47 136203569
44 46 255707997
11 30 124277163
16 45 324934901
8 38 875380035
24 26 918769811
18 39 326640961
10 14 759960904
1 2 452802811
38 41 98363684
20 28 508377619
18 36 814778321
28 37 865059455
21 31 509820744
3 14 210032699
1 23 178272241
14 23 175848152
28 41 658642437
19 26 883410755
24 39 723350563
28 33 392987261
2 46 76540188
7 24 360201714
16 20 94931152
13 19 816263159
36 45 555287484
24 42 870088209
21 33 256512906
20 23 291392640
41 44 912032197
35 40 941969531
2 20 700177957
35 42 376801026
17 43 270459347
32 42 47430433
9 27 576551626
1 38 488446633
5 24 12562267
22 46 342109256
13 38 366685573
19 22 5820957
20 40 335529542
26 48 997071564
15 44 316089533
