49 683 23
999998055 0
999994729 10 305826207 55889239 48 565844493 26 58481803 10 4 834666504 20
999999941 13 360308614 907716905 7 827059573 867042257 38 437471339 719797384 36 2 26 96400752 21030821
999991011 5 151464271 30 7 44 4
999998563 14 37159093 663626655 33 653952345 456788861 16 46 399596101 48 643454988 1 39 385101550 4
999993647 15 117155919 817348696 577985998 24 4 66040040 3 16 189636959 384794910 19 9 105439364 622601964 755819222
495771428 14 13 47 17 10 411943272 311584080 44 15 114752899 9695924 661709874 41 419864081 78219635
999995712 9 211074722 77081899 815978863 470463279 740281198 200691762 583279875 39 47
999996048 6 15 678606721 14 558443398 487257597 88188340
999994496 7 12936629 13 467919090 37 47 139592709 925464170
999999114 8 630783352 480606668 592018334 68379012 46 29 812338676 42
999997337 9 429993486 32 12 558982372 934236480 770377259 15 68622249 3
773249096 1 423298017
586309980 13 43 14 424506650 587450139 174029953 784056094 303650917 8146513 31 20 482900860 36 32
999997066 7 112102289 435303964 526528007 18 47 968646200 101412102
999997406 11 43 482682875 44 47 433436646 25 226617908 24 152603861 257914813 31
999996864 14 892268876 49 366569961 446916791 24 807469217 10 474846312 9 848289292 44 26 506495717 11
999997694 16 374784129 28 663518674 50 54240628 49 39 329317488 17 419695226 145827950 36 23 936976763 44 85571897
999994985 7 30 13 292076685 126541285 11 46 855003569
999999739 1 32
999990526 9 529773474 32 542774387 25 775707016 30780866 614648090 590158232 5
999996582 15 893545052 189065139 36 982138126 615637109 878011722 18 19 610265527 275603825 15361289 638881932 672572754 994743974 28631446
999995046 0
999998053 7 6 13 43 717897781 887599046 20 48
999994272 10 852848229 41 33 906059499 37 911114481 246876918 744665851 876015468 4
999995354 14 48079502 763288631 867785953 45 17 171208024 21 14 317714716 31 34 49021676 22 23
999990523 11 3 22 45 41 151655201 38 20 713467366 61229668 44 37
999990951 5 27 10 315258691 19836286 91023253
999993838 5 105010923 696896305 41 18 33
999996293 6 32 97891072 343812538 921861865 92382390 42
942251453 3 368464496 717535977 11
475261270 5 291085566 27 420883879 10 14
999995310 10 86649051 36 664075361 9554198 28 574224812 466627587 27 42 198455785
131867818 0
999997371 7 702886121 21 659046305 467014838 40 405476102 37
999998697 1 713459064
999990893 8 697438614 684112541 489981215 670858838 28 682234864 26 814208682
999994454 15 42 34 706701141 396047780 17 43 7 812869520 879397933 624148711 38 317112856 538252831 488499154 252145183
999995464 7 55910929 18 955426545 29 37 45 44
999990625 8 7746876 65787574 994134969 23 134787316 38 61426008 46
612921220 6 145353205 678888417 5 20 175982232 4
999993583 7 44 900793891 588783695 717465550 28 542213695 539629163
829239800 4 18 44 720304537 511507514
617444671 0
999995282 1 48
999998672 14 850153057 950970212 5 23 191877079 840643629 47 422371839 17 4 8 501175672 916435012 660847862
999992799 13 360210591 725133660 50 18 382568061 744993206 13 37 24 2 42 41 20
999998557 11 18 37 3 73971043 7 737918865 520303684 42 807856452 47 656785769
0 11 12 26 823665447 580345162 34 7 4 52318189 333577654 8 43
37 47 684521803
29 35 124828785
10 16 146761976
13 46 608384965
5 17 887611477
9 47 905477853
38 44 964787783
34 37 711479830
16 35 973849982
13 20 651119052
11 47 470327710
10 11 861333709
22 26 90565442
17 19 36065911
13 37 316807001
2 42 282706969
15 35 75254020
2 17 698287164
11 17 323998135
9 17 793916194
21 24 121951618
18 26 22003334
2 22 152784376
4 43 336159522
21 40 806026360
10 14 778759403
26 32 452849050
9 49 800537171
6 12 358327473
31 39 884949853
17 18 669929664
26 35 381495980
32 33 280225277
12 18 967199678
6 42 238971623
32 48 668349374
7 18 165542620
29 41 5211695
1 40 423835871
29 47 149994055
8 16 181166141
14 19 211249002
9 21 273879272
8 37 29946033
20 25 553421956
20 32 159857569
8 40 640101761
6 28 821051654
5 49 473653043
34 47 377066800
2 45 106916257
9 18 778580608
37 44 588285232
4 45 443302222
4 6 125163517
44 47 94499683
4 26 227082436
31 40 792861200
3 26 22567559
21 47 985684803
16 46 295252173
14 31 651857485
1 37 391928623
1 39 708197322
13 22 966193172
10 41 430722681
8 38 983196645
40 41 198084655
18 31 993095589
5 15 288635682
29 46 939715855
21 32 129621466
2 36 393916752
20 22 372792701
7 42 597806249
19 40 992473824
5 45 209052578
16 25 680928705
23 28 969756797
1 28 319079216
18 49 326906498
1 10 714092099
27 47 959105183
13 36 586617723
7 16 258596332
40 49 628008932
16 40 110905120
15 31 70143180
3 15 680113062
36 47 773822534
7 27 653929735
23 31 876010434
9 44 263144017
20 21 316479864
7 28 798581516
18 34 726399837
13 41 237877327
11 15 140623859
38 46 57701392
16 26 854215984
12 15 307527689
6 47 219642613
17 37 92371664
19 20 628287383
27 29 732721671
5 31 755436738
7 35 20922625
12 38 102150070
18 38 40902660
20 46 222000157
26 39 906705364
3 21 670004892
12 40 93924632
16 39 46597904
22 47 242903035
22 27 320440097
20 43 88071506
25 44 821379882
12 25 829868500
41 46 805444245
2 5 704293532
8 13 801757928
36 37 897360856
18 43 861799148
34 39 27570633
8 26 335296746
13 19 737232001
10 43 783891391
33 39 668446738
30 32 982782654
4 41 583819532
28 42 461780494
30 44 548338163
45 47 852334205
38 43 585343992
18 35 645829537
42 43 776208486
12 47 867370031
4 40 56528164
16 43 169381912
4 30 370517538
29 40 723407496
20 48 509980293
37 49 938906170
42 49 190304531
11 28 942293154
7 41 782460630
8 12 446015099
33 37 392266726
14 48 561521806
11 44 513676808
18 48 119764592
3 44 359971509
33 43 815970986
4 25 273852855
14 41 353114820
35 43 342547905
2 26 604636283
22 43 436337553
23 26 883471579
5 18 22780331
10 36 253282497
8 25 934871082
30 40 136039752
7 29 702679603
21 26 157264876
31 49 609945603
8 32 358758055
19 27 821713144
34 49 238933135
11 46 12598289
7 40 592452743
15 30 373602972
13 42 60190742
14 35 445664180
23 46 289098959
1 18 326976107
14 45 273685470
7 34 94195402
30 37 441501348
3 33 664835834
26 27 865747766
8 29 580828394
4 13 97214898
6 9 251751212
7 14 350623887
5 27 633228689
6 17 324528398
2 40 845198357
1 33 669288536
13 31 885930515
11 38 759307047
22 32 205801653
9 35 327270161
14 42 266793
26 30 949388410
14 40 220054083
16 48 792400413
15 37 892158346
29 45 55940364
21 35 930796046
4 32 113291762
2 44 54673583
7 49 275889098
5 13 527572001
38 40 43250828
11 49 608597831
20 33 478925488
42 47 540583093
27 40 966912889
10 20 427483508
15 48 205952510
6 8 583953824
3 8 448420065
9 24 593000936
8 17 325054430
30 35 763441030
10 33 792854418
10 28 728682701
39 46 717986552
30 39 718953853
28 44 374789920
20 39 416311604
7 37 846983870
8 41 364943759
6 10 350260933
2 8 582714407
14 38 439964855
18 21 407082716
26 49 347813102
23 30 97778050
16 45 228913335
3 39 963730074
3 28 679333692
29 30 795543971
15 45 653700180
16 29 863590325
12 46 547082210
2 49 587238210
3 41 89312975
9 37 60479188
18 19 597125585
36 46 848303701
14 43 367410879
26 36 630508061
3 38 960502770
13 26 240607863
15 42 589505189
18 39 63700207
28 49 601783415
5 16 223708178
4 36 78774704
34 41 989006396
6 24 219716781
19 22 872439343
1 21 233459276
31 46 453636366
20 29 133661179
11 20 720191650
40 42 114875537
20 40 68812389
25 49 78985820
21 46 117310761
11 48 218790891
24 27 494878944
3 11 892771497
35 36 928574250
4 28 805885623
6 25 449919465
47 49 198857954
4 35 39664862
3 4 960310041
37 40 262902089
5 44 352790349
39 41 300075980
28 45 186309800
7 10 543044191
18 45 530824970
33 48 491335683
13 28 693882271
5 20 422706517
19 37 704801746
15 28 410716318
13 47 121377764
11 32 93838827
37 42 35510941
24 49 752552946
32 38 331837619
12 26 794824903
41 49 703581477
24 31 4810205
1 45 316305601
19 29 860219599
19 25 60725698
41 43 301779135
2 3 190286258
28 46 193778086
22 33 75766417
10 15 110808075
23 38 317646537
4 42 222412601
9 42 190666940
4 19 54011161
33 40 695453284
9 33 59648878
1 8 796253297
10 35 141442388
33 35 464829828
8 14 664722172
23 34 205733618
37 41 132679845
28 38 543503308
28 37 143624229
24 34 635985038
19 24 521446608
4 8 311595555
33 41 159305403
11 31 571341106
31 38 729799757
3 14 62152626
13 30 518345501
6 30 558940419
11 16 528513876
6 11 366482577
10 25 254358475
10 34 12253704
43 47 820752420
18 37 418528954
32 34 880059439
21 34 71325303
13 23 860661916
11 45 997881606
7 22 590216055
12 44 233283881
6 15 541049804
21 45 814497148
9 29 711391484
43 44 424215895
18 20 249724164
4 31 285657757
4 23 215431016
8 11 743637309
35 41 558701175
19 26 853076434
31 33 921712956
12 23 545299363
8 42 864871649
15 43 654858541
27 31 817436383
27 39 480136218
34 42 888611631
46 49 122914193
27 41 520587283
36 40 692424825
5 41 42861261
32 46 126910435
6 16 981026745
8 9 146992062
1 35 737746709
22 48 683521235
19 21 482019287
24 35 146867240
6 26 624517918
6 29 507011342
17 35 542384553
7 44 357989542
27 49 134297275
24 43 883515648
2 48 733066525
3 10 277712354
6 37 406539405
15 23 739252765
39 49 127686884
24 29 632326771
20 42 443862377
9 34 82442312
5 23 397184954
1 17 125288950
45 49 31035331
7 24 168689875
5 21 471964201
10 32 856932417
18 47 860099501
19 36 113662384
3 6 168904888
10 48 74126514
38 47 795997526
14 26 668043144
6 43 404656807
6 39 346667056
21 41 468734270
3 48 626917199
3 18 658418918
32 35 740138446
19 39 89539143
31 42 115390482
37 43 288024087
5 30 872797522
36 42 417803666
5 48 298838668
4 21 377834643
7 23 14669196
12 31 891377162
19 31 655065632
5 32 835598604
33 46 997069504
14 15 283358406
2 12 22768448
43 45 933741905
9 40 336264275
14 33 524251565
3 40 142333446
11 12 129010358
2 46 665431943
15 40 1590872
24 39 986038927
32 43 42268495
13 49 110806737
25 31 240969516
27 44 82195976
18 23 620121407
38 45 85933696
26 28 260801236
41 44 550289839
9 15 724125388
9 45 70340539
5 39 43241574
34 46 765685308
12 36 80321303
7 46 424098658
21 38 100420563
5 25 18886744
21 49 968394762
5 35 76334713
23 40 895565848
20 35 138448748
26 34 942828871
10 17 271683417
3 35 185600937
7 19 250689598
2 6 561043721
2 9 10619629
25 36 238736824
3 47 481569928
12 43 59938537
22 37 106003004
3 7 20838873
34 45 155564508
20 34 254583226
36 41 51114262
9 14 242946259
14 17 518352678
9 27 118978155
6 49 241921587
32 37 464525702
4 27 214305416
31 36 666157672
5 11 334887419
26 29 853746331
32 47 76468973
22 39 427158635
16 17 779076669
25 45 307361722
10 13 142263844
11 19 19056747
11 23 564610372
19 35 940490170
33 47 152810838
1 31 725515496
28 31 364047415
18 33 739859960
1 16 920643322
15 16 508310577
16 41 15944830
40 48 777020789
14 47 980774477
3 34 127402130
13 43 357209633
4 22 399525025
14 32 849225151
1 15 250400637
43 48 385617481
25 42 349314923
10 38 102875481
9 25 933160742
5 14 117387966
10 19 750308429
8 34 784071035
3 29 146078378
36 48 473192264
21 36 892429667
12 32 832311293
2 7 771366942
17 25 307111999
22 24 394027105
10 29 294506441
21 37 422689023
6 7 540351250
28 32 218552239
12 28 699350715
6 46 962665978
2 11 529766384
30 36 707286319
17 43 824109763
8 47 966369634
34 43 334012918
14 39 308817823
4 15 583663800
9 30 208361488
29 39 103593081
9 23 899629299
25 39 951849037
9 43 78223442
12 42 799354969
15 44 987943368
9 32 6037715
12 45 167960715
32 41 368616455
34 40 702157868
25 46 286160784
4 48 47577299
34 44 232359505
17 20 786497912
33 49 436579884
4 10 559315453
21 44 302280694
4 12 790788838
6 32 338812127
16 19 598846368
25 47 723337015
5 46 489389130
22 49 242431784
8 21 117695179
17 47 237629580
19 45 508807158
22 44 193413250
22 34 143964065
25 27 912779577
20 41 94312409
10 44 630354078
24 33 594565129
4 44 817605316
20 27 891797205
31 45 811915300
15 18 147100890
13 40 782466010
40 47 117143395
25 38 146356215
17 30 340978734
39 48 54691618
22 42 907776157
41 48 258686700
14 18 526393973
5 28 687234900
6 40 78374792
28 48 979366946
1 46 955256452
7 45 763326589
5 7 658422408
8 48 42729931
18 46 963010554
3 37 294529667
3 45 702610085
22 41 314992520
4 46 677388027
10 18 745891061
14 24 322821708
9 38 194453460
41 47 881076740
1 47 174954764
36 43 904310040
6 35 484907803
9 12 656326675
2 43 411652850
24 28 675992631
11 14 972788730
35 44 132095071
6 22 571673484
1 41 413236981
36 39 583326677
24 36 961382844
21 28 380821893
1 3 38828201
12 14 838452934
34 35 309480063
37 45 584389174
7 47 872762111
1 34 778389296
20 26 22564071
23 35 696354218
4 33 349457628
24 48 42592589
2 31 788977694
2 10 21290557
3 16 205964780
6 38 145356032
17 24 491384025
12 27 9101230
9 10 806485980
21 30 7666220
10 39 565994564
29 49 34788847
18 28 366385073
9 19 820361810
11 43 855736638
8 24 940022196
36 44 38375325
21 27 539263315
18 30 301913560
1 48 734600396
3 31 722720159
28 35 380258666
27 30 111167056
29 32 596832760
42 46 89430409
32 44 738651781
14 23 49070724
8 15 946697998
4 5 586618769
1 23 656921291
25 28 136292186
22 38 500066023
17 34 284590974
11 29 707053233
18 27 157432263
1 36 799415576
15 19 26642759
5 29 94256603
29 38 421550487
31 34 760495553
12 13 621045
9 20 18922219
29 42 125104311
17 38 317663916
2 15 437712728
15 41 6594837
33 34 276561396
31 37 601188775
37 46 103539251
22 31 173254
20 38 602411987
33 36 141123933
10 37 684295773
4 9 619380911
1 38 484018953
13 27 321859857
3 32 731540147
26 42 386848116
26 44 11434996
10 22 420883888
23 47 384129942
1 13 875668987
19 42 491688638
38 48 74360058
11 39 490132472
12 48 856199400
15 47 579154843
27 46 574115555
30 31 937736570
29 44 221813225
2 47 278405631
17 42 758911870
32 45 736971508
2 35 571622937
22 30 555304721
19 38 50070577
31 32 125018251
1 6 600125998
45 46 107630029
44 48 64451127
19 49 601535717
28 33 542823310
32 42 770490209
6 34 296657525
7 38 15468032
15 17 982498652
4 47 914660182
22 40 8852142
35 46 739686859
29 37 105070896
36 38 278014606
11 34 86942592
3 27 638430091
