50 544 23
444307967 0
999992975 10 5 3 44 14 21 866049541 746852799 65564536 28 503568201
999993098 4 381935149 19 49 555305103
999991790 2 50 47
159680965 7 784214065 276681740 135904218 6 46 15 12
999990277 11 553107331 194139002 496867861 98715611 11 228208021 50 287601943 538695423 23 1
716622168 8 71616360 13 111479005 19 485749058 215221802 14 68239655
493372558 12 556681832 805093459 5 197481542 28 981745821 14 463348331 652239828 35844984 20 820840953
73024499 14 143835231 759855629 44 22 25296249 24 152357959 6 40 633765939 17 28 36 789056248
593978730 13 337871762 12 42 23 102040498 298410842 140976378 3 17 7 622741847 47 582385965
999992371 13 948223253 748335936 2 101312593 12 39 5 47 81387466 667157420 49407972 9 733679400
622130381 8 46 485387698 67451232 33 39 41 21 904267394
228420091 14 45813521 679807017 48 401514628 5 1 16 344790051 386152845 31 80780646 4 374179447 41
999990576 6 670918894 456268872 630214029 30 623863665 869104876
999999606 7 118217550 26 379739979 35 28 937221608 25
489070201 4 253033394 3 367270080 34
991788964 6 455139671 44 50 814222472 169624685 11
106544359 14 46 540239465 102920030 25 43 266455119 226750207 32 5 79026799 47902214 373259681 61696088 413511328
999994287 4 5 32 28 22
999994481 8 15 697841543 39 24 264430342 22 17 34
999997515 12 682157703 28 16 27 36 24 742818799 909550679 30 29 14 45
775774162 11 36 272436053 31 690454544 47 9 373958746 710725831 48 621863600 245125558
999995517 15 583773916 298492928 20 285564381 774531945 49 46801935 46 181567061 43 277769555 390902039 37 513104042 17837645
999994435 0
999992807 5 385178049 12 355804107 37 35
593525086 8 4 34 909478497 11 27 23 663452199 364745399
11391929 9 21 478142749 50 218651299 300304826 223835001 576844510 726202926 87324269
787649806 5 22 728573499 24 7 43
999999244 14 107460004 529877067 590288193 115961676 15 684254607 132267661 263892867 33612138 868061396 638180947 246003738 12 42
946129440 7 594896084 30 295268381 8 823571252 191747820 37
299070606 5 22 4 105032113 19 45
999990943 10 40 425974061 28 913840609 200846824 20 642758678 219280853 28109179 683385920
528928326 3 600464009 989503155 748209181
999995875 5 441129552 777003261 37 27 139310971
999991079 3 47 757367011 445460454
999999002 5 2 49471719 32 409265596 473280229
999999275 13 12 43 393744811 257097253 40 257147226 494269493 717158638 25 20 754309684 45 11991561
999990361 8 921569567 982560889 631461685 123632832 527708960 722647694 328618663 768136427
999995780 7 643321192 799875861 7 20 1 46 454069670
999995597 8 795491050 42 47 23 76450499 585795422 41 10
497938915 15 242877409 25 77813829 10 192174683 5 2 948231439 31 29 226201938 948911150 23 622041498 598572382
999995606 6 18 33564226 757487684 43 6 887399034
999996120 14 701500489 26 686574541 59986271 7 995598672 15 4 211002699 20 8 37 1 954199610
999992240 13 484327157 16 7 35 11 26 31 28 2 943194515 635439104 42 48
999994083 15 474117210 148515182 31 23 3 46 778241696 844255884 42899374 670622718 19 582666155 40 711389170 460753359
999994613 11 26 38965925 5 4 388949610 631352177 17 11 515036273 41 33
999991633 6 726490979 4136785 37 12 853589326 18
999992066 1 125046750
999994117 3 25 72778742 186095100
0 4 673842836 788099211 7 95339323
11 17 609304066
20 21 745421026
4 8 643874518
19 36 434377904
9 12 10218186
7 23 651233031
3 37 145866332
3 34 777847269
15 36 523991491
19 27 11602460
7 45 613128972
6 40 795680459
9 28 439966565
6 29 904085892
15 50 57123447
30 50 1793534
42 46 784676411
18 30 770140019
13 22 411144982
32 42 851895722
12 40 530023628
30 48 356876446
22 33 209930543
25 49 605498885
21 41 8793011
11 45 636789062
10 16 269319367
10 20 35422979
30 47 837072539
42 49 700684807
28 40 73882999
14 20 413139849
5 9 302209252
5 42 139626688
10 43 92830492
27 28 134717399
10 41 199683865
4 47 856293133
2 29 478833911
5 10 996052792
6 13 931409714
42 45 814581606
19 25 622860429
37 39 615047714
18 25 642029806
25 28 59161655
8 41 870727213
12 18 426988564
17 50 360614073
26 30 738807048
1 8 263170364
17 40 781331386
29 44 217634642
3 45 872468635
5 12 804449240
27 42 36611824
43 48 58912334
17 23 641620736
24 33 553714365
32 39 994222080
37 46 277433673
7 29 764173326
30 31 378201589
22 41 26130052
2 40 462809844
16 28 44776577
27 39 490977897
4 49 41350787
17 32 21281537
16 47 257597442
38 40 487373550
7 43 414106080
16 31 850435398
16 37 80574997
6 10 17427967
1 36 304926635
9 18 833213515
19 33 295538876
40 48 965294553
2 41 655263468
25 42 86606026
14 16 859117307
1 12 83697063
3 12 138712812
16 30 666803866
24 44 930709374
2 8 248068573
29 30 405496003
21 26 105574971
31 47 207686435
21 35 118417131
29 38 270380928
11 44 286745733
4 40 868078452
26 43 740105083
9 24 237693737
30 44 75898315
46 48 109327734
14 27 997279136
23 48 117090327
41 48 201899853
9 19 523293121
1 31 245131504
9 16 400988747
40 41 267376473
6 36 178742115
7 17 826320954
32 50 189940600
38 39 867559197
47 49 70139675
20 46 433877322
16 33 991924443
2 35 257160806
17 48 374403717
3 44 906841776
39 48 623555646
14 32 391810095
5 20 411226404
24 37 75637888
1 43 840164424
9 47 125923035
22 32 433840668
10 24 320545931
4 27 917827026
18 26 534316670
26 50 353318462
12 16 832815
18 29 35518682
3 29 151527783
13 19 364949913
4 35 753932793
23 38 19627537
6 11 135354324
16 19 635200836
6 39 948101794
4 42 111555627
3 4 199304500
25 48 878785168
40 42 21693913
1 7 412988262
33 40 342127949
28 30 229237276
11 15 111549627
4 14 600954383
10 31 527194707
25 30 173963319
41 45 954409853
28 41 279386737
15 29 329477499
7 25 858305442
15 16 242469183
8 15 204120472
7 27 220290066
35 36 814140464
24 43 437066888
6 34 650510911
8 35 993435448
1 44 122155599
11 21 997020495
22 50 73095186
4 30 541530628
9 22 657859051
28 45 145682063
1 21 143253711
41 47 704349710
15 25 605255205
17 18 676452925
36 47 241108926
16 17 597314019
2 19 138726968
5 48 134894466
31 38 813575742
14 17 226535120
30 34 790864042
17 44 363874025
8 49 452803518
1 37 816050435
20 48 253861484
4 39 900424706
13 26 141924761
43 46 251190699
30 38 256626011
35 46 409071994
13 25 676902964
33 38 405500676
24 45 40766918
16 40 162416865
19 43 373757757
11 43 347623054
1 26 465023949
22 39 733613729
27 38 616901731
30 35 881006385
3 42 216429363
40 47 120394760
5 46 91238208
18 48 105534088
23 36 4261784
8 24 698115505
26 49 373508445
4 31 201827382
3 18 349044025
14 38 826167076
6 50 753196229
23 30 739939931
2 48 885287207
1 5 136047642
4 50 728250525
14 26 77984855
29 32 503517819
32 49 155550362
17 28 127514128
6 33 795136596
19 24 480723234
5 33 665457010
6 21 301900985
24 47 973539743
7 15 84044989
9 36 226263142
32 41 826013298
21 49 55461394
16 48 144789435
18 42 771038497
30 32 766112117
26 29 670236198
20 42 604952021
17 29 569418666
10 18 791903712
15 34 716758410
9 32 562840065
35 37 831891326
36 49 954532515
17 30 515686058
5 37 310170589
23 50 875818720
36 46 560668623
6 18 405033446
1 13 680338205
27 40 431014369
18 19 877611645
7 47 421112960
35 47 779553477
6 23 67546164
9 44 207603238
17 24 696600484
9 13 724069049
36 40 487700703
13 16 38955580
4 10 569695417
32 48 597852310
9 21 190342757
30 36 81826954
20 40 569011694
2 7 623964497
26 38 913648182
20 29 101276627
5 13 689172510
4 24 177809118
8 22 157319994
12 25 98572302
7 10 8372009
5 22 87444989
26 31 353759264
3 43 204492174
4 26 328043087
35 38 221485169
7 37 665898119
12 36 966278398
4 7 623026335
12 34 87452225
35 45 796851738
14 44 576468361
3 15 774591658
2 9 95259272
24 27 992206185
26 40 638348480
8 40 868989275
16 22 54199959
2 16 852194036
13 43 146203218
20 24 61036615
19 30 403655670
21 23 228549563
4 6 814360897
4 33 665209664
1 6 240766765
28 36 943058324
19 37 800602000
8 37 424028955
22 46 502077985
14 34 794725547
17 20 974362388
9 39 718736284
8 44 738979711
4 11 287254478
10 36 456200146
21 28 810420370
20 35 780258529
6 26 934822585
3 28 890545829
14 28 201465249
20 38 767126352
12 20 653580421
2 50 567206258
8 47 21138677
18 28 198877219
17 42 914743409
12 15 184611748
30 33 54318304
13 36 56926364
4 22 366323442
15 18 394896577
13 47 78015027
25 37 68230094
4 17 327323585
2 37 170418914
11 13 795121218
13 29 378345110
18 31 62822672
20 47 378827366
14 36 719868312
11 19 752341923
10 32 455976893
16 18 120607764
30 37 565577832
24 28 704384330
3 49 248209691
2 22 961161435
31 42 979468715
3 50 44095031
23 40 840683802
29 37 688097484
8 17 857091913
28 34 937023010
7 36 864510311
4 29 856392283
33 48 598587662
37 42 71506694
4 19 250720580
31 40 417376102
31 32 74681288
27 34 453232388
21 36 926074041
2 27 354148399
31 48 296301702
20 25 917367757
10 40 317790077
37 43 625306875
12 14 376940537
35 39 799829276
41 50 730696610
8 43 530862173
1 4 117472115
4 12 236365176
34 36 499516027
2 32 889523809
2 28 628018060
34 42 602120995
30 42 609666369
11 24 164667558
23 24 59545526
18 33 895469926
11 37 392533259
15 33 257250294
3 13 935623035
13 39 863440994
8 38 565817478
13 20 700636618
5 50 849188384
12 46 756514990
27 37 443259422
23 33 480450779
8 10 693827697
17 46 330402285
14 48 891357518
6 47 914494840
7 42 282137861
2 23 180754996
24 30 183257916
18 45 444144913
20 23 347601209
1 25 490233297
1 16 554405425
22 45 449224631
14 40 980388058
1 9 309847274
11 47 409327474
9 14 199957665
34 44 725386177
21 32 111681939
39 44 730462495
11 31 272679441
29 39 688657894
23 49 687271473
33 47 743956077
12 23 695829462
2 15 144034996
7 24 4975972
36 45 229449023
7 33 807066931
6 8 217489277
14 45 486000912
31 49 759728608
1 45 582488272
24 39 921351228
8 25 954374830
13 45 572863340
4 38 516930429
12 50 533005059
6 49 838469746
1 10 40650991
4 18 221034772
27 49 572878317
6 42 588159109
2 45 237760400
35 49 864680771
33 39 217172947
17 47 82066426
27 35 741672961
6 45 314532689
7 34 211241259
32 35 167354263
28 47 200994493
7 44 750658534
20 36 741002944
14 23 863477037
25 36 828460190
8 50 671372623
23 39 15555255
26 42 908698548
27 50 507274122
28 44 561081683
13 48 976577352
10 23 553864973
20 50 160219157
8 46 86307205
21 43 989821531
21 42 860597716
13 15 790462509
13 27 777331925
29 33 905417232
12 49 18152090
8 18 430353474
36 50 692764982
23 41 801572795
8 20 404257086
32 47 227359199
23 31 885810335
19 34 461003228
22 37 627219567
4 23 160589320
6 14 697715502
2 46 819704589
23 29 193743225
13 23 22085817
27 29 994148901
25 38 316916814
19 47 218929524
29 35 406858407
12 38 898211719
16 24 365674386
11 46 369794469
15 37 120323924
15 21 502002838
15 28 400312814
8 30 907582238
43 50 547781878
16 27 416345686
23 47 16127307
13 31 830169915
31 50 433680411
5 7 523265227
34 50 541652509
17 37 350383863
24 40 358921959
38 45 9458468
13 32 256097088
4 25 22662631
24 36 339890442
9 35 662780865
14 39 358920576
19 48 6138091
42 50 880693544
16 26 126705271
15 47 885089038
8 26 492583029
25 40 633710352
19 31 921883024
12 29 463075708
19 23 828906479
27 45 225895170
3 32 399110361
25 47 70134233
37 50 710929620
17 34 798954812
46 49 855260633
15 40 501622642
22 49 64577840
33 37 136398851
1 42 984169739
9 29 674647
10 35 45290040
6 27 50150077
24 31 514780562
23 25 944472652
6 24 187739802
32 36 34568337
5 17 357392782
44 50 861139505
6 16 72276298
14 46 147065588
37 38 670486055
20 26 493968357
26 48 883520766
21 25 631379708
33 46 209404151
38 47 901992326
24 48 971472056
27 41 74383605
20 34 317884537
30 49 534972360
15 41 746773133
8 23 944990852
7 28 231792320
12 19 25004666
5 29 23773728
20 41 84121899
33 35 673274834
4 37 134356379
45 46 766006518
10 38 982035158
13 24 102823145
14 35 82621210
21 31 688686236
33 43 265580521
6 7 880893775
19 35 364711462
30 40 222609928
20 44 584349173
11 50 820865373
9 33 610987216
19 45 486456795
38 43 391415233
7 11 978232073
