1000
31 -10
47 -5
46 -1
22 -5
-56 -10
43 3
21 -7
39 7
42 -8
65 -4
17 -6
-30 2
64 -3
34 2
-29 2
-5 1
-39 6
76 -5
28 -3
34 8
42 10
38 1
13 -4
61 0
-74 9
-38 -2
-63 7
39 -4
73 5
-50 -3
14 -10
72 2
-53 10
74 -6
58 -6
-4 -3
-40 -9
38 3
-23 9
-55 -4
9 -9
-37 8
-13 -10
-69 5
68 -1
-44 -5
68 0
45 2
50 -7
16 -2
80 3
-70 -10
20 -1
9 9
5 -8
23 9
-76 10
4 -7
3 -9
3 -6
59 9
21 -9
-40 10
-16 7
62 6
15 -8
-56 7
38 -4
-40 -5
-32 4
-30 -3
-13 -5
-21 -8
34 -10
10 -5
36 -10
33 -3
-32 -9
32 -4
64 1
-45 9
-21 4
47 -9
44 -8
-44 2
18 5
42 6
-66 -9
-15 -8
-67 0
-43 3
-19 6
31 4
-56 8
-22 -5
46 0
56 9
-55 5
-47 -5
10 9
54 -1
-34 0
-11 -6
35 3
78 -4
-26 1
-2 2
29 -4
-73 2
13 6
38 -5
33 3
24 2
74 0
-37 2
-13 1
-2 -5
76 2
5 10
-53 -2
-48 3
-30 -2
28 2
-7 -6
41 8
-8 -9
19 1
66 -6
70 4
51 -1
-65 7
-5 -9
-17 9
62 8
53 -1
33 8
28 4
2 -7
-60 -8
-61 -5
-64 1
-13 6
49 7
73 2
6 6
26 3
27 10
-16 0
-24 7
-79 -3
17 7
71 -10
-23 6
-68 5
-8 -1
-19 -8
-22 -6
-20 -7
41 9
-39 2
-21 -6
-45 -7
27 8
-48 10
32 4
-22 -9
27 -10
75 -10
52 -6
-6 1
17 -10
75 -2
51 -3
27 -8
-3 9
-53 5
14 7
-37 3
29 -2
-39 0
-17 -3
-26 -10
-38 7
-74 -4
74 2
-3 -6
-28 -4
69 -6
-31 -9
5 6
79 3
-68 0
56 -6
-48 5
-69 7
45 -4
17 3
-20 2
20 8
44 -3
34 10
67 -5
-13 5
-22 -2
-51 -1
-50 1
-4 3
58 2
26 -2
3 -4
-35 9
-50 3
12 10
-73 7
-39 -4
-40 -10
-53 2
48 10
61 -1
-75 -4
-15 -9
53 -9
28 3
-2 -10
76 5
-9 0
-16 -4
32 -2
64 3
54 10
17 4
7 9
65 2
19 -2
18 3
-37 -8
19 -6
43 9
71 -1
16 -9
-8 4
7 5
-23 -1
71 10
30 -7
-6 6
-27 8
-12 -7
-1 0
-49 3
-16 -9
48 1
-37 1
-37 4
-63 9
62 10
-50 2
-52 -9
-26 -6
-48 -4
-33 10
77 1
6 7
30 0
-47 0
-55 -10
-68 6
-3 -1
-2 10
-19 0
66 -8
42 -3
18 -2
33 7
8 2
6 -3
-72 -4
80 9
-77 7
35 10
-29 1
-46 -10
-75 5
51 -10
51 -9
-14 -1
72 5
-13 8
49 5
-73 -1
-60 9
26 1
50 2
74 7
-64 2
-30 -9
54 4
-28 -9
-6 -1
-1 5
-79 -6
80 -8
-22 3
-56 -6
43 7
-67 -4
20 3
44 0
-17 0
-80 1
71 -4
16 -5
12 -1
-48 -6
29 -8
-33 -7
57 2
21 10
57 7
-28 1
-34 -8
37 9
3 -7
14 5
38 6
26 -9
42 4
-15 -2
-17 -2
-62 0
38 -7
43 6
-27 -5
1 10
-38 2
-67 9
-34 7
-6 -10
5 4
29 7
47 -10
69 0
22 -10
-80 -2
45 -6
2 7
-68 2
-20 4
-1 4
-43 6
19 -9
-77 4
79 -5
-78 2
58 0
-52 8
-74 0
-74 4
50 -3
-26 2
0 -9
-73 1
13 9
-62 -6
72 -6
-64 -4
61 -4
-51 -9
75 4
-49 -9
4 8
-60 5
-52 -6
40 8
54 8
62 -1
-39 -2
65 0
-41 9
-5 -2
38 8
-66 -5
19 -4
55 -9
41 -9
47 -8
-30 3
-21 6
77 -1
-5 9
-2 6
-30 6
48 8
-13 -4
1 -7
24 6
38 10
37 -8
25 7
49 2
-19 -9
2 3
-26 -8
21 0
-68 4
-35 4
11 -7
-72 10
-6 -7
-30 -6
54 3
5 -9
-7 -2
-23 1
-42 -8
70 -4
-46 5
10 -1
58 -2
19 5
-34 10
-18 0
-68 10
-41 6
17 -5
-42 -4
-73 -6
17 0
-36 -9
-4 9
-49 10
75 -3
10 -10
14 0
-63 -10
-13 10
15 5
-39 -10
54 1
-12 -10
62 -5
78 2
-23 8
-3 -3
11 -2
75 8
30 9
4 4
-78 -5
-23 10
55 3
47 -6
64 9
32 5
-69 2
31 1
39 6
18 -9
72 0
-21 -2
45 3
56 5
80 2
-59 1
-29 8
-57 -1
-20 6
-78 9
-29 7
25 4
38 -2
-27 2
-30 5
-14 -9
38 4
-12 -9
57 3
39 1
-16 -3
11 -9
51 2
75 1
-63 10
4 3
-28 -8
-18 -10
-36 1
-33 0
-29 -5
-59 -10
-12 6
-57 -2
-32 -10
40 3
-42 -6
45 -8
-21 5
-41 -4
-23 -7
-18 -8
68 -7
22 -2
-4 -6
42 -9
-70 2
-18 6
55 -8
-57 -9
-36 -1
-28 10
-11 7
11 5
50 -5
-12 -1
-25 5
38 -10
24 1
22 7
-5 -3
37 -3
75 6
-25 -4
-36 4
33 -9
-41 -9
35 -9
-72 5
6 0
71 -2
-7 -5
-65 -8
63 -6
-8 -10
-66 -7
34 -4
-69 -10
40 2
73 10
42 -2
65 -6
-7 5
-24 -10
-68 -10
58 9
69 -4
16 5
47 5
-59 -6
-33 -9
-69 9
-76 5
-2 4
67 10
-13 -2
-37 -3
41 3
0 -6
-49 -2
36 -3
-2 -3
-26 -1
-50 -5
53 10
-11 5
3 7
-24 6
-54 -3
-10 10
-47 4
23 -7
55 4
-18 -5
12 -4
-8 -3
-47 -2
-21 9
13 0
-42 5
18 -6
20 2
45 8
-34 -3
8 6
40 -5
-34 6
-73 -5
62 9
53 -8
-5 0
28 -2
17 8
71 9
-11 -9
44 3
-18 7
-14 -6
-16 1
-63 6
-15 -7
39 10
-6 -5
62 -7
-38 6
-3 -5
-13 -8
-17 5
-79 -4
-78 -7
-57 6
33 -5
29 10
-70 9
56 -7
-69 4
45 -3
67 6
-68 -7
-41 -10
-65 10
15 7
-67 6
31 -4
-69 -6
6 10
-80 5
75 -1
-70 -9
79 -1
37 3
57 6
-78 7
-58 -7
77 -9
-75 10
27 -1
59 8
-74 1
70 -2
12 9
12 -9
-39 10
-21 0
-63 -8
25 3
-40 -4
-61 1
51 4
-75 -3
-10 4
36 -9
76 4
-5 -1
77 9
32 -3
64 2
-45 8
-36 5
41 0
35 1
-18 -1
66 8
43 -4
-32 6
-46 -3
7 7
-4 -1
-11 -7
-35 -4
-35 8
-50 5
26 -6
30 -2
25 -7
72 -2
24 -8
-80 7
61 -8
37 -5
25 2
-73 0
-60 1
36 -1
-76 -5
5 9
-35 7
13 8
-6 -6
79 0
71 -8
-47 1
65 4
70 -7
-69 8
-58 6
-25 -10
-70 -7
44 8
66 0
41 -5
71 0
40 -9
54 -10
8 1
73 6
-72 -5
80 8
77 -6
-53 3
-76 7
-1 10
37 1
-61 -6
36 7
25 9
72 4
9 3
-49 -8
34 3
-60 8
-62 8
-50 -7
78 6
-30 -10
-28 -10
51 -5
79 5
46 -3
22 -1
69 -9
43 4
-17 -9
-41 8
68 1
44 7
41 -10
-17 1
-45 -8
40 -3
16 -6
-9 -5
-33 -2
-57 -3
76 -10
67 -8
59 -7
27 -5
3 -10
-70 -8
78 7
-74 -3
-63 4
73 -9
-15 2
68 -2
-62 3
0 10
-14 9
-3 -7
27 2
4 0
-28 -3
-57 4
-49 5
-31 -10
-33 7
79 2
-63 -1
32 -8
-57 -6
45 -5
-67 -10
20 9
44 -2
67 -6
69 2
-9 -10
64 -9
-56 4
-32 1
80 6
70 9
55 -3
-55 1
-57 9
-78 5
54 -6
58 3
-19 9
-75 8
-79 -1
-17 -10
39 -10
49 -5
-25 8
19 10
0 1
70 -6
-12 3
49 10
-4 -9
-50 -2
-2 -9
-5 10
-53 -6
-77 -7
-72 2
62 7
8 -4
65 1
68 10
27 -2
-36 9
58 5
66 -2
-46 -5
70 0
-23 -3
7 -1
54 -3
30 -1
6 -5
10 -8
35 4
14 9
50 -9
-2 1
60 4
17 -4
34 1
1 -6
61 9
-41 -1
61 5
-61 8
-37 7
-63 8
-7 -7
-59 2
-72 9
-51 -4
30 1
-54 -1
-71 4
39 -8
-23 2
16 -3
-46 4
79 4
19 2
43 1
7 -9
71 2
-61 -7
29 -10
-32 5
-25 -6
53 -5
29 -1
-76 1
-31 8
60 3
-66 6
-15 10
0 -1
-25 -9
49 4
39 9
-60 10
62 -6
-35 -8
20 -6
3 0
-11 1
75 9
-10 1
-24 10
-78 -6
58 7
-55 -1
-54 -2
-70 10
80 -7
-32 -2
64 8
69 -3
-43 -8
18 -10
-44 -7
20 -10
-65 9
67 -9
-16 8
-2 0
8 10
16 -4
79 -3
33 6
-76 8
28 -6
34 5
-58 -6
51 -2
27 -3
-14 -10
38 7
-62 -4
17 -2
73 8
63 5
-37 -6
38 -1
14 -5
78 3
61 7
27 4
51 3
-77 -9
67 -10
34 -8
28 7
-52 -4
76 9
-71 8
-25 2
-9 4
8 9
22 -9
6 8
8 -9
-57 8
-21 2
-41 -3
68 -5
-44 0
18 7
-38 -9
67 -4
-43 5
-69 -2
-56 6
-46 -2
17 -3
-23 -6
-28 9
-54 1
-21 7
11 2
-5 5
38 5
-74 5
32 9
73 -2
49 -7
-25 10
13 2
11 6
-61 5
-37 0
75 7
60 -1
-36 2
28 -7
-18 -2
-35 10
-12 7
-80 -10
-50 -6
42 9
-70 6
66 4
43 10
46 5
18 -5
65 -5
7 -8
-71 -7
-30 0
-48 -5
-14 -8
-77 3
35 6
76 10
33 10
-50 9
36 1
-60 -1
37 4
-73 -8
-49 2
24 -4
72 1
14 6
37 6
-26 -7
50 6
59 -2
35 -3
-27 -10
-20 -10
10 10
