1000
-33900 2893
-34587 -983
45399 4368
-4597 2293
4781 1144
27933 4458
-2610 3021
49522 -2288
-48426 969
-28496 -2059
-18379 529
-37994 -706
16425 3866
33267 664
31703 4403
-33504 3535
-46039 -4780
20668 -1370
-29445 3480
49337 2821
-45637 -2766
-4071 -3553
-23487 -4667
41527 2638
49748 1993
-26462 3057
26950 -3443
22522 -918
-41025 951
12913 -1898
7518 690
2985 25
-20481 -4854
29755 -355
-17770 1657
47442 -340
-14431 -2697
-47007 2298
45864 4789
-27452 -2610
-40995 1152
-9966 2778
-34985 2388
37905 3651
6491 1163
-41596 4607
-48899 -133
-42752 -255
37461 -4332
12184 -2776
28103 3418
-18667 4549
32443 -3121
44067 4010
-9895 -3417
-22464 1256
24130 4342
-8176 4277
9372 1485
-15806 -1736
17401 -1213
4205 4682
21886 4109
-42420 -4354
36352 1377
-33291 -2246
-29728 -934
-11112 -4571
-15755 -1341
3896 1689
10487 -1437
-26572 1319
34630 728
21334 2205
-16828 -2891
47839 -1789
-29627 -3684
-45221 1097
-21134 -1460
-40432 2859
23570 -3978
-20026 -928
-33286 -4798
-10312 1721
33670 537
4692 -4791
9060 4822
-27779 745
-30654 -4977
-32078 1194
-26354 -4201
7120 -2196
-650 2132
46536 -3208
38248 -2548
12681 2495
-4316 1083
21493 -1437
34850 2957
-6026 -4314
-36198 -1328
46844 1195
-41838 -1270
26767 4598
7094 3042
-13657 -3872
3745 3257
-9398 4999
-48641 3813
-16198 -804
-40906 -2139
-26894 -102
-49343 -3374
19902 -3524
33470 3039
23413 -1717
48454 -3109
32096 4062
14475 -558
37651 -939
49579 1363
-34112 -758
36399 -3911
39793 -3535
-17313 -2712
17639 4954
47709 4486
-22298 -836
44396 -2384
-18281 -4216
18661 3940
-10246 1768
-24779 3978
-7578 -4358
-26711 154
32788 2714
22973 -3393
26939 -562
18903 -4143
42805 4598
49921 3216
37451 4348
-34046 2996
46289 -552
49189 -2353
-27482 -1705
6495 1881
320 1662
-44106 1889
-25094 -4814
44958 -2152
-12099 2512
26074 -4999
-34585 628
26539 -2351
23 -168
1443 4011
-33944 -1377
-6394 -2622
47054 4864
42719 1503
34215 -2773
40116 -689
-2204 -341
19179 3789
37965 -1961
12848 -470
35809 2988
-314 4582
40755 -1177
42471 -2952
26778 2409
10649 -1463
9504 945
-7187 4753
-47394 2270
-6931 4612
-12299 -2893
18811 -4928
1254 -3799
32901 -1913
11506 -3133
-28252 -1786
-35093 3390
33475 4239
18546 3119
-34772 4506
2879 -114
32890 -170
-16058 -1345
21127 -1906
-30997 4670
-44428 810
29106 -3844
-46584 -4568
-16031 -4247
38228 2067
-19675 4668
20331 217
-7342 -363
-33789 -498
-21773 -619
47667 1744
27877 4
-31227 -3969
-7136 -1222
-21282 -3980
-2825 -2090
-19892 -3604
41976 -3419
-8209 -3233
-20728 -2593
6993 -1214
-34402 2526
-41872 -491
-8512 2595
14864 1272
36883 4468
-5996 -1810
24214 1539
35881 2688
7512 4848
-40256 -203
-16888 2434
37466 -4511
39873 -1894
22704 -990
-47724 -1301
867 -238
-2467 35
-20922 -4732
-31594 4321
-15107 2223
-43936 93
31083 1483
47218 3232
-34214 -4250
37527 3498
29174 -3850
27963 24
25445 2924
21331 -1701
29455 -1887
5927 -4557
49788 3247
-17781 -165
28481 4446
4153 952
-27668 2334
13898 159
-27746 -3653
-12788 3053
-28649 2981
13213 -4942
33568 4662
1765 396
-32736 3416
-34606 3524
15178 -4456
809 3696
12148 2012
16336 469
11098 617
13679 -567
-45305 2236
34609 1979
-8296 3028
40242 2432
-26450 -2671
7755 -4591
-22664 -1102
27868 -1397
-14522 -4607
26938 2230
-47338 1424
-15703 -836
31319 -119
34360 1571
-44078 18
-42557 4816
-19618 -4572
15956 1807
22146 3290
7649 -3952
-29075 4861
-41836 -470
41534 2490
2593 214
6768 -3766
-18027 4548
718 2103
18904 -2192
-26422 -3527
21934 3567
-11227 -456
-38164 -3572
4476 3962
29942 -3071
13207 -4183
-31923 -4908
-2365 2968
49409 -3915
-45155 -883
-16869 590
-47250 -4141
-37522 4850
48451 -1218
33787 -1971
46968 -4392
20120 3373
29448 -345
-9250 -3014
47564 -2148
-7780 4856
-10882 -2341
17030 -4855
-21880 -3080
-47223 596
38798 -1890
22430 -4638
-6696 3908
38481 -4709
-38854 1745
-36996 -4288
35345 -2950
48413 3698
31285 4103
-32515 -3221
26691 4003
-25984 -2495
-7921 3707
44407 -731
-38376 -4590
-13771 630
-5274 143
-9443 -4577
-47448 -1484
-35246 -1273
26863 -1955
-26032 1873
40577 -3274
35602 4364
-48152 -1652
23474 -136
-40772 2396
-12338 -3389
4278 2466
-27652 -850
43269 -3744
-24269 1862
-26453 89
-12912 -2038
843 -1081
-42533 718
-23922 4677
3719 2118
-33287 3699
33524 -322
29111 -2334
27012 -2192
32840 -599
25182 -175
4574 3114
-18410 3389
23256 151
-39017 -1887
-16606 -2449
-29949 -1670
7757 -3990
14697 -1511
-9379 2480
48174 1547
-17492 3650
-42169 1749
-891 -731
13012 -3645
-27275 897
-35581 4266
27489 -293
45215 1904
-9643 -4184
33735 -295
-40174 -4249
-43554 3068
-41829 -3419
6006 -2441
25440 -2141
1455 997
-19653 -4574
-25804 4496
38267 -2128
-19247 -856
45609 2387
11879 -1105
-37176 -3721
35108 -1791
-12098 2025
8782 4562
-46068 -519
37143 -3980
-1786 3170
3709 4685
28812 -2640
16266 -3712
8887 -3815
18019 -4347
-11093 2288
11337 -3526
-37934 77
-29495 -4914
1362 1938
-44491 -4322
-19392 1126
-33415 577
5223 -4059
2135 2619
-26589 -3004
-40686 -297
-10486 -3896
-4620 -284
34694 3165
-20733 -1760
29226 70
30431 -650
-21433 2169
-27749 4344
6006 905
-7391 659
21200 -4081
-9719 -2603
16327 -1328
42521 -3754
-4797 -3090
-29294 -4132
-8959 -2027
37376 2776
-36985 -2976
4947 1213
-33568 2937
19312 -3714
44285 -3884
31029 3101
-48486 2434
-34653 -4856
45064 -4739
3029 -4597
-44926 -2705
39977 3717
-39878 -467
1909 3911
35539 -492
26942 -4869
23411 -321
-4456 4935
4203 -2203
-29222 -1213
-12647 4972
-30538 -357
2696 1203
40705 -4762
-6139 -3493
10679 2444
-11704 4806
44488 4891
7029 4654
38701 -2879
39497 -2098
-4618 3320
-5873 2073
22419 -111
-48684 2147
49430 -3664
-13140 -4891
-41733 -2962
46891 -1094
-48104 4193
18345 -1913
41463 1156
-45401 -4413
44586 -3068
6720 2676
48961 -1670
42015 -1984
23710 3017
-40682 -304
-18999 -1282
20232 4154
-24326 -4033
-2524 506
375 -4561
13980 1920
37350 3532
-27838 3049
15992 -1280
1004 2313
-37413 -4157
-9961 2066
950 -1730
-36230 736
-31733 -4584
-43720 2973
33399 2559
28022 1389
-27604 -3902
7366 2431
-31737 -2023
44933 494
47590 25
19572 1932
-9150 -893
-16128 231
44757 2353
1015 1115
16858 1314
-46598 886
978 -3647
45783 -4167
-1365 2752
-15579 -2416
-5260 1603
-29672 -1732
34113 3642
48146 3128
-18014 1195
14152 -940
37790 4683
17592 728
47011 2577
13704 -3134
-21874 -3128
-32162 923
7243 -662
-38929 1081
-48680 1392
29953 516
28680 -1207
-32639 -1368
16130 -3199
-14112 -3644
40796 690
36237 1535
-45128 -949
-18164 4526
-27097 224
4604 -469
-30195 4842
12596 -3826
-30290 3224
36062 -458
-33191 -3813
-5611 2501
34663 -2582
-43946 -3673
32585 1107
35599 2832
-8239 -657
11951 -1541
7253 692
39566 3263
-45906 581
8014 2141
-36433 917
12165 -590
22508 -488
34092 2623
13154 -2122
-13825 -2440
-7507 496
3165 4284
-20488 1211
37333 -333
43787 4016
-41100 -3901
29315 480
14128 -3618
15964 1507
-20101 -627
18855 -4641
-21732 4732
-21941 2163
24790 -1407
-31400 3387
-20162 -1776
-13205 -1104
-12497 1496
47438 1264
-9819 4497
41732 -4024
-26322 -732
24919 -1258
-18943 185
-45290 -1360
-24223 -1262
12543 -2635
-23092 2980
-48816 -4006
39168 1764
40393 -4846
49038 2708
-28180 169
334 -4405
-47071 -177
-44910 2380
7942 3037
-6036 2582
-14076 -1263
-24827 3635
-30604 -4067
19663 2886
-25537 -2771
-46441 -750
-35343 4524
14523 777
49973 -4974
-12574 -4185
-17351 -1037
32013 -3955
48722 3129
32268 544
13880 -3749
-26278 2742
-21017 -616
-2349 4782
21920 940
-4174 -2915
-17266 2714
-14877 1011
-13673 -2693
-13992 -799
-18146 3702
-49416 -3627
9553 -4175
40848 4241
-8270 -857
5647 663
42340 -3789
14267 -2148
-26816 -1645
-17693 -1740
-27900 -1925
-36675 -181
-42113 -4948
14999 -452
4138 4667
-19439 -3789
32807 -4431
-44311 1286
26965 838
19440 -3157
33861 3359
-49813 4677
-49518 591
-29626 216
-13952 -2428
40185 -916
-46322 -3284
62 -2863
-4647 -3620
-10989 2723
-38219 -4146
19006 1100
-22890 -2663
2738 3742
-27306 -1481
20194 2236
-11068 -1645
39071 -3031
-6916 -4617
-32435 -966
26126 -1928
-576 -3098
31796 -1626
-38987 4363
15663 723
573 -966
-22819 2245
20194 2128
26627 -1919
20888 1750
-19180 -3144
-34309 3963
42460 1596
-8462 292
-11844 -3421
-31443 -613
-47125 -4422
-2768 -4048
-42639 188
31506 2751
-39763 -3575
8229 -1030
-1020 4592
49003 192
11500 -4868
-42017 2695
28636 2749
35005 3721
-26190 -643
17298 -3663
1059 -3947
37071 -3646
-15710 4803
-39370 1512
2721 -2966
-34115 -3710
-10886 -1466
-11416 889
-10618 4563
-1001 -496
49680 -4118
-44422 -2886
36976 489
36071 3270
22466 -3454
-35196 3982
35454 -4237
41488 751
-27606 3339
-39841 -4011
34557 1968
-33642 -4445
32640 886
32463 -1563
-14551 -3116
-20810 -3274
-47135 4029
23075 4196
-27449 1101
-16365 -3813
41777 -1167
-16607 -141
-22043 -2793
-28812 -1903
44309 2029
-34843 3523
-20424 -183
41673 4973
-46096 2096
33566 -1120
-14563 2216
-4956 4367
32757 -2936
20186 322
35794 -4624
-12391 587
-26238 -573
-17980 -2218
-44335 -3065
8127 4569
-48563 127
-18720 -1854
43924 -336
49372 -3201
-5745 2392
20743 4858
-20699 -3280
45331 -2129
35695 724
40327 -179
-33554 -660
15726 -4346
44522 1103
46121 1354
24035 3325
47938 3855
-31865 -2250
-23949 1697
-47693 -4140
13793 437
47727 -4997
26161 2856
38039 -4763
-39974 4193
11971 436
37930 -116
30992 -4575
-28851 -2799
-20574 4918
-37962 -440
-34009 -630
-39947 2193
7647 -2658
24789 -4782
8881 -4399
1613 3510
-9991 272
-36096 -4657
29227 741
-10108 -4210
25563 -4045
45320 -134
-48985 3812
-18512 716
31479 -4427
43870 -4461
49344 4067
5930 4608
-21597 3259
-31752 -4396
7527 1812
-28131 -3631
-8428 -1428
34141 1085
29850 3937
31075 2541
-44773 4440
-31604 698
48115 4218
19880 -1035
22881 -3151
19127 393
22328 2625
-47966 -3805
32118 -2587
2789 -607
-46980 -2855
-20571 183
8915 -759
-14071 -3602
27801 1675
15213 -1002
1446 161
-15216 -1916
-34173 3061
18617 -4530
-15268 4301
-10898 -689
-45296 -717
-27729 1314
-8938 -2113
26523 -3
-27558 -3381
11259 -1196
9786 -2127
29859 2551
5130 2445
42086 4554
8657 -3330
-8487 2137
14047 3028
-13024 1006
34820 309
-46961 -1657
19698 2536
40658 2049
36311 1785
-33973 432
46609 1139
-25416 3122
-12500 3803
1794 -4704
-22424 3446
34691 -438
28788 -1132
14978 -1781
-12798 2323
8706 2879
-25896 -189
-36091 783
5731 -1252
22632 -1905
-43127 242
23741 3353
39706 1261
-45103 1903
-47827 -3446
38626 -1931
-19903 -2462
8335 3227
27973 1584
-28143 -4345
32208 -4919
-2811 4140
-1489 -2667
12334 3128
-38058 1616
24598 -2748
8633 1896
36062 -4654
-13487 -3477
-22421 3179
-49588 -843
-38323 -2664
31186 -2535
26269 -1805
-28623 -2770
-43887 -4370
17394 3310
-41915 -3011
-35584 1606
21332 -5
-15864 4071
32305 3447
-22742 -4192
-44221 506
26056 4176
-3310 1044
-10619 -4451
2900 -4787
-35014 2933
14368 -4203
14983 -255
-31974 4567
16168 -2261
26304 696
-30941 1172
-45450 592
43039 3418
28629 -4995
-1207 2333
11051 -3873
-38806 -3820
-48631 -1198
-9429 4303
16007 -675
31124 -4783
25684 -1842
-1171 -4511
-12797 2243
-26495 1420
1409 3703
39588 32
-28173 957
32259 2834
13120 -3216
-44723 -942
38940 3699
-22725 -1884
-19692 703
33192 4132
32337 -1614
-8752 -3514
-25463 1230
25577 3940
-17391 903
-10482 1875
18790 -319
-10618 3392
-27895 636
9632 658
-40590 -3129
-23211 -4919
-38800 -272
37616 -1867
27463 -1743
-22848 -1725
-4344 2928
30971 630
-38128 -2202
-41277 -2932
-18961 4377
-29146 3531
-46839 -4791
1581 -2693
714 -2585
-15160 1651
34325 842
24292 -170
-33632 1124
-18311 -1822
28945 -175
-8430 1121
37022 1776
-21144 -4199
10603 2634
49206 1282
-49777 1399
-18159 3143
-32625 -3837
-19696 -1693
40545 1191
49277 -4811
13498 3525
-48693 865
-12479 3974
-32879 -2988
-30083 -3879
6452 -1115
25187 3559
-35107 -4785
17884 -1543
34804 3182
29006 -1443
-22167 2970
12144 -2170
8520 -2293
37755 3009
41608 2978
-36586 -3818
5997 -4406
22959 4798
-4476 3217
-9630 -3958
-41027 -671
23464 4530
-30062 -2798
-24524 -3067
-29318 -2544
-5859 -2449
-32875 -4647
