1000
25901 1
21811 0
1451 -1
49198 -1
24309 1
-8419 0
5053 1
-18 1
-28309 1
-41447 1
-26830 -1
-15105 0
-7597 -1
6293 -1
-8183 0
36409 -1
46249 1
-8331 0
30015 0
27206 -1
-37667 1
49136 0
12732 1
25401 1
-17075 -1
35141 -1
41439 1
-45276 0
1234 0
2775 -1
25676 1
-17301 -1
3625 1
42685 -1
26003 1
-16568 0
45332 1
49809 1
49827 -1
-39435 -1
-49646 1
31803 1
-33698 -1
38017 0
-39409 1
46418 1
2546 0
-6583 0
21819 1
46319 -1
-25991 0
46295 1
-46392 1
-49032 -1
2125 0
29509 0
-20723 -1
14500 0
-48115 0
44662 -1
12461 1
-26243 -1
-30298 1
32693 -1
32263 -1
7403 1
-20151 -1
-615 1
19644 0
-33517 0
-6708 1
-21823 0
-43841 -1
-7891 0
7986 0
-3252 0
-44806 0
-13626 1
33799 1
-49113 -1
37154 1
-36632 0
48848 1
-1784 -1
-38645 1
-31149 -1
-9494 1
29148 0
44595 0
-4470 0
4961 -1
-44570 1
14235 1
34407 0
40541 -1
-40014 0
-29501 0
-33510 0
40934 1
28663 -1
27988 -1
36469 -1
1405 1
555 1
27895 0
15781 0
6366 -1
30277 1
26625 0
32321 -1
-33596 -1
33961 1
-48101 0
-11401 1
29262 -1
-4090 1
43953 -1
39729 1
37832 -1
-28496 0
-47874 -1
44741 0
39821 -1
41321 -1
21793 -1
39361 1
-36993 1
-46432 1
32581 -1
-47874 0
41643 -1
15869 -1
-5340 1
33819 -1
-18285 0
38789 1
-10600 0
37402 1
35667 -1
25266 0
-29943 0
31858 -1
49363 1
38109 1
-32989 0
418 -1
35185 1
7727 1
-26859 -1
-6182 -1
12206 0
23855 1
5715 1
-44231 1
1215 1
-24352 1
10725 -1
-34402 1
-36069 1
39491 1
14605 1
-6077 0
-29457 0
-24826 0
-4250 0
-2167 -1
-18139 0
27998 -1
-16480 -1
-27418 -1
-27329 0
40018 1
-7713 1
35739 0
33851 1
16309 0
3790 -1
11759 -1
8451 1
11313 -1
-42970 0
-20146 1
-32432 0
-260 1
-33644 0
47030 -1
16801 -1
-10720 1
49162 -1
29088 0
38318 -1
35816 1
16177 0
-5597 1
5716 1
20183 -1
-38682 -1
-25816 -1
38663 -1
-42374 -1
-38926 0
40568 1
-39978 0
-2920 -1
14590 1
47532 1
-570 1
32521 0
2932 1
-49753 -1
6810 0
33750 0
31637 -1
-21310 0
32075 1
-40233 0
18138 -1
14596 1
41601 1
-28362 -1
11525 -1
25069 1
-8192 0
-13620 1
2170 1
-27979 1
-46820 0
-14641 1
23444 1
-32286 0
47113 -1
25230 -1
27483 -1
17916 0
16416 -1
-14527 -1
38689 0
29810 0
45482 -1
-14969 0
23952 -1
-49588 0
44966 0
-21521 1
-39778 -1
-32568 -1
37562 -1
-21111 0
-41994 -1
10808 -1
9774 -1
22773 1
-14447 -1
-20655 1
-43404 0
40738 0
-17287 0
9424 0
-24244 -1
-13410 -1
27757 -1
26303 -1
-49745 1
21157 -1
-18152 -1
34092 1
27354 1
29890 0
-26758 0
10193 0
-1167 -1
22576 -1
-40801 -1
-32921 -1
13244 1
-31012 0
-46020 1
28063 -1
36982 0
-26062 1
-40668 0
19687 0
-16249 1
-15549 0
10385 -1
-43037 1
48721 -1
30557 0
-23198 0
-5561 -1
528 0
46217 -1
26201 1
-37 -1
35196 0
22995 0
-49622 0
20726 1
-37825 0
-15804 0
46526 1
-49943 1
-36914 -1
751 -1
-19151 -1
-1970 1
889 1
-29998 -1
-9750 0
-21743 0
28786 1
35104 1
-18341 1
-8743 -1
19118 -1
-9766 0
13378 -1
14923 0
41991 -1
42444 1
19916 -1
-11877 -1
-34440 1
-2208 -1
32024 0
-14975 -1
16737 1
-42432 1
-14729 -1
15739 1
38421 0
20629 1
1603 1
-10255 1
45264 1
-28920 -1
-1863 1
34765 -1
-219 1
2995 -1
-8352 1
14930 0
18535 0
24766 0
-17230 0
-22488 1
21941 1
-36378 1
721 -1
48518 0
40432 1
24802 0
-46881 0
-35367 1
44097 -1
-45407 1
40031 1
36379 0
20535 -1
1706 -1
6652 -1
3400 1
-22827 1
-23800 1
-37836 -1
-46648 -1
20430 1
29463 0
10167 1
-14559 0
22354 -1
43809 -1
-38132 1
38654 0
18618 1
-21118 1
13104 1
-18861 0
1698 1
17066 0
-44904 0
19969 -1
6102 -1
-48405 0
44297 0
-24689 0
23869 0
-39659 -1
14987 1
39926 -1
-36787 -1
-33088 -1
7521 0
27756 -1
-32225 0
17120 1
-36885 1
-23382 -1
-46438 0
-29711 0
-16905 1
8724 1
-43028 1
-20812 0
-34258 0
24469 -1
-23333 -1
-36231 -1
-15999 0
39404 1
32338 1
-39969 1
36251 0
-42259 0
41596 -1
35645 1
41160 1
-1567 -1
-12111 1
-1068 0
-1551 1
5680 0
34455 0
39545 1
28901 1
-1375 0
20662 0
20211 -1
-6386 0
48199 1
8928 1
-17303 0
744 0
-28663 1
-42066 -1
7293 -1
42674 0
-41566 0
49226 -1
8941 0
37580 -1
-24132 0
-8072 1
-39466 0
-4780 1
-45402 0
34667 -1
2512 -1
-38319 0
-21745 0
-3994 0
24387 -1
22123 0
-29481 0
2683 -1
8446 -1
44161 1
2623 1
29411 1
-38341 -1
37486 -1
11837 -1
5969 -1
-36253 1
9693 0
-10033 1
2699 0
17827 -1
32754 0
-4234 1
-31409 1
-6035 0
11277 1
-26562 1
20394 -1
-3604 1
-45414 1
-45437 1
-49411 0
-45585 1
-7513 -1
75 1
12396 -1
44752 -1
-27009 1
28705 -1
23060 0
37296 0
49654 -1
5097 0
-4436 0
-40600 1
-23002 1
49602 -1
-34771 1
-20143 1
-4593 1
49085 1
-41568 -1
38127 1
-44310 0
46854 -1
49121 1
15955 -1
17622 -1
-18240 1
-5568 1
46089 0
49140 -1
23446 0
6677 -1
-49016 -1
-5479 0
-9845 1
-27266 -1
-16630 0
-9916 0
45726 1
-4196 -1
-9115 -1
42664 1
-17679 0
-44350 1
-25521 1
20782 1
42000 0
-32761 -1
32810 -1
-42233 0
-16565 -1
-23536 -1
-36730 1
41396 -1
7381 -1
-34512 0
-40553 0
3449 1
5363 0
13172 1
-34186 -1
-14114 1
33371 1
-4738 0
27523 1
-10635 1
-31916 1
3576 1
14571 1
-29668 1
6332 0
-10472 0
7489 0
-32048 -1
-46039 1
-45149 0
-24880 -1
19975 1
49649 1
-4568 1
-33589 1
-5828 1
43518 -1
41523 0
-32118 0
28944 0
46564 -1
-35918 1
32716 1
27213 1
-12793 1
33766 1
49361 -1
30251 1
16805 0
31966 -1
-86 0
-39306 1
9842 -1
7972 1
24772 -1
-21120 1
-41440 0
-31683 -1
28238 -1
-44843 1
-5874 -1
34228 1
-12495 1
36436 0
-28210 1
-49264 0
-32023 -1
19054 0
42596 0
-6076 1
4143 -1
-20746 -1
32146 0
-9495 0
29147 1
-44121 0
-9812 0
19957 1
33062 1
-48477 1
-12945 0
37783 -1
-28638 0
-11911 0
5642 -1
33215 0
41898 0
-41337 1
-41681 1
30052 1
-2335 1
-27712 1
28338 0
47351 -1
48414 0
43637 0
-34100 0
803 0
41082 0
26833 0
24872 0
-41359 -1
42353 1
3089 -1
-15038 0
-46352 0
21335 0
9785 1
-3478 1
-14013 -1
-6976 -1
20639 -1
6739 1
36658 1
17632 1
-37874 1
363 -1
6965 1
-39177 1
-41927 -1
29949 1
-38982 -1
-43731 -1
39722 0
26015 -1
-12833 1
-37780 1
-26612 0
8547 0
-49369 1
19075 -1
-44188 -1
-42936 -1
17050 -1
20624 -1
8933 1
11155 1
-44362 0
28772 0
12832 1
-25160 -1
-21891 -1
-16011 1
-46200 0
31910 0
22256 -1
45549 -1
37639 -1
21483 1
2252 -1
-37710 -1
23597 0
9348 0
36607 -1
4248 -1
992 0
41461 0
48716 0
10192 -1
-478 -1
24948 -1
42454 0
-14291 1
12458 0
1370 -1
22588 1
34732 -1
-123 0
12030 -1
48792 1
43745 0
-27399 1
-27526 1
-47464 -1
39997 -1
-42320 -1
-48783 0
15618 -1
-35281 0
-5068 0
-885 0
-6439 1
39434 1
-1179 1
19384 1
-23227 1
-45311 0
-27100 1
25028 -1
-1255 0
-31383 1
24460 0
5704 1
-23238 0
131 1
2895 0
-41594 -1
46594 0
-36277 1
-44055 -1
-3079 1
34245 0
-5954 -1
-5547 0
49746 -1
-34337 0
-2106 1
26169 -1
21650 0
679 0
-15991 1
12600 -1
48893 -1
-8971 1
-22060 1
26257 0
5885 -1
27181 -1
-10770 1
36715 1
-40292 1
49987 -1
4170 1
10044 0
-41663 0
20127 1
21341 1
-33419 0
4104 -1
29858 0
22956 0
-16420 0
30678 1
38548 0
-27582 0
33662 -1
-26088 1
13097 -1
39492 0
3940 -1
31949 0
6112 1
-25782 -1
-35092 0
23185 -1
-29082 1
39298 -1
2037 -1
17937 -1
10951 -1
-39690 1
14399 0
28822 0
34398 0
-45070 0
-21589 0
-10933 -1
-42034 -1
-14170 -1
41012 1
-3417 0
-21375 1
-46379 -1
-9424 0
-26759 1
-45325 0
13110 -1
-40958 0
-36130 1
-45702 -1
3402 1
39226 1
-16046 0
-10520 1
-11281 0
660 -1
29186 1
-49159 0
-33712 0
-12366 -1
17084 0
-39131 -1
-20269 -1
-20650 -1
46736 1
-40962 1
6194 -1
38441 1
-28697 1
14755 0
-14161 -1
6056 0
2223 1
-18883 -1
-31191 -1
-10734 1
-3558 0
47672 0
-44175 0
-16974 1
-7303 1
-10670 0
-45312 0
9756 -1
-18566 1
-40594 -1
-24623 -1
43121 0
-41117 1
12948 1
-12972 -1
-12378 -1
-43346 1
-564 1
12627 0
-6669 1
36799 0
31379 -1
35260 1
21989 -1
20749 1
-23894 -1
40331 -1
-27353 1
7226 0
-19492 -1
-31256 0
-47180 1
40800 1
-6417 1
-5094 -1
20860 1
-6144 -1
26847 0
-5856 1
-22110 -1
-40359 -1
-12068 -1
28333 1
18865 0
-48940 1
21902 -1
-19427 0
-24408 -1
-29248 0
8882 -1
-17193 1
13971 0
-24608 -1
-41125 1
37780 0
33025 0
-23534 1
21952 1
9641 1
39819 -1
-17117 0
2384 -1
1094 1
16701 0
42731 0
47997 -1
-47001 -1
26330 -1
-20804 1
-33869 0
-23850 1
36374 -1
28191 0
21883 0
9687 -1
-14334 0
19481 -1
27386 1
-8179 1
-46168 1
36506 0
-24591 0
3714 -1
24808 0
47142 -1
-25752 -1
-27484 -1
-19013 1
-42789 -1
-23763 -1
49273 -1
-44685 1
37695 0
29508 -1
-43626 -1
41728 1
-41040 1
29267 1
-10381 -1
14150 0
-45039 0
40707 1
3512 0
-19463 0
4052 0
-31616 -1
11937 0
-24622 -1
-16266 0
-23227 -1
-8059 -1
-6309 1
31015 0
-44833 0
-1367 -1
-24451 -1
1359 0
-36026 0
-19357 -1
-20811 -1
41223 -1
-36278 -1
5134 0
-16098 -1
49842 -1
-47868 -1
-19406 0
36170 1
9696 0
39209 0
30403 0
1693 1
-35806 -1
40482 1
-38904 -1
13081 0
6249 1
-17154 -1
25185 -1
-45505 1
6482 0
36042 -1
-34969 0
-9195 0
30504 1
47285 1
-7311 0
-2668 1
47735 -1
9026 1
-45979 -1
30556 1
-44022 1
30136 1
39082 0
24319 -1
-22207 -1
2911 1
-32755 1
-25709 0
8264 1
-6701 0
2295 -1
-10929 0
-38604 -1
-7697 1
-21232 1
-38200 -1
10170 -1
24700 1
-34957 -1
-18134 1
7196 0
41613 -1
-28553 0
44511 -1
-33468 1
34641 0
10381 0
