1000
39992 -1
-107687 -1
-327836 1
-247762 -1
-290045 0
-122973 1
-22929 0
210210 0
-196245 1
265015 0
35726 0
498474 0
-84332 -1
-412950 1
279320 -1
440775 0
-497906 -1
-267229 0
267426 0
-407225 1
279876 -1
179733 -1
382424 0
-291927 -1
424764 1
416031 0
20406 -1
191744 1
204010 1
243194 1
-475459 -1
226927 0
416015 -1
293495 1
-63788 -1
251229 0
-134874 -1
-18483 -1
12986 -1
-272759 -1
432837 1
236018 -1
-308035 1
480094 0
-348712 -1
463806 1
379625 1
173594 1
-320579 1
309826 1
-298290 -1
-299575 1
-450169 -1
469377 1
-284295 1
173226 1
-83526 0
217688 1
192485 1
476964 -1
-458256 0
270866 0
160126 0
-459974 1
-67353 0
-7770 1
57553 1
-386403 0
103251 -1
222443 1
-114244 0
262092 -1
313326 0
232370 -1
-489631 1
-281258 -1
184114 0
101371 -1
361145 -1
483578 0
454319 -1
-164337 0
-235453 -1
-26938 -1
-348821 0
402472 1
304169 -1
-134219 -1
-494870 1
124023 1
181872 0
-457664 -1
366016 1
470871 -1
-231934 -1
-436000 0
303482 1
75341 1
-78653 0
-367407 -1
-132268 -1
-288190 1
-182906 0
-314479 0
326903 0
373944 1
49964 1
458474 -1
-364200 0
-204353 0
252114 1
137997 1
-60873 -1
466330 1
204346 0
319028 -1
-73315 1
53290 1
-15498 -1
291551 0
483422 1
452490 -1
-451243 0
-121428 0
49653 1
-332143 -1
279034 -1
51767 0
-208615 1
478235 -1
-366889 1
-295035 1
-363594 1
5631 -1
398163 -1
-52778 -1
-453879 0
165363 1
434732 1
-24971 0
-366725 -1
430498 -1
-372971 -1
-344099 1
-118990 1
-269767 1
-156667 0
410615 1
107085 -1
438437 1
-329697 0
379254 0
-473216 1
-57188 -1
360839 1
-59459 -1
-124058 1
353507 1
30740 1
-207471 1
-11084 0
452968 -1
125355 1
-298889 0
-145202 0
379595 0
-76450 -1
284545 0
-287528 0
-32063 -1
164164 -1
377668 0
-5019 -1
235762 0
181943 -1
-403950 -1
-264354 0
481562 1
-367710 0
291951 1
323226 -1
-392041 0
152626 1
-249942 1
99315 0
-375593 0
140895 0
-233229 -1
265420 -1
-350085 0
199360 0
291026 0
-179820 -1
-402700 0
-133571 1
404507 1
-291687 1
-27649 -1
190548 0
-173308 -1
249811 -1
248406 -1
273216 1
-312491 -1
290784 0
-492437 -1
-1790 0
463824 -1
8273 0
-94397 1
137158 -1
-480363 -1
302274 0
32025 0
369454 0
300069 1
315478 1
-487534 -1
-289506 1
365258 -1
-458693 1
24017 -1
-247162 0
-174028 0
-101648 1
271659 1
-370454 -1
-100854 1
-474658 -1
-113026 0
198293 1
-60671 0
-385215 -1
388548 -1
312462 1
428557 1
282174 1
-459385 0
307042 0
-34415 0
-251762 -1
-459436 0
360814 0
340778 1
260312 1
-312557 1
19935 0
-278364 -1
-152334 1
83520 0
-249844 1
266446 0
447240 0
51842 1
331110 -1
-278219 -1
243624 -1
-268992 0
-2404 1
273125 0
385733 1
235000 1
366534 -1
-335789 -1
409737 1
473765 -1
-316290 1
-48903 1
-400441 0
348301 -1
-441638 1
-212815 1
-22878 -1
62607 0
374246 0
-490045 -1
275930 -1
273340 1
-281219 -1
264888 0
-229935 -1
467506 1
238009 1
-307589 0
319273 0
-112142 0
72468 1
-169026 1
458915 -1
-482362 0
-242064 1
266030 1
119564 -1
-356585 1
-354774 0
-319242 1
123967 0
-254826 0
91629 0
-476174 0
-303031 0
497824 0
489209 -1
183902 0
267687 1
-276126 -1
-222513 0
-147998 1
26978 -1
63315 -1
141104 0
-160713 0
-426913 -1
-187100 -1
-311182 1
-263904 1
-158024 -1
-267354 1
-263102 -1
-301420 -1
-105315 0
144884 0
-499125 0
-260056 -1
77721 1
-6304 -1
-92738 0
493787 0
141261 1
-429687 0
-223633 1
-368455 -1
-37377 0
175279 -1
-170006 -1
164306 0
468166 -1
-225342 0
-277883 0
-330362 -1
-410216 1
35392 -1
-93977 1
-222131 0
-175611 -1
332013 1
-199220 1
380968 1
-4204 1
-44269 0
-223742 -1
329007 0
-322596 0
-487340 -1
331225 1
92229 1
185855 -1
309270 0
489404 -1
244776 0
-203259 -1
-278804 1
-281972 0
165169 1
238421 -1
-310014 0
-326233 -1
354635 1
-84759 -1
-326299 1
-388874 -1
410784 1
47515 0
-73638 1
415573 0
-322387 1
181237 1
66772 1
171400 1
-335817 -1
-424395 -1
-441155 1
-16519 0
344683 1
-445385 0
-11296 -1
-202581 0
-247469 -1
-5211 -1
378121 0
-412898 0
41077 0
405623 0
69242 0
467247 -1
129308 -1
-51907 0
428358 -1
117570 0
-64272 0
-186532 0
-146349 -1
192595 1
310134 0
261171 -1
-419461 0
-77358 0
-481664 0
436533 1
79761 1
-321388 -1
-437984 0
320905 -1
-298663 1
322341 0
-418003 -1
73120 -1
86209 -1
-449299 0
-436837 0
-391027 1
-191298 1
416181 0
457934 -1
-52687 -1
491697 1
-359468 0
-159614 0
16364 -1
-72130 -1
446296 1
346841 1
350756 -1
194291 -1
458102 -1
-34171 -1
-93289 -1
365699 1
-76691 1
-392943 -1
433617 1
28771 -1
28066 0
-72380 -1
-428704 -1
-484883 -1
-350145 -1
306866 -1
115329 -1
-384938 -1
-162310 0
234065 0
-215823 -1
-60894 1
-430161 1
262339 0
-48777 1
-486605 0
15996 1
-469614 -1
-446730 0
-88289 0
137989 -1
-65381 1
404252 -1
259992 -1
230 1
-441297 0
141519 1
41611 0
-138270 0
-295712 0
-233906 0
-401398 1
297400 1
-166585 0
130305 0
322326 0
-34027 0
-90423 0
-204308 1
295002 1
21766 1
-322892 1
-165209 -1
-468710 -1
453113 1
-211670 1
405175 1
469363 0
-92196 1
497207 1
-166236 -1
-429578 -1
-219080 -1
87897 -1
-113574 0
470280 0
234182 0
-354188 0
-169593 -1
152714 -1
63308 -1
162998 1
-177358 -1
-49581 -1
-394544 1
357994 -1
418955 -1
-304180 0
364509 -1
-204422 0
-251439 0
-119869 -1
-10682 -1
58859 0
-357414 -1
316179 -1
-400005 -1
244182 1
-148074 -1
48178 1
121902 0
380384 1
80632 -1
472091 1
-241797 -1
471147 -1
-444275 1
97690 0
333071 -1
-369154 -1
-455599 -1
375508 -1
-461720 -1
-479303 0
475191 0
33047 1
84997 1
-487950 -1
96705 -1
465330 1
352728 -1
439637 1
-116602 1
183503 0
174050 1
-110586 -1
-281387 -1
-221267 0
459319 1
-175347 -1
157002 0
18751 1
-217582 0
344215 -1
-382333 0
271759 1
293296 1
249336 1
-231943 0
367945 -1
-145577 1
257642 0
-300076 0
29592 -1
-119298 1
-242966 -1
172359 0
352491 -1
118517 0
490760 -1
-368009 1
-498755 0
-224560 1
-343869 0
-390054 -1
387113 -1
176045 0
-345710 1
-121380 0
-326404 1
-141471 -1
-255498 0
193458 1
-336220 0
209225 1
111789 1
-262649 1
-480728 1
-247526 0
-418461 1
-301859 0
-329306 -1
-124103 0
186702 0
104869 0
272211 0
-462243 1
-306177 -1
-275469 1
-66650 -1
235897 -1
-223266 0
-261487 0
113634 -1
432692 -1
-72522 0
-55889 -1
-468149 1
-100484 1
256249 1
-355913 1
-282739 -1
358111 -1
-278817 0
-79964 -1
-151667 0
-27420 0
128402 0
455344 -1
-445989 1
-283346 -1
429812 1
218836 1
56433 1
-383696 1
371540 -1
312220 1
-320365 0
251370 0
240639 0
-442655 1
333997 0
-425724 0
78835 0
-274088 0
-44612 -1
-120029 0
47226 0
41972 1
141507 -1
3394 0
200089 0
-423462 -1
-365399 -1
60204 -1
-479237 -1
-103810 -1
293656 1
-65377 -1
-344270 1
445394 0
487 0
353531 -1
-89021 0
285652 -1
5570 1
242894 0
-463968 -1
390271 -1
-85262 -1
442774 0
464978 1
403268 0
134846 1
-101037 1
-255947 0
430798 -1
-167804 1
319438 -1
-100995 0
360559 1
403528 -1
418355 -1
465390 0
230981 0
-172618 -1
32655 1
143135 0
459296 1
-356435 1
160265 1
86827 -1
78197 1
216715 -1
122833 1
-374014 1
-121690 0
405011 0
-13139 0
-304149 1
-425458 0
-424187 1
103999 -1
-94337 0
-70611 0
442930 0
-270940 -1
-273931 0
-105795 0
-128058 -1
-202471 0
-212013 0
-426194 0
87681 1
153267 -1
-9991 1
-202926 0
-403766 -1
-461115 0
-103924 -1
376755 -1
13411 1
391633 -1
-467831 0
-241586 0
271288 1
137590 1
435791 1
1570 0
179105 1
-224929 1
42509 1
-300855 0
-170053 1
-250247 -1
-92932 -1
428457 1
309799 1
-257648 -1
-200451 0
130438 -1
341192 -1
-495410 1
309018 -1
330775 0
139379 -1
-294341 -1
495583 -1
159313 0
-403085 -1
280994 0
-44480 0
-175092 1
-250635 1
-346717 1
6612 1
346827 0
372044 -1
-206565 -1
-8662 0
-233760 -1
-186092 0
129174 0
424640 1
56186 0
123951 -1
-178700 -1
-54845 -1
-101073 1
181774 1
-430608 0
-170583 -1
316667 -1
-1154 -1
303283 0
-110377 0
11603 1
96481 -1
-196306 0
409369 -1
380873 1
267883 -1
-173891 -1
204500 1
-328090 1
349108 0
92171 0
-70861 0
-392775 0
119575 1
-15827 -1
-382816 -1
-66314 1
-449980 -1
36063 1
-69533 0
433506 -1
-372684 1
-281589 1
-243474 0
-208627 -1
-129119 0
-28825 0
-170894 1
174491 0
284105 0
429672 0
-299288 1
359898 0
194447 1
-101456 1
-234179 1
446640 -1
-209030 -1
370634 1
429432 1
372889 -1
-47694 -1
-229587 0
290692 0
-8640 1
-107808 0
-420679 -1
-372535 1
-248227 -1
48890 0
-335697 -1
-112862 -1
-66202 0
-157918 1
476098 0
378778 -1
-90583 -1
52396 -1
291050 1
374748 0
-82806 0
-170527 0
380374 -1
-396284 1
-222236 -1
38322 1
379387 0
14679 -1
-402996 1
-9533 0
221978 0
428145 0
-403165 -1
-241547 -1
191888 0
260855 0
215886 0
-138568 1
-275387 1
321743 1
38732 -1
224964 -1
-284133 0
-318044 -1
304233 1
27083 -1
393245 -1
-276114 0
381949 0
440966 -1
-374955 -1
94109 1
-35239 0
470042 -1
-82153 0
226588 0
-479232 -1
389970 -1
-14113 0
94518 0
-100993 1
-432546 1
-468574 -1
217854 0
123576 -1
-30723 -1
76788 1
341432 -1
14525 1
208007 -1
-122935 -1
223037 0
-176613 -1
-484194 -1
478719 0
-242431 0
-55504 1
-327771 -1
243977 0
404905 1
143325 1
-152463 -1
-147139 0
127056 1
485479 -1
486027 1
-263892 -1
-254469 -1
292981 1
36009 -1
98744 0
-446945 0
-338383 0
-96307 0
-316795 -1
183628 1
-1986 0
9128 1
-266598 0
148195 1
-179025 0
122942 1
204436 -1
172590 1
-320250 -1
160780 -1
475274 1
-194439 -1
51700 0
-184353 1
-128256 1
-406312 -1
452512 0
457735 0
89476 1
343083 0
-288946 1
-337766 -1
47767 0
55859 -1
390570 1
142565 1
-487402 1
463761 0
-111347 0
356964 0
-104834 0
-47316 0
-227203 -1
-107185 0
-88830 1
-115290 0
-129752 -1
100458 0
-181741 0
-294425 0
113727 -1
272841 1
-226218 -1
317182 1
219433 1
-144395 0
-317277 0
410566 1
-497292 1
166233 0
-5309 -1
-122426 -1
476093 -1
128231 -1
37436 1
-264403 0
438154 0
-37576 0
99124 0
-471885 -1
387894 -1
-405253 0
124488 0
-186215 -1
-371348 0
427816 1
-460619 1
9073 0
-393530 -1
123714 1
-117594 -1
110832 1
220813 -1
-93397 1
-219710 1
340958 -1
25120 -1
283923 1
-319639 1
-197990 1
299368 -1
-145693 0
362298 0
-14225 -1
479875 1
75094 -1
368038 0
398421 -1
8968 1
-51545 -1
-247113 1
-80420 1
-19935 0
-213983 -1
-12607 1
-11137 1
