100
12 1
14 4
1 -5
-12 9
13 -3
-12 -7
-2 -7
4 0
-10 3
-5 -5
-15 -6
-14 10
6 -3
-2 -2
0 -3
-14 0
-8 8
-4 -9
1 -9
-9 -9
6 -1
-10 9
-13 -1
-15 6
-2 5
-13 7
11 -10
-12 0
8 9
10 -5
11 -5
9 4
6 -5
-12 -6
11 10
14 5
1 5
-14 6
3 6
2 2
1 10
8 6
-7 3
10 9
5 4
2 -1
11 4
-10 -8
7 1
2 -2
-8 -6
13 6
10 -7
12 -9
0 8
8 3
4 6
-1 -8
12 4
-15 -7
4 -6
-6 -2
-1 5
15 -8
-14 2
-2 7
12 -7
5 0
-8 -2
-5 -1
15 -2
1 4
6 -10
-9 -8
5 3
4 -4
8 -9
12 0
-8 -5
-15 7
2 4
-6 -6
5 6
12 5
-15 -10
1 -7
4 -10
12 10
-15 9
-10 5
11 -8
-5 8
2 -5
-14 -9
15 -7
3 8
-12 7
-11 6
-9 -5
9 -7
