100
15 0
20 -2
15 1
-15 2
-8 1
9 0
-5 1
8 -2
-12 -2
14 1
-19 0
-18 2
3 2
-2 -2
6 0
-11 -1
16 0
7 -2
19 -1
-14 0
5 -2
16 -2
6 -2
6 2
-4 1
16 -1
17 0
13 0
-20 2
-16 -1
17 -2
2 1
-7 0
5 1
7 2
-2 1
-15 -1
-17 -2
20 0
-13 2
-8 2
-2 -1
-5 0
18 -2
-1 2
-9 -2
-16 1
19 2
1 0
-13 1
3 -1
0 -1
19 0
3 0
-11 1
-9 2
-6 -2
1 -2
-15 1
-19 2
-14 2
-9 1
-8 -2
-20 0
15 -2
20 1
-10 1
18 -1
-7 -2
-17 -1
-16 2
-20 -2
-13 0
-8 0
14 0
10 -1
11 2
16 2
-19 -1
-3 0
-19 -2
1 2
5 -1
8 1
-6 0
18 2
8 -1
11 1
15 -1
-17 2
-12 2
9 -2
10 1
13 1
15 2
20 2
-5 2
10 2
5 2
-10 -2
