80
500 100
100 700
400 700
500 800
400 500
800 500
1000 700
800 800
300 500
900 300
200 900
100 200
200 200
600 500
600 900
1000 500
100 900
400 900
400 200
900 200
1000 100
600 200
300 400
800 300
900 1000
800 1000
700 300
200 500
600 700
200 400
300 900
400 800
100 300
700 500
200 100
800 600
300 700
200 1000
400 600
100 600
700 100
100 800
700 900
800 400
500 600
500 300
500 900
400 1000
400 400
1000 300
100 500
700 700
1000 900
100 1000
500 1000
200 800
900 100
700 800
500 500
100 400
400 300
900 700
700 1000
600 800
900 900
300 100
900 600
700 200
300 600
800 700
900 800
600 300
500 200
800 100
700 400
300 300
300 200
200 700
800 900
300 800
