687
5000 8000
4000 78000
10000 95000
4000 75000
7000 54000
2000 89000
4000 62000
10000 77000
10000 8000
9000 49000
8000 33000
7000 83000
5000 31000
4000 60000
4000 6000
9000 23000
1000 80000
8000 49000
6000 71000
10000 98000
2000 93000
5000 28000
6000 86000
2000 14000
5000 44000
5000 74000
1000 97000
5000 18000
6000 85000
5000 45000
8000 21000
9000 13000
8000 65000
6000 98000
2000 43000
8000 16000
4000 54000
6000 31000
8000 64000
9000 65000
10000 63000
3000 34000
10000 56000
9000 24000
7000 46000
6000 80000
6000 87000
3000 63000
1000 24000
2000 48000
7000 69000
3000 11000
8000 84000
4000 39000
3000 5000
7000 68000
7000 71000
2000 72000
5000 62000
4000 70000
9000 34000
1000 50000
5000 67000
2000 69000
2000 37000
7000 22000
4000 21000
4000 8000
7000 19000
4000 35000
9000 81000
9000 43000
7000 82000
1000 29000
4000 67000
3000 78000
1000 75000
1000 20000
5000 3000
10000 52000
6000 12000
3000 23000
4000 55000
2000 35000
3000 87000
1000 91000
1000 79000
2000 88000
1000 14000
10000 83000
5000 51000
7000 49000
5000 50000
8000 20000
6000 68000
4000 43000
6000 28000
1000 21000
9000 46000
9000 99000
1000 19000
6000 72000
1000 5000
1000 7000
2000 99000
5000 42000
2000 81000
3000 72000
4000 33000
5000 57000
10000 81000
4000 23000
1000 92000
5000 89000
4000 57000
7000 66000
2000 9000
1000 26000
8000 93000
1000 53000
5000 93000
5000 92000
7000 95000
7000 89000
1000 4000
5000 24000
6000 2000
10000 60000
4000 100000
9000 67000
3000 94000
7000 100000
2000 80000
2000 4000
2000 95000
6000 33000
8000 48000
9000 75000
10000 31000
3000 36000
6000 54000
6000 65000
7000 50000
1000 94000
9000 80000
5000 37000
4000 88000
3000 45000
8000 88000
4000 61000
2000 19000
9000 56000
10000 68000
6000 79000
10000 74000
7000 48000
7000 58000
8000 35000
5000 16000
8000 7000
4000 89000
4000 51000
10000 45000
6000 81000
10000 97000
10000 16000
3000 86000
4000 14000
3000 82000
4000 15000
7000 88000
1000 45000
2000 38000
10000 75000
10000 2000
7000 53000
8000 53000
6000 60000
5000 29000
6000 95000
10000 100000
9000 44000
1000 49000
1000 88000
8000 22000
7000 21000
10000 28000
4000 12000
1000 64000
8000 79000
7000 91000
1000 31000
3000 92000
10000 76000
2000 11000
10000 90000
8000 75000
1000 32000
3000 100000
1000 71000
2000 2000
1000 6000
5000 41000
6000 19000
6000 30000
10000 44000
8000 90000
10000 35000
6000 55000
5000 30000
1000 73000
2000 67000
3000 89000
3000 66000
7000 77000
8000 47000
2000 25000
10000 46000
2000 1000
7000 99000
1000 15000
6000 20000
2000 50000
2000 42000
10000 51000
8000 80000
3000 74000
3000 20000
10000 13000
5000 68000
2000 82000
8000 15000
4000 93000
7000 1000
3000 97000
4000 97000
4000 85000
3000 15000
4000 90000
6000 66000
7000 20000
2000 97000
4000 72000
6000 73000
2000 40000
7000 76000
1000 54000
8000 61000
7000 67000
9000 63000
8000 81000
4000 98000
8000 4000
5000 6000
3000 71000
3000 73000
9000 57000
10000 58000
10000 48000
3000 93000
4000 53000
3000 69000
6000 58000
10000 53000
9000 7000
2000 6000
5000 75000
4000 10000
7000 87000
4000 30000
5000 25000
6000 49000
6000 75000
1000 59000
9000 26000
5000 81000
9000 20000
7000 29000
4000 94000
1000 30000
7000 43000
6000 23000
1000 22000
6000 34000
7000 55000
7000 11000
2000 29000
4000 44000
5000 46000
10000 80000
6000 52000
4000 20000
1000 25000
6000 29000
5000 2000
7000 85000
3000 81000
9000 69000
2000 61000
3000 21000
8000 42000
9000 60000
5000 69000
1000 68000
1000 98000
8000 71000
9000 74000
8000 52000
8000 27000
3000 80000
5000 55000
3000 68000
4000 91000
5000 90000
10000 24000
4000 50000
2000 52000
2000 91000
7000 25000
2000 46000
8000 55000
5000 48000
9000 100000
7000 4000
1000 47000
4000 4000
10000 94000
6000 100000
7000 86000
10000 10000
7000 27000
6000 21000
2000 62000
6000 64000
2000 96000
6000 40000
1000 89000
5000 86000
3000 50000
2000 83000
1000 38000
3000 54000
2000 20000
5000 54000
3000 55000
5000 79000
10000 33000
10000 69000
2000 33000
8000 62000
5000 77000
2000 86000
5000 20000
9000 73000
8000 29000
7000 8000
1000 17000
7000 41000
8000 70000
4000 92000
10000 54000
9000 14000
9000 6000
4000 32000
1000 28000
9000 45000
3000 8000
5000 34000
5000 76000
5000 40000
5000 65000
2000 65000
6000 50000
6000 94000
3000 49000
3000 39000
9000 3000
8000 87000
7000 63000
7000 81000
9000 28000
5000 73000
1000 96000
9000 11000
6000 44000
2000 3000
3000 10000
6000 69000
2000 8000
9000 10000
2000 21000
5000 32000
9000 39000
10000 22000
8000 96000
3000 18000
8000 56000
6000 14000
9000 52000
1000 12000
5000 61000
9000 9000
8000 99000
3000 96000
1000 58000
1000 40000
7000 78000
5000 64000
2000 84000
5000 10000
10000 5000
5000 72000
3000 77000
8000 43000
7000 10000
5000 91000
6000 56000
10000 84000
6000 13000
6000 5000
9000 70000
6000 83000
9000 61000
6000 84000
10000 57000
2000 66000
10000 88000
5000 4000
7000 42000
3000 33000
2000 63000
4000 76000
1000 23000
8000 98000
9000 68000
4000 59000
2000 17000
10000 6000
10000 59000
4000 31000
9000 89000
10000 39000
7000 73000
8000 77000
8000 40000
10000 86000
4000 27000
3000 27000
5000 7000
2000 22000
9000 78000
10000 12000
9000 12000
1000 9000
6000 42000
3000 40000
5000 85000
7000 44000
10000 34000
5000 70000
8000 58000
10000 11000
7000 6000
7000 57000
10000 71000
5000 78000
8000 10000
3000 46000
3000 31000
8000 94000
6000 1000
10000 40000
7000 64000
3000 60000
1000 56000
8000 19000
9000 53000
8000 36000
10000 85000
7000 61000
7000 16000
10000 3000
2000 31000
6000 26000
6000 77000
1000 11000
10000 70000
2000 36000
8000 12000
4000 34000
8000 2000
3000 85000
6000 38000
4000 42000
6000 43000
5000 98000
9000 92000
4000 63000
3000 75000
3000 32000
3000 48000
8000 39000
8000 69000
5000 84000
9000 18000
5000 95000
10000 20000
2000 57000
6000 32000
6000 4000
5000 71000
2000 98000
10000 61000
6000 6000
1000 95000
2000 94000
9000 93000
5000 38000
7000 2000
9000 4000
3000 95000
2000 77000
8000 73000
2000 27000
10000 92000
6000 57000
9000 41000
4000 83000
4000 40000
8000 67000
4000 28000
4000 99000
3000 83000
3000 24000
9000 8000
6000 70000
7000 36000
1000 48000
5000 83000
2000 16000
9000 96000
8000 34000
9000 15000
3000 28000
9000 85000
6000 97000
1000 77000
8000 85000
8000 14000
4000 95000
4000 80000
1000 93000
1000 42000
6000 7000
10000 93000
10000 21000
4000 29000
1000 36000
2000 13000
9000 50000
5000 15000
6000 48000
8000 91000
9000 2000
10000 43000
3000 19000
5000 80000
10000 37000
10000 30000
6000 25000
4000 11000
3000 2000
1000 85000
9000 94000
8000 5000
8000 1000
1000 1000
1000 72000
4000 22000
9000 27000
3000 56000
8000 31000
5000 1000
10000 78000
1000 76000
10000 82000
9000 21000
8000 78000
7000 39000
3000 6000
10000 62000
9000 42000
10000 32000
6000 53000
5000 94000
10000 18000
7000 45000
8000 6000
7000 70000
10000 14000
3000 62000
8000 72000
4000 87000
8000 100000
2000 18000
10000 36000
9000 82000
2000 23000
9000 40000
5000 53000
5000 13000
5000 100000
2000 71000
2000 47000
6000 88000
6000 17000
3000 90000
8000 44000
10000 17000
8000 28000
9000 55000
4000 52000
7000 32000
9000 51000
9000 86000
2000 74000
3000 70000
10000 65000
8000 30000
5000 59000
7000 23000
10000 47000
3000 4000
1000 69000
4000 7000
3000 51000
4000 86000
9000 36000
6000 46000
6000 90000
7000 12000
10000 1000
3000 22000
7000 30000
2000 60000
4000 38000
4000 45000
4000 81000
1000 16000
8000 9000
10000 49000
9000 97000
7000 72000
3000 44000
2000 75000
9000 83000
6000 47000
7000 62000
6000 27000
7000 90000
5000 33000
9000 17000
5000 36000
9000 33000
9000 62000
1000 81000
8000 11000
4000 18000
8000 59000
8000 86000
7000 13000
3000 76000
6000 16000
8000 54000
10000 41000
4000 13000
1000 55000
10000 27000
2000 87000
4000 26000
8000 41000
7000 47000
8000 3000
7000 7000
10000 23000
9000 98000
10000 55000
