508
-44073409 43566910
-54067147 -40025118
-77240907 64616614
-59496843 -40745414
44739623 94166950
-36718143 -36147531
-56871203 -37036010
36843978 -2790775
-69631515 -42750378
3286672 -66285569
-59209446 -90240202
-25132974 -34677672
96266616 -4877201
33330895 80966743
-89346323 -88873655
55321131 20186269
21456080 -25399954
11326963 34029576
55283693 -78302461
-28427956 86745749
65402325 69268729
-36568260 42813681
96566557 -79914389
-34083550 -8872302
37753037 -10903417
28422228 88119418
-17234712 -72670238
-88400997 -28884273
1563125 40782219
-29759933 70035115
94626645 56953252
-72286536 56175877
-24307971 76476546
-3516344 27837770
93098922 -52522017
98601131 16357469
-57480766 14934963
-4205159 -27374627
28732455 68840416
-34246015 -78642290
-11069574 33682948
38124412 -38241626
83612824 7272003
-73707311 -62697244
-20014668 84585393
-2034217 94943974
-52735399 -71556539
12063600 -44647512
-33234217 -50043786
-29424112 48408450
70380749 -57363671
-60964365 87017242
97297398 69919156
-97200362 -9497015
-69983525 94084727
77003986 9062014
-28579307 68691480
84669590 31148496
30421352 10524618
-29848783 9043236
-1563723 -40781541
-77251601 20325391
-21259992 62294604
-70762518 84317012
34771359 -12620977
-53334334 -58079781
-89433069 88965197
-28397057 -53383164
-69399030 -52351760
85303087 45945820
-99778129 -29833925
52400692 51653744
99601610 -65512092
79960689 71085805
27522049 -24773207
-67484910 -93314477
-89241818 -58493979
73706713 62697922
44072811 -43566232
20014070 -84584715
99196726 -84209490
-12657787 -15178116
58802613 77412523
-13624836 -93452318
68996352 -58968077
82562886 70983723
86872605 -51024358
-49670245 -84760385
48991772 -5317392
25132376 34678350
21926797 32091314
-36844576 2791453
-55321729 -20185591
-97784219 -20082216
-67346163 45506618
-38952399 -65547924
-27513328 -85566149
-84670188 -31147818
-31923047 -34171939
93180643 -47975719
-52401290 -51653066
-24970115 -40833313
3025957 17816758
-21456678 25400632
-14610068 -52473838
59496245 40746092
23029668 -24712020
89372043 56040738
-3287270 66286247
-27522647 24773885
-93099520 52522695
99777531 29834603
57480168 -14934285
-58539899 8785401
80726030 -76006287
76295809 -174079
66432687 -20087907
-15530473 18750887
-92525910 37142832
-13682935 79133648
2033619 -94943296
14609470 52474516
11332676 -10586024
-68996950 58968755
-85506751 32642629
-96567155 79915067
-40067891 75723733
33233619 50044464
-14138692 -34119905
24712305 -42390591
60963767 -87016564
-43003360 70682914
75337551 91302941
-36410534 31634243
-57882041 17032947
-21927395 -32090636
-99391358 -9806782
27512730 85566827
-26449259 91411807
-90085941 -64260139
-63570175 -84391805
65883539 39180741
34082952 8872980
-81506844 -44277514
77240309 -64615936
-39463206 -69908191
87309824 29533362
69982927 -94084049
60266474 68218408
-24934839 80771190
-46073396 -87300677
-87588031 18039065
22148626 32392363
-79371462 35433674
85543175 -41621730
-28422826 -88118740
86423527 22899498
-86527773 -60325746
26448661 -91411129
76235151 69762554
-38753506 83015275
63837391 37770251
-93883837 -93165333
-58368789 80881287
3071931 35149491
92525312 -37142154
-8444319 86445784
-19890559 32299856
7085294 -52009035
28377994 -53355378
-57064429 70101078
-3072529 -35148813
71949294 -87714676
70143377 -32743416
-65553044 -87716073
-23195022 53708357
19889961 -32299178
-12064198 44648190
-5749856 -52728878
39454460 90836587
-70381347 57364349
3515746 -27837092
-99602208 65512770
26185290 22790369
-98601729 -16356791
96491033 7207961
-89372641 -56040060
57168710 95406365
84502864 -43884084
5024436 76332043
-75774776 -22446688
-88373204 -37408513
-80726628 76006965
29982438 89473176
24307373 -76475868
-87310422 -29532684
96166335 -59650426
89345725 88874333
-26262915 38436519
18315072 8707699
-2798157 94871010
-63837989 -37769573
97956019 1209786
85506153 -32641951
37690129 -83013938
92915456 -2206158
-90295293 51437302
81760229 -2788602
-45909639 48475799
-6199230 -34019156
12657189 15178794
39297610 46012471
87200227 93526986
77251003 -20324713
68914391 62450287
77324420 76789356
39462608 69908869
18533770 -82866592
-34771957 12621655
-71949892 87715354
-73306974 66338517
-16572758 -44514762
-22149224 -32391685
42874887 -45970241
-63445562 54046823
-85543773 41622408
-98648425 57956661
-92916054 2206836
-86424125 -22898820
-65402923 -69268051
-18315670 -8707021
-76235749 -69761876
-34895063 -87633063
6198632 34019834
-89553081 -92712642
-34746435 -65377431
58368191 -80880609
-7085892 52009713
98647827 -57955983
43002762 -70682236
5208044 -32809536
-95405958 47995351
-84400305 -88365951
-32414062 64993848
-97297996 -69918478
97199764 9497693
-7019845 10998338
23194424 -53707679
-4683782 87148473
-48304070 60322209
17234114 72670916
-26185888 -22789691
78961892 -90886205
89241220 58494657
-25546817 -96124613
-57169308 -95405687
64844340 81439784
70761920 -84316334
72944868 16910767
27414284 51669598
-28924814 94295029
-76296407 174757
15529875 -18750209
99390760 9807460
-96166933 59651104
-23030266 24712698
86527175 60326424
3620476 -20409467
2797559 -94870332
-84503462 43884762
-24712903 42391269
-77325018 -76788678
46321299 -46028150
-50841864 -20527282
50841266 20527960
90294695 -51436624
76344055 -18976754
-96884682 -96799531
-1391709 44722661
-94627243 -56952574
-38125010 38242304
45909041 -48475121
-39298208 -46011793
18377845 -93817895
28508277 -15743677
-87200825 -93526308
-84779626 94474579
71388661 -52777093
-81760827 2789280
-83613422 -7271325
-65884137 -39180063
97783621 20082894
63544851 -42929373
93883239 93166011
54066549 40025796
73306376 -66337839
87587433 -18038387
25546219 96125291
29376826 17738661
75774178 22447366
-5025034 -76331365
12138713 4275369
34245417 78642968
-77004584 -9061336
-43249094 90782198
67345565 -45505940
-220311 73807153
-28508875 15744355
-67841133 -27100366
89552483 92713320
81506246 44278192
-3621074 20410145
-80244926 -55409794
-75820122 -10525179
-89582686 98838015
84399707 88366629
77383891 77413538
2818574 -35181914
-86112756 4553834
36409936 -31633565
72775956 11986827
-30421950 -10523940
84271038 -53429224
95405360 -47994673
-72245233 86938015
1300939 54915926
-86873203 51025036
16572160 44515440
-23333952 -10943318
8231263 35706074
-24003434 82509034
40067293 -75723055
7019247 -10997660
-33895725 -17463418
43248496 -90781520
44472563 -93682278
59208848 90240880
4683184 -87147795
48303472 -60321531
4661303 -13672406
-25797975 72668047
-67030759 28533609
14138094 34120583
-96491631 -7207283
-55284291 78303139
84779028 -94473901
28924216 -94294351
29848185 -9042558
-82185568 88440243
8443721 -86445106
-13426560 17500331
-29983036 -89472498
13682337 -79132970
57209073 -7941597
-99197324 84210168
-83883314 62442989
-50267054 79218793
-60267072 -68217730
28578709 -68690802
-46321897 46028828
-37753635 10904095
36717545 36148209
-76344653 18977432
96884084 96800209
-42875485 45970919
49669647 84761063
-3026555 -17816080
11068976 -33682270
-68914989 -62449609
-68521820 -36678589
34745837 65378109
-63545449 42930051
56870605 37036688
81110749 59658186
7784856 -40628544
69630917 42751056
30034703 27939538
88400399 28884951
29759335 -70034437
-78962490 90886883
32413464 -64993170
66128388 73978091
-29377424 -17737983
69346444 5996660
94997947 -70094670
4204561 27375305
13425962 -17499653
89432471 -88964519
26262317 -38435841
30804935 -78388342
79370864 -35432996
47314624 -29882373
34894465 87633741
67840535 27101044
53333736 58080459
23333354 10943996
57881443 -17032269
75819524 10525857
89582088 -98837337
-77384489 -77412860
63444964 -54046145
-2819172 35182592
13624238 93452996
86112158 -4553156
-69347042 -5995982
-1301537 -54915248
-70143975 32744094
-8231861 -35705396
63420498 42934725
-79088437 -25221897
5749258 52729556
-53241230 11821661
65552446 87716751
-46831234 -93728419
33895127 17464096
-44473161 93682956
-95568477 80057110
-39455058 -90835909
39420655 -64006791
-26866097 37554739
-4661901 13673084
-39507578 -13756940
-25476149 89746886
85539399 40149725
69398432 52352438
-84271636 53429902
24934241 -80770512
-95504103 -77602510
79087839 25222575
45439322 42280470
-79961287 -71085127
88372606 37409191
19275927 -74468386
52734801 71557217
-48992370 5318070
-27414882 -51668920
46072798 87301355
25475551 -89746208
-47315222 29883051
82184970 -88439565
67484312 93315155
29423514 -48407772
83882716 -62442311
-71389259 52777771
38752908 -83014597
-57209671 7942275
21259394 -62293926
58539301 -8784723
-39421253 64007469
-72776554 -11986149
93070870 20834982
-66433285 20088585
95503505 77603188
-96267214 4877879
-11333274 10586702
63569577 84392483
90085343 64260817
-11327561 -34028898
31922449 34172617
28427358 -86745071
-97956617 -1209108
36567662 -42813003
-58803211 -77411845
-5208642 32810214
-30035301 -27938860
26865499 -37554061
72285938 -56175199
-18534368 82867270
24969517 40833991
39506980 13757618
-94998545 70095348
-28733053 -68839738
-12139311 -4274691
57063831 -70100400
-93181241 47976397
-30805533 78389020
-64844938 -81439106
219713 -73806475
1391111 -44721983
-82563484 -70983045
-85539997 -40149047
80244328 55410472
-81111347 -59657508
38951801 65548602
24002836 -82508356
-37690727 83014616
72244635 -86937337
-75338149 -91302263
-63421096 -42934047
53240632 -11820983
-7785454 40629222
46830636 93729097
95567879 -80056432
68521222 36679267
-45439920 -42279792
67030161 -28532931
50266456 -79218115
28396459 53383842
-93071468 -20834304
-85303685 -45945142
-44740221 -94166272
-72945466 -16910089
-18378443 93818573
-66128986 -73977413
-19276525 74469064
-28378592 53356056
25797377 -72667369
-33331493 -80966065
