1000
-4074414 62693927
65486119 -46717682
-50501461 85524298
27439942 -47004582
27238230 64291053
-46849773 22129655
55978898 12502773
-49080647 -81358261
85839893 -38866054
2646885 -74963927
4063744 57522327
-3940184 7170776
-96295084 -15031983
-50283767 67075746
-81572052 97052735
-2690914 85788471
-35635766 -61888954
11764433 14097098
-54165402 38075330
67876845 -64205757
-67711136 -94339939
92544866 80858347
-3810848 -98852949
66187860 5502008
-8804678 -26880385
15073929 -23127676
61116458 68568262
-95510998 8094075
-17938899 38463196
32096902 56286440
71639063 69186412
27148705 -26973916
-20601350 -38799619
91542406 31199246
32181390 -98077614
-49319857 36153999
-92546086 -80858743
-80814047 9848179
-27806067 22318348
22825245 161592
-33474149 -33571180
-87813591 -29323316
83498963 99536499
-86072924 42883500
79313858 -19685021
39529010 92281067
7070595 -51998810
80585758 -47122450
-76992447 61248494
54088586 -43549788
52902869 -77338340
8206393 23062439
49079427 81357865
56612161 54828822
27286723 -39722046
-53004098 71599839
-99517722 93810143
52943602 29425576
98597976 -66838637
45365 37281645
96096958 53122229
-82324856 -4042287
-86239334 36576344
9513052 -23261489
72744423 -23751012
32292750 84410680
-27985213 -72042618
-19809257 -81776277
58451318 31276670
844031 56304140
44584883 79502531
80147152 -93645578
93555712 6269193
-97265981 -49293171
-68691411 43203761
-68556021 -17231496
54562234 34909382
34987747 -18613430
-14032657 -34877937
-92257526 -26061452
-60070098 -67969219
59822422 -79564535
80368688 44657153
43453586 67297774
-37802253 -76186924
-81117809 -85638613
54816858 95638477
-68871557 19335947
-77845726 -47363939
48289068 -95770044
364314 27414347
62291836 -18806752
-14309360 54697385
-14249863 -49046029
42301572 71248345
21105898 -948151
-52997510 -4786435
72783319 -53973292
-63062189 32293465
-46454633 37075995
-83878319 88639792
-71184446 71473187
68615123 -78032563
54191172 -13914493
2702234 -11792450
82801676 -11068275
98705565 34552405
77844506 47363543
61401752 33095802
-26500779 -94495472
-68276867 7168483
77621226 66542252
56403530 67821566
85902956 5116826
61329895 -24891656
-85694347 -40691278
-93160393 13014261
12312308 -14522179
35634546 61888558
52329046 -22954559
-61626715 11053280
-27768041 -28892407
-99376930 -7363609
-32443042 49633429
-79131707 35259350
-65743992 -8237304
44719368 17722453
47309905 -72713580
51477253 72596548
-51709558 17593770
69401878 24434048
97022668 39711395
39114693 -16969645
-66427144 -60230777
15662455 75959917
-72747647 -4877781
-2703454 11792054
-82712981 95177416
-51474263 43751004
57561462 68674398
-96636684 80019629
57545272 -9817089
-4515720 -25397659
96747000 43153694
41891919 69215306
-27441162 47004186
-51304650 37825092
10665519 -81660483
85488440 59448624
49688532 72422449
-23694086 38623141
80041979 94752107
-3015924 -38329107
73235715 -85359381
-67878065 64205361
-40549485 -32192292
-32293970 -84411076
-52287364 -72024667
-73052796 78349774
-95772042 -92440931
-67477430 78436181
19934006 93826245
-18709130 -81931718
93913400 8562413
96293864 15031587
19808037 81775881
34170704 -20153103
41868225 3514121
-50155469 72690561
-37608367 -55632471
40290673 -53322731
14031437 34877541
-55660351 18432739
37801033 76186528
26301765 -67413335
10149443 5746774
-66189080 -5502404
-38027643 59156706
-40643795 -99531647
-38507301 3880118
-25369004 44768951
35755174 -74037167
-44201933 -12598590
-22751428 46590141
93632973 23102403
55659131 -18433135
-61402972 -33096198
-86980267 86487153
-32037603 91021254
5357782 -52036869
-88809699 49733751
40642575 99531251
33472929 33570784
-93634193 -23102799
90004573 -89397
33204675 -32414276
55520642 -32277511
-65412509 -57026115
-53138664 80969577
-95631633 -73506372
-7071815 51998414
-52944822 -29425972
18958263 -70133345
59376910 -80595806
99218161 -35175177
-70945780 63873362
-92948467 -54732746
-40339485 156379
-20402915 -61516718
-55797924 44823690
-50307461 87989074
45308757 47379142
65411289 57025719
-7641470 58871173
-26292119 -88383915
66425924 60230381
-72745643 23750616
18417797 -95121478
-57227685 -7983038
26323299 87049315
79719090 -87232679
-41502735 -21870625
18811722 -75857223
-6399065 -66809544
-21107118 947755
-38973963 -44244957
60796842 58448219
49356244 -81112672
52089371 17820265
-30590016 66197205
11315396 -93198668
-52330266 22954163
-48235547 -18568675
-14647595 86230247
49318637 -36154395
-43271239 73370857
-80369908 -44657549
88469564 40829160
-79059704 -53902212
2480654 -29921220
-83139813 18112607
-91557015 -4637184
19492914 -96837395
-18959483 70132949
87831788 -65330501
65654692 71448884
14284751 -19535893
17737655 -65389020
57226465 7982642
14308140 -54697781
-12022590 11420918
62383416 41406901
-42302792 -71248741
-72784539 53972896
-49357464 81112276
-98039743 -64125915
-3772642 948896
39527587 97370015
74435191 -76183747
-37665984 -38479194
-88177675 5654534
-61401141 74928284
83007264 -16621410
-17781002 -75566088
-83275906 6977903
25367784 -44769347
80812827 -9848575
-41869445 -3514517
-32016491 -76035506
82255102 59714464
-37198673 -64971514
75075143 45388984
28178200 -12987259
-14285971 19535497
-3717096 -7813070
-10999227 28310767
-54379054 86551024
-83500183 -99536895
-84829796 85288017
-11712522 46895060
-44720588 -17722849
-55980118 -12503169
-68647169 -84250012
86071704 -42883896
71309259 -59799051
82188920 -74031236
-94313061 30314359
-35756394 74036771
82711761 -95177812
-56986323 -89791897
-84243719 -14141675
94587235 -80431862
-39115913 16969249
74605211 67516696
-17872917 -43184557
96635464 -80020025
35060962 80402722
-73129533 53385991
4514500 25397263
37030951 69946039
55796704 -44824086
80037115 -75714468
11711302 -46895456
11431203 -83833290
-60798062 -58448615
-49689752 -72422845
-46699133 -20328529
-98936523 42491245
3014704 38328711
-27239450 -64291449
40548265 32191896
-99219381 35174781
52286144 72024271
-50196752 92939368
-7915734 9158834
83274686 -6978299
84113910 81633159
-15518123 -37746532
-93914620 -8562809
-30994084 20101918
-34817717 79536860
2689694 -85788867
-8207613 -23062835
88176455 -5654930
-72727465 -8949858
88490675 35536981
-64473055 -54437535
46848553 -22130051
46128474 36626754
-30905550 -64286089
52491213 25472470
96446251 44382209
-10150663 -5747170
84261770 70596925
-5735243 -36637743
42159363 -70157228
38506081 -3880514
-845251 -56304536
22750208 -46590537
-43326273 82555792
68690191 -43204157
-76116204 47759765
30696154 -88594203
32695485 -72878305
70181223 37102330
-11765653 -14097494
93331943 1237475
7640250 -58871569
-98706785 -34552801
-56404750 -67821962
95770822 92440535
-5359002 52036473
-33205895 32413880
27766821 28892011
-9744067 -9080210
89190952 96993754
53137444 -80969973
41501515 21870229
-45549737 56661968
-24282638 42578134
-80043199 -94752503
-59330193 -38582283
70377004 -92946407
3715876 7812674
-69741534 31453538
85802884 -71785462
33196841 43882175
77316599 75549696
-93556932 -6269589
-75076363 -45389380
-90005793 89001
50306241 -87989470
-40691032 -17388174
68645949 84249616
-16946795 -85746173
86238114 -36576740
61150406 -82995272
-81044737 -93417750
34816497 -79537256
-91256546 41042550
-79679677 60804504
-79720310 87232283
-46585 -37282041
-80148372 93645182
82601064 -5331884
-18812942 75856827
6397845 66809148
-18599478 41401106
-84698787 79147014
30588796 -66197601
44200713 12598194
40772134 71462826
96737050 -72920481
-47311125 72713184
-52090591 -17820661
84771373 52689928
-33198061 -43882571
-90510013 -2798784
-82274119 19366799
-29517378 21578277
-23190934 80064528
21202032 -69732543
-18419017 95121082
74028575 59965856
15516903 37746136
-17738875 65388624
-65813037 -17353716
-62384636 -41407297
41994505 82542691
10362135 53868312
-61286846 93598813
86795350 -32339071
48234327 18568279
49073729 -34435238
-82027521 26878858
-86129770 -27550041
14678798 -41164978
-70240839 77607685
27568431 -83820151
-84854044 68130281
-80930720 66649374
47258647 25027691
-29139720 -11668279
-6413524 63655860
-23321049 -1373227
-44586103 -79502927
10028129 -40262917
58739544 70879325
56107677 -37687543
-84262990 -70597321
35791468 -86113598
96617027 -53983186
-10666739 81660087
39431415 11914011
43270019 -73371253
-30697374 88593807
48133132 35245840
-14680018 41164582
25811460 48110350
72470286 -99787324
61285626 -93599209
-4098583 -21385849
-80586978 47122054
5741086 -14385082
20401695 61516322
8448056 -70426882
-54801001 -13955186
-3893745 -59617779
-16778998 14717987
56291920 -59638898
-74606431 -67517092
-19942543 -90918099
31724794 83599479
-96748220 -43154090
91726116 9517300
-80038335 75714072
-34988967 18613034
-26324519 -87049711
-28938927 47250803
-11432423 83832894
-4813151 -95526931
79058484 53901816
-86134395 -4615902
50282547 -67076142
-62293056 18806356
-85919524 6589013
-18182985 8348876
-24003120 94215218
91255326 -41042946
-71640283 -69186808
14569964 -43135232
-41852476 -15105475
-93594859 91779679
-41109925 55379740
-48839181 -24275038
-37032171 -69946435
90548042 84345463
-15663675 -75960313
17779782 75565692
62924175 -97945662
-65655912 -71449280
-2481874 29920824
58220043 44328658
-82530913 20755850
-79306991 -98046793
67709916 94339543
-71310479 59798655
-64144013 -98611623
-25111830 -77706970
-47220618 78446854
69740314 -31453934
42349083 39310382
43325053 -82556188
76114984 -47760161
79996374 -4277854
-2648105 74963531
-91971259 54589275
-32689894 -72445833
-61117678 -68568658
-61331115 24891260
68554801 17231100
12021370 -11421314
45548517 -56662364
73288174 10103278
-77121168 98425657
64161339 11654892
-54563454 -34909778
-70378224 92946011
-12965134 -57375702
-86796570 32338675
53002878 -71600235
-21983979 -95210785
-77317819 -75550092
68275647 -7168879
-7688154 34456827
95630413 73505976
47219398 -78447250
37607147 55632075
-3561328 84568128
-63692228 -83422791
71206738 -12445569
79678457 -60804900
50154249 -72690957
6412304 -63656256
61399921 -74928680
2295138 -43592960
88808479 -49734147
95050468 46737889
84828576 -85288413
-80352547 6184035
54077350 98650959
-34758793 89675818
24163678 50799297
98038523 64125519
-28158244 25028229
-72471506 99786928
23319829 1372831
88716434 -35271710
-65487339 46717286
-48103254 -59150302
51083519 -52090852
3938964 -7171172
90508793 2798388
-79997594 4277458
-31456141 72327348
94311841 -30314755
-56293140 59638502
-21203252 69732147
-74029795 -59966252
81116589 85638217
-98289505 48685388
-96447471 -44382605
-44400081 58224047
65811817 17353320
-71255104 46025513
11618171 -38858466
59328973 38581887
86133175 4615506
-10363355 -53868708
-20547 -14936523
-10029349 40262521
68870337 -19336343
37664764 38478798
99516502 -93810539
-41995725 -82543087
17468755 -21690532
-56108897 37687147
-1728193 -40736820
-83008484 16621014
-48290288 95769648
40891848 -21831019
84852824 -68130677
29138500 11667883
-59378130 80595410
-35772500 60953201
20600130 38799223
-73289394 -10103674
93593639 -91780075
30992864 -20102314
-58740764 -70879721
79305771 98046397
70849580 86433558
85693127 40690882
25110610 77706574
-96618247 53982790
71093441 -43282667
-32960537 22553871
3560108 -84568524
57466273 13860042
54377834 -86551420
50418583 49290737
-84109906 -24442292
-39432635 -11914407
-74499500 -38405155
-11316616 93198272
14248643 49045633
-43880221 -38854108
-54089806 43549392
-43454806 -67298170
-27674380 86883112
67476210 -78436577
83278611 93871517
-62818217 -21092466
13316441 -39259713
-89736309 -58827528
27673160 -86883508
-21814887 98962109
38972743 44244561
-87833008 65330105
-32098122 -56286836
-32696705 72877909
50500241 -85524694
-41272578 -89207359
81442985 -91943590
-85736656 46926858
63060969 -32293861
55285932 38456617
-82447126 44248869
-57562682 -68674794
85918304 -6589409
46453413 -37076391
62474437 -36548389
18181765 -8349272
-11366916 -5631940
-82256322 -59714860
-62475657 36547993
41851256 15105079
-13317661 39259317
8803458 26879989
-43725427 25682457
-54818078 -95638873
-12934560 -70115660
-2096852 -75913946
-55287152 -38457013
-25812680 -48110746
52996290 4786039
-46543181 -16202316
46258424 -2372722
89474315 83194450
84706780 77253814
-24164898 -50799693
38026423 -59157102
21813667 -98962505
3022959 -96037553
-96098178 -53122625
91970039 -54589671
-68616343 78032167
32036383 -91021650
-26302985 67412939
5189572 -24767679
25822714 -2906895
-40773354 -71463222
-19935226 -93826641
80351327 -6184431
-39530230 -92281463
77119948 -98426053
17540943 80446231
-92447466 37757991
56787741 31842426
70239619 -77608081
-12313528 14521783
92947247 54732350
-37157052 -20433235
-59680018 55962784
66650950 59111389
-94520057 -52117451
-66652170 -59111785
84020699 -66102942
-45309977 -47379538
19327 14936127
-50788340 36749069
99375710 7363213
5734023 36637347
63691008 83422395
97264761 49292775
-94588455 80431466
24281418 -42578530
-69403098 -24434444
36627600 61333356
-11007087 -96990801
-95051688 -46738285
84242499 14141279
87812371 29322920
96503446 -45815070
-74524371 -52312967
9524345 -76531886
28157024 -25028625
-85489660 -59449020
-33850333 94855916
16945575 85745777
71510203 -79281040
86128550 27549645
-3083393 18487213
23692866 -38623537
82323636 4041891
-51084739 52090456
-78509747 -73750529
31454921 -72327744
-97125160 -4011735
17871697 43184161
72746427 4877385
-88470784 -40829556
98288285 -48685784
82272899 -19367195
81043517 93417354
-42160583 70156832
2095632 75913550
71253884 -46025909
17432539 -75432559
-11619391 38858070
-37972273 86218740
71060799 18243840
99121558 -24363556
-85904176 -5117222
89195459 -48912098
-17469975 21690136
41271358 89206963
1726973 40736424
82026301 -26879254
-93333163 -1237871
-40893068 21830623
80929500 -66649770
78508527 73750133
-43358505 61743528
35771280 -60953597
-82602284 5331488
67304368 45186789
32015271 76035110
19941323 90917703
-58221263 -44329054
73051576 -78350170
-96504666 45814674
-42350303 -39310778
-47259867 -25028087
91042184 83074273
-10698300 72127552
-29922897 6438744
-40291893 53322335
-79553824 8852958
72959681 57937580
59678798 -55963180
32959317 -22554267
64471835 54437139
74498280 38404759
-82802896 11067879
-96068304 -75466299
43879001 38853712
51708338 -17594166
-63440753 -32593012
-15927516 65925024
-74436411 76183351
-65967677 -80094560
-8449276 70426486
27983993 72042222
-70850800 -86433954
44398861 -58224443
89735089 58827132
4073194 -62694323
28798775 32671388
-56788961 -31842822
-71094661 43282271
-9525565 76531490
-50419803 -49291133
-84021919 66102546
-64162559 -11655288
-14860308 -41405415
-96380436 30118858
96379216 -30119254
-27287943 39721650
-4742990 28102073
11365696 5631544
43724207 -25682853
-71062019 -18244236
28937707 -47251199
92256306 26061056
-8339739 9252831
34757573 -89676214
-72960901 -57937976
584477 -22545639
24001900 -94215614
11005867 96990405
63716962 -19178431
-81444205 91943194
-19494134 96836999
-35792688 86113202
3166125 -27327078
16777778 -14718383
11813687 -62257080
29672382 -95958301
56985103 89791501
-70182443 -37102726
41108705 -55380136
-91543626 -31199642
46541961 16201920
-27569651 83819755
-89475535 -83194846
-16578952 98080433
51303430 -37825488
61999946 77975873
60068878 67968823
-49074949 34434842
48673673 -53673391
65742772 8236908
49815109 13516377
66882217 -99859217
-82350991 74816501
32583767 -36489391
-77622446 -66542648
-5190792 24767283
-61151626 82994876
21982759 95210389
-88931003 29875631
-25823934 2906499
9742847 9079814
37197453 64971118
82529693 -20756246
66984129 -28851729
-32182610 98077218
-29673602 95957905
73128313 -53386387
-89524382 -92530639
37155832 20432839
-90905855 -180373
17825171 17366380
7686934 -34457223
-55129 -27655775
50787120 -36749465
-48674893 53672995
36194985 77150338
67290784 13304670
-30928293 7363821
-84772593 -52690324
8338519 -9253227
80531203 36473646
7893284 -58596111
48837961 24274642
3082173 -18487609
-91727336 -9517696
30904330 64285693
84697567 -79147410
-49816329 -13516773
-39528807 -97370411
33849113 -94856312
-71511423 79280644
-66883437 99858821
-96738270 72920085
-55521862 32277115
40689812 17387778
-2296358 43592564
97123940 4011339
-14571184 43134836
-66985349 28851333
39566841 54578645
3771422 -949292
82349771 -74816897
-4064964 -57522723
71183226 -71473583
15926296 -65925420
81570832 -97053131
86979047 -86487549
62816997 21092070
37971053 -86219136
32441822 -49633825
26290899 88383519
-39568061 -54579041
72726245 8949462
-85804104 71785066
14646375 -86230643
-89196679 48911702
83138593 -18113003
82491687 61814123
3809628 98852553
98935303 -42491641
-15075149 23127280
95509778 -8094471
94518837 52117055
17937679 -38463592
43357285 -61743924
-82190140 74030840
-27149925 26973520
-585697 22545243
-71178208 -14724796
88929783 -29876027
46697913 20328133
-67305588 -45187185
-38545196 86751473
27804847 -22318744
-57467493 -13860438
-22826465 -161988
-91043404 -83074669
79130487 -35259746
29921677 -6439140
-3024179 96037157
-79315078 19684625
18707910 81931322
76991227 -61248890
-52904089 77337944
96067084 75465903
12963914 57375306
70944560 -63873758
63439533 32592616
-46537672 -15455412
-36196205 -77150734
-48134352 -35246236
65966457 80094164
50195532 -92939764
-98599196 66838241
46536452 15455016
-58581139 99755957
-9514272 23261093
-62925395 97945266
-67292004 -13305066
-28799995 -32671784
-31726014 -83599875
84108686 24441896
-41893139 -69215702
14859088 41405019
91282139 -63585353
-85841113 38865658
4741770 -28102469
85735436 -46927254
23189714 -80064924
74523151 52312571
4097363 21385453
-3167345 27326682
-84115130 -81633555
-88717654 35271314
-52492433 -25472866
7914514 -9159230
-63718182 19178035
-35062182 -80403118
-83279831 -93871913
29516158 -21578673
-90549262 -84345859
-17433759 75432163
-365534 -27414743
-56613381 -54829218
-11814907 62256684
-99122778 24363160
92446246 -37758387
-28179420 12986863
-46129694 -36627150
-46259644 2372326
-54078570 -98651355
-69530548 -74216000
83877099 -88640188
-34171924 20152707
16577732 -98080829
90904635 179977
-62001166 -77976269
10697080 -72127948
-54192392 13914097
48102034 59149906
26499559 94495076
82445906 -44249265
10998007 -28311163
64142793 98611227
79552604 -8853354
32688674 72445437
-73236935 85358985
-59823642 79564139
40338265 -156775
53909 27655379
3892525 59617383
-84708000 -77254210
38543976 -86751869
-32584987 36488995
-58452538 -31277066
30927073 -7364217
-5742306 14384686
-36628820 -61333752
89523162 92530243
91555795 4636788
61625495 -11053676
54164182 -38075726
-82492907 -61814519
-17826391 -17366776
4811931 95526535
71176988 14724400
-51478473 -72596944
-89192172 -96994150
-97023888 -39711791
58579919 -99756353
-51325707 36964440
-69050278 -42383482
-91283359 63584957
-71207958 12445173
54799781 13954790
-17542163 -80446627
-88491895 -35537377
-80532423 -36474042
-7894504 58595715
69529328 74215604
51473043 -43751400
51324487 -36964836
93159173 -13014657
18598258 -41401502
-57546492 9816693
69049058 42383086
12933340 70115264
