1000
-31 -8
-8 -4
-32 -7
-31 7
32 -5
22 19
18 -3
18 19
21 -12
21 6
-19 20
37 19
32 2
2 -18
-35 -15
-9 -1
-33 -3
-36 -16
-10 -5
-34 -12
38 -7
-3 11
-26 -20
24 14
-40 3
-38 -2
12 17
2 -20
-5 -7
-15 -6
-15 13
13 20
-12 14
-14 10
-3 -4
-11 15
11 7
-34 3
10 -16
2 2
15 5
-23 9
29 11
-12 5
-22 14
5 -10
30 -8
-17 -13
18 -12
18 10
23 -2
-7 16
19 -13
30 -18
16 -2
1 -9
20 -2
-5 6
-23 -9
30 -16
-25 -2
11 15
-29 17
-40 10
-22 16
26 -14
-13 18
-15 -13
-15 6
-6 17
37 16
-2 -18
-16 -2
14 -7
0 -19
30 1
11 -10
1 15
-34 10
10 -5
-36 14
39 -4
33 -3
-29 -6
35 -15
-32 -9
-19 -20
-17 -8
7 15
-20 -19
-20 7
16 4
29 -1
-21 -10
40 -6
-17 15
23 6
7 -3
-30 7
-27 10
-35 -3
35 15
14 19
26 -3
12 -16
-10 -17
-9 -2
20 3
-21 3
25 -6
13 -2
-24 -8
38 -9
-16 20
15 -17
4 11
36 -3
-30 -7
-30 -1
4 17
2 6
-36 6
-7 -6
-20 4
-28 -9
-4 10
40 17
-17 19
19 1
17 17
16 -20
-8 9
-40 16
-5 20
7 -6
-17 9
32 13
30 -12
36 1
20 5
-9 -18
-1 5
-34 -13
-15 -19
-37 -4
-11 -19
38 -18
38 9
26 -18
27 20
-13 6
39 12
-10 17
26 3
-14 -3
14 -19
10 -20
-13 -7
-24 7
28 13
31 0
-2 16
10 -14
39 -20
-32 19
38 -10
-20 -7
-18 -19
-31 18
15 4
32 0
19 -20
-19 14
40 -4
22 11
-16 -12
5 19
-9 -8
5 -3
2 -16
37 11
24 16
31 -8
10 10
37 -18
-25 -13
15 6
-21 1
13 18
33 1
-12 8
38 -5
14 -10
3 4
34 -3
10 -1
-26 5
-23 15
-5 -8
-29 -9
16 2
2 -12
-19 -15
36 -4
-23 17
30 14
-21 -13
-19 11
11 -5
-30 16
-22 -1
38 2
-5 -13
-3 -13
-23 -11
5 11
30 -10
-12 -4
-29 19
1 -7
14 14
-20 -13
-28 20
-15 -15
-39 -4
-13 -11
2 16
12 -17
0 0
-40 -3
-38 17
27 -15
8 14
-37 15
15 9
-4 -10
-28 -5
-2 -10
-33 13
9 -2
35 -13
29 -17
32 -2
8 -5
4 20
-17 -6
-7 -9
-20 -17
-2 18
36 -1
26 19
-19 4
-24 2
22 5
-25 -9
-5 17
-23 -2
-33 5
30 -7
27 -10
35 5
30 -19
-14 -19
-26 7
2 -4
35 -17
15 20
-25 6
-39 3
2 1
-4 17
12 -12
13 -3
-8 -10
2 -14
26 6
33 -12
40 13
30 0
4 19
21 18
7 6
-23 3
-5 -20
-3 -2
11 1
23 9
33 -7
-18 2
20 -18
-20 -6
34 19
32 15
-33 -16
-2 12
30 8
-2 11
34 13
-37 -2
20 2
-16 -18
-40 0
26 -20
-19 13
25 10
3 -15
-18 -20
29 20
11 -4
-39 9
10 -11
40 8
-3 -17
39 2
-23 4
4 -14
-29 -16
16 13
19 8
36 0
17 8
18 -7
-31 16
-21 -4
19 -18
8 9
-6 8
-13 9
9 4
2 4
6 -1
-34 -8
10 -7
37 9
-11 -12
0 -12
-26 11
-37 18
-35 19
-39 -7
25 -20
-37 -19
-16 -5
-27 -5
37 -10
37 -7
39 -19
-34 7
-10 0
-31 -11
29 7
-22 10
21 -3
-16 -13
-31 -17
20 -4
-8 -19
28 3
-4 0
17 -9
2 10
39 19
-29 15
35 3
-23 -5
28 -16
-29 8
-27 13
-5 -15
10 20
25 20
-15 -9
-16 -17
13 9
-26 14
-26 -17
-38 12
-35 13
-38 -17
-35 17
-11 20
-37 1
-36 10
-33 15
33 -16
32 -16
-23 -4
6 12
7 11
22 14
19 -4
1 -20
32 20
-8 6
33 17
-31 4
-7 7
29 -9
-6 4
-22 2
-27 2
26 -7
31 -9
-39 -13
13 2
37 5
18 -20
24 -5
38 10
-37 6
25 7
-39 -19
-10 18
2 3
12 -1
-40 -20
35 -6
40 15
21 -11
33 11
33 -15
-31 -7
5 16
-8 -5
-22 6
32 -19
12 -10
-10 5
22 18
-20 -1
-27 -7
-18 -18
39 -9
-6 -11
-17 5
19 -6
-11 5
32 1
3 -8
18 14
35 12
-33 -14
-2 9
-34 -9
-39 -3
1 -14
-40 2
-16 15
-13 10
39 -3
15 -16
28 19
12 14
28 12
-27 16
-27 -16
30 9
34 -1
-28 -15
-31 -14
25 18
-9 14
-33 -19
16 7
-15 -3
-24 17
-23 -1
-19 -12
17 14
-18 11
18 13
16 6
-7 17
-21 -2
19 -16
-22 -13
36 -5
-4 15
33 5
-31 8
12 -13
36 -16
-34 -2
-13 5
-11 -14
-30 5
24 20
-14 -9
0 -10
31 -11
-37 20
-25 -17
39 -6
15 -7
-25 12
1 -19
-38 3
14 -8
-36 -14
27 7
-37 10
1 -3
5 -13
-13 11
-36 1
-33 0
28 -20
-32 -10
40 3
-21 9
-19 -19
-21 5
-20 -20
18 4
22 16
-21 -9
25 -4
22 -2
22 6
-18 6
23 7
-1 0
-36 12
-20 18
-35 -2
-14 -18
-35 4
39 -13
25 -5
-31 -12
-26 -19
0 4
39 -7
-25 -15
-38 -19
-5 -3
-11 18
-16 3
21 5
15 -20
-1 -6
-2 -6
-19 -1
-5 -11
35 -9
5 -14
4 16
20 19
-32 -11
40 16
-17 16
-17 -20
40 -18
-5 -18
-7 5
-30 1
40 -12
5 -11
36 2
-9 -7
19 7
-13 -1
37 3
-11 -18
-11 12
22 -6
13 -14
38 8
-38 16
-13 7
-15 11
-10 16
-36 3
-12 0
-27 -11
-24 6
-28 -12
27 2
-7 -4
23 -7
-18 -5
-8 -18
24 -20
-19 -7
-17 -11
-32 18
-20 -8
-40 17
-7 14
-5 -10
-32 1
-17 8
40 -5
-22 -10
12 7
-35 -16
20 6
-33 -4
27 -7
36 9
28 -2
-34 -11
-27 7
5 14
24 15
0 -15
-26 20
-2 17
25 14
39 10
25 -17
26 13
38 -6
-29 -18
-33 7
-27 -2
-31 -3
-30 -13
-4 -2
-10 13
15 -12
23 -10
33 -5
9 -10
-36 -17
22 -13
8 -13
21 -16
1 4
2 -9
-13 12
-5 12
18 11
-7 -8
21 14
-27 0
30 -17
-6 20
33 -18
9 8
31 -16
33 19
28 -11
-24 -13
29 -20
11 14
-9 -20
3 -20
14 9
12 9
-35 -17
39 3
-25 14
-16 -8
12 -18
38 -3
14 -2
-3 -12
-37 12
-9 20
-34 11
-2 -15
-5 -1
-3 -18
-6 -13
2 -11
-17 -5
-20 -18
3 14
-18 -2
22 -20
36 -9
19 -5
-22 -8
31 -7
-23 -16
27 -9
-14 -20
34 2
26 -2
-39 19
-36 -1
-25 7
0 6
24 3
24 -8
8 15
-11 16
-37 5
-13 0
-39 14
-15 16
-2 -8
-33 11
-35 7
40 12
-24 1
-7 -7
-33 17
17 -20
-17 -4
-19 -2
9 14
17 16
6 9
-8 10
-22 15
7 -11
32 14
-35 -11
-1 12
4 -10
-39 20
-1 -11
37 1
-3 15
-16 -19
24 10
26 -17
37 -2
-14 -2
13 -9
-21 14
2 7
33 14
11 -19
12 8
39 11
-28 -10
-21 -17
-23 5
9 -13
22 -1
6 19
-1 11
17 9
-32 20
-8 17
-18 4
20 -12
31 -17
7 -14
-21 -3
8 8
-22 -12
-9 5
29 -7
33 0
-23 -13
5 12
2 -15
-28 0
-4 5
-34 2
11 11
3 -10
24 17
28 9
0 -13
-39 7
39 4
-20 20
-38 4
-14 9
38 -20
-24 -19
11 -14
37 -9
39 -10
28 5
6 3
14 2
-23 14
-7 4
-29 -10
-32 -13
6 10
-32 0
21 -2
18 9
21 12
-24 -17
16 -15
-29 12
31 -6
31 -14
-6 3
-30 11
-27 14
-29 18
8 -12
26 -15
28 -19
-15 -16
-1 -19
-12 16
-16 -15
-40 -1
24 -13
38 18
-37 14
37 -16
-17 -16
8 19
33 -14
-9 3
7 8
20 16
16 16
36 3
-19 3
-11 2
32 19
12 13
-20 15
5 -18
31 -5
7 -1
17 19
40 -14
30 -2
7 -17
12 2
-25 1
37 6
26 -13
-9 0
-10 9
27 16
-37 7
-25 -1
-36 0
26 7
-33 -18
-28 -1
-24 3
-26 -10
23 -6
-15 5
23 -4
-26 -5
9 -14
19 2
-26 8
-27 9
-20 -3
-4 18
-6 14
9 2
-40 -4
36 14
-15 10
35 19
38 -19
14 3
0 -1
36 20
25 9
15 -15
-25 20
-24 4
26 14
28 -5
-35 16
3 0
-34 -1
17 3
0 -7
28 8
-5 8
-29 -13
6 2
4 14
-19 -11
14 -5
22 20
20 12
-1 15
20 -10
2 -5
19 -15
-24 -12
-30 20
-6 9
16 -4
29 -14
9 11
-31 9
34 5
8 16
-27 3
-3 6
-40 8
-12 -10
-25 3
-25 -20
15 3
-15 0
25 -13
-37 -20
26 9
0 12
-40 -7
-11 10
37 -11
-21 0
4 2
-1 -14
-23 12
5 3
-5 16
16 5
-6 -12
8 -9
40 -1
19 16
-23 6
-21 2
4 -8
7 -2
18 -15
20 -3
13 14
17 -10
-19 8
-36 11
16 -13
9 12
23 4
-28 9
30 -11
-16 -3
30 -1
-38 -7
-14 -15
-14 4
12 5
39 -16
-25 10
26 16
0 3
9 -1
24 -11
-38 -20
-3 -16
-18 16
37 -1
-11 -13
15 -19
34 -13
2 9
11 -9
-33 14
-20 0
3 20
23 0
-4 6
32 -15
8 -1
7 10
-32 -18
-14 19
-8 -11
16 18
-21 -19
40 6
21 -17
31 10
-13 2
-8 7
26 -8
33 16
-35 3
-7 6
17 -7
14 -11
4 -19
-30 0
-35 -8
15 -18
33 10
-1 7
27 11
31 -20
1 -8
11 17
38 11
5 2
13 -6
-39 -20
-17 -9
-2 -4
-26 -7
-40 -19
5 15
35 -3
35 -1
-24 5
1 16
-29 -4
