791
-7144 -4573
-1980 -5007
-5774 7489
-1504 4200
-7650 -5613
2305 6341
-4246 -6653
-5668 797
414 -1781
-2926 -6938
1072 646
-2418 10531
4990 -3977
332 -4702
1137 9802
-9 9794
-7429 -2290
-8378 7155
-7064 9790
-6426 10488
-12188 -2090
-7395 3518
-10818 6668
-13193 11371
-3680 11979
-8561 4176
-14298 675
-1126 8481
-2047 -5896
-6161 12191
1908 -546
-7292 -4303
-14377 6397
-8560 9980
-13200 9968
-7340 -4265
-2921 10848
-649 673
-576 -1284
-4946 -125
2555 10526
-6585 7763
-9010 -846
4992 6385
-9906 9954
-14639 -1580
-9969 9454
-11580 3094
-5830 6506
-1212 -532
3447 10110
-1124 2802
-8351 4433
-14261 3300
1010 7378
4900 5724
-57 2916
-7589 2299
-1540 -3123
-5035 -673
-9706 -5691
5003 10564
-7477 9805
-1702 -4340
-2238 -3071
-11245 11895
-7638 9465
-7008 -2564
3619 2185
-14477 3628
-3619 -4713
-10448 11603
-8285 2426
1238 -6234
3133 8922
-7062 -2890
-4932 5664
-9833 9950
-12764 -3433
-6347 623
-1237 10257
-278 9652
192 -2044
1579 11912
-10684 -5194
-8241 8010
4131 -3531
2895 11853
-4373 -5529
-6988 1222
-12378 8143
-336 -1646
-11227 406
-136 5671
2162 -4198
-1448 7979
-10061 7919
-9350 10469
-517 -2280
2394 -5587
-1288 8982
-4526 -5700
-5922 11532
-3372 827
711 6533
4683 1559
1181 -389
-14192 -6260
-11711 -7062
-6071 5655
-8877 -2690
-1329 5923
3106 10557
-1967 11324
-4680 2245
3712 -884
-799 -5768
-3876 -3361
12886 2523
3615 -7096
13769 -10171
10877 -8099
2583 -1794
9365 3928
-3257 428
10725 2127
2894 -7884
-3990 1243
1764 -10214
-4026 6715
-643 -11352
-77 2204
-3449 -695
568 4075
-2218 7220
6534 -5326
-55 4370
-5132 -7288
2555 -5499
-4376 -3684
13327 3655
5950 -569
11887 4217
4822 -9251
10692 5855
11432 2821
3874 865
7693 7038
-4272 6397
8791 -10572
4118 6541
-5677 -10799
8445 -3023
-2752 -8527
-1819 7936
-5820 -8198
-1861 -6081
13713 6823
12298 6396
11859 -8541
3932 8083
-666 -5116
-2373 -2592
6892 -10985
8502 3294
10752 5589
-1605 -8463
12345 -1627
1522 -10180
-5824 2764
-4565 -3248
-1804 7152
4080 4356
-102 -7941
-5381 -1492
12463 2074
7558 5284
4246 187
7286 -10660
2134 3980
4848 2542
8953 2213
5451 -943
7388 7081
13311 -9199
-5475 -2610
-4507 -6258
9252 7763
-5798 -5687
7630 -6570
-400 -4789
6936 6118
1373 -9334
1140 -1296
11331 5104
12084 -10885
12182 -46
856 -4100
7611 5730
13891 7174
-499 7729
12977 2126
3077 -7253
10539 -457
12532 125
-4512 -1313
12284 -3876
8414 7188
9331 5111
-2588 -9150
4970 4790
-3181 -2227
8487 4263
-1882 -9460
7332 -7348
13587 -483
-4020 7544
3719 601
-164 -3047
513 532
6342 -10787
12405 4432
-370 6401
9311 -4986
-4969 4291
9215 -9481
268 -9209
7347 2444
7506 -8105
7445 -7555
-841 6199
9831 7498
9974 -9398
2966 669
-3654 -7744
11495 3062
4192 -10231
539 -1073
12401 -4125
2474 -9046
13425 -9596
1889 4751
13129 -4990
10285 -7852
2668 -4795
3466 1650
1527 4734
5033 929
12308 6536
10255 -7360
10758 -5350
1218 283
-704 1648
5703 -806
12463 -5507
5675 3006
-2432 -9629
10810 5163
-5215 -8242
-722 -1292
2598 -710
5801 6830
13282 -9716
676 -4367
6150 5911
9506 3802
-4676 -1235
12635 -774
12516 7754
2587 -384
-3704 -3305
10740 -2831
12295 3676
11611 4955
-4717 -3065
849 8100
458 -939
14015 -11177
828 632
3618 -11232
-1896 6851
4198 -6420
11063 -4034
2465 4559
6435 -9521
-434 1750
9018 5068
1997 -9428
10065 -1395
-4238 -11131
9631 -5912
10727 -1471
-5535 -532
171 -3371
-2864 -2896
-2855 -851
-3204 5775
-421 712
4128 -1848
2445 -3485
-8649 -7188
-485 -310
7778 10354
-2537 89
1295 10226
-8596 6604
7181 -2048
4408 10025
-71 -7813
5342 9877
-1603 6765
-2627 -6162
-10413 2646
6363 5819
-2437 8253
-9842 7390
-1668 4807
8082 -5345
1053 5183
-6451 8054
-4102 642
-7865 -4238
-9548 -7528
-4864 1697
-9475 -1948
-3967 -8315
7394 -263
-8726 -1669
-3412 -5919
6129 5783
6754 7009
-6773 3710
-6979 1478
-6781 -6200
-8872 4191
5371 -3964
-6754 4566
-10211 4043
4126 -4243
768 6160
4564 8977
-7424 -6460
7976 7981
6991 7143
-4091 -2226
-4637 3718
-6826 7783
-5945 1467
252 -9028
8596 -4190
-10456 -5546
-7738 -6705
859 -8845
-9891 9377
-2643 -5039
4129 -7954
-4296 1233
8379 -7193
-7760 9896
-8680 -3531
1329 -7725
3940 -7202
-5467 -5795
-1529 5271
-1577 -883
2511 1300
5658 6201
7094 1220
1114 -1702
-9301 10062
-10390 -2574
6863 2049
-9013 -9162
-7325 -6351
-673 7113
1873 3259
-7010 7756
5857 -5405
-9949 6048
-8358 -5826
-8368 -2380
5726 6676
7589 -1287
3526 160
2662 -1322
7842 4820
-7286 -3852
-2195 10342
-3163 7239
-4906 4672
-5548 10692
-281 -292
-4571 -682
874 2316
-5909 -8411
5293 -4959
-4116 3117
2954 -4378
-11075 -7330
7170 1034
-10737 7548
-203 -7775
4533 8427
-3848 7680
-4770 4378
-937 4002
-23 5497
2937 -2696
-5748 -2844
-1846 4294
-3705 3433
-10714 -6028
6856 4606
-7388 -3111
6604 4862
-8371 6027
2754 -2737
413 6845
-9994 -8849
-4044 -4186
-9362 3460
6809 -1729
-7585 -8548
-7862 7929
-5672 -174
-9569 1652
-619 825
-10273 956
-6547 6875
-6427 10154
467 -6037
-2831 -5640
1373 -3710
719 10592
-10550 5990
-9897 -5427
-2453 -8944
8713 4588
-9264 -4116
-9146 -2740
-11244 272
957 -7914
5956 6441
-2411 -2807
-7124 -8522
-2893 7937
-1086 5221
4213 1937
-4648 3515
-32 -5375
-9165 -3364
-3295 140
-2341 -3338
6445 -7176
-3232 -6685
-10957 1554
2855 -3076
-9511 2510
-1682 6143
-2329 -1123
-10311 8348
-4840 4495
77 -2459
-7537 -2337
7409 2474
2263 -4436
5763 -7071
-11075 -8206
6416 -1397
3879 7257
813 5323
8419 9722
8241 -2717
6502 5961
8477 3909
-9413 10753
-6352 9934
7007 -8044
-4831 4619
-905 -4422
6085 6847
-10553 -7459
-5264 -4166
-4501 -2638
-4369 -4503
-2734 4824
-6952 7063
-13104 588
-9469 4675
-13058 -10282
-2665 437
-9530 -6418
-1069 -3924
-9997 5596
-2984 -6185
-2050 5579
-3938 46
-4109 -11220
-13168 -6798
2325 2811
-2793 -5919
-4811 -8786
-3833 4507
-1271 1737
-2438 -2879
-8831 -4487
5058 -8418
-10563 -13074
-2807 -4287
1442 -1000
-9427 1596
-5401 -13731
5065 3849
-507 -5358
3573 -1231
-7113 -4663
-4626 -3620
-11091 -5488
-12572 -12249
-12581 920
-7041 -1360
5362 -10823
2811 -12874
-9323 -10327
-12320 1813
-6060 -11972
-1784 5303
-2773 -7250
-874 -6914
3737 -2665
-10507 -4436
-2079 -8033
-3338 -11964
-4122 -8877
-2265 -12451
-12554 -13794
4374 667
-6439 -1261
5384 3526
-2878 5574
-315 3358
-3958 -13456
-3403 -1176
-13587 -5198
4729 1659
-2828 -296
-1602 -9946
1630 -4072
-930 -13640
2030 -286
-8905 -1538
-323 -11301
-3691 -10732
3818 -8909
-7725 -2536
2160 -11197
-685 -1456
1763 -11777
-9475 436
-2814 -7594
-6099 -5795
-12913 -5850
-12303 5973
-1566 584
-5395 -11187
5641 -619
-13373 -2241
1827 -7340
-12959 -12307
-6381 -11553
-1763 717
5705 -7152
-481 1350
-11835 -10839
-6420 -858
-12416 5360
-10349 -8329
-7451 -2034
-12272 1111
1578 -5178
5408 3740
1246 -2728
-6455 -12550
-6401 -2264
-14123 1346
-9576 -11959
-6520 1648
-255 -1606
-1676 -13067
-11135 129
-4334 -4636
-10654 -9704
-10680 -292
-210 -10210
-6412 4880
-1996 -12851
-261 -6457
-11266 -8983
-2893 -2198
-4992 -1033
618 3356
-3846 -5790
-12842 -13006
-13037 -2940
-9315 -1630
-2986 5435
-9913 -2797
358 -5
-11190 -8891
2724 -11688
-5125 3422
-7842 -13668
1026 -3198
827 -686
1879 -7888
-11106 -6562
-1210 -13295
-8521 -1667
-4339 -7320
-7504 -7822
-10367 -12459
-947 -3208
-4978 -12420
-12238 -2213
-4105 2693
-10182 2760
2090 5065
2567 -13770
-7689 -12034
-7196 -5134
5526 -5961
-2088 3066
-12164 -9941
-7182 -10434
3159 3829
1355 -11702
3694 -1188
-3731 -2768
-1219 816
-7901 2042
-1887 -3365
-6244 -6675
5105 -9451
-212 -3638
-4220 -3989
-3413 -6188
5976 6230
1776 3329
2937 9741
-3543 -141
-8099 -6758
-2702 -2646
608 -2813
-6991 -468
5860 6115
4623 -5329
-12407 8835
-944 -5271
-9658 4190
615 485
2198 4103
-4154 -5881
-7325 5472
-81 -4958
-8207 6483
-12355 8150
-12433 -2523
-1137 472
-897 -1997
48 1234
-784 -5414
-4836 3637
-9583 -1906
-3235 7330
858 6755
-3688 133
-10896 9133
5420 1965
4593 8232
-4103 -7830
5451 2793
-3411 -388
-7453 1068
1976 3203
3282 -6203
2632 11239
-8183 7984
-55 8794
-10993 677
-6728 -3214
-10845 8740
-5219 2423
6820 -503
-6546 6486
-9337 -5461
5283 10194
-10910 -3104
2015 8393
-1012 5803
-6404 7426
5633 2699
-485 9871
6846 8187
-1722 -4253
-1955 10578
-9797 8307
-8360 -8229
-6882 1111
5727 1291
5191 7915
-3250 -1079
-11304 3896
-9048 -629
-3214 -4404
1504 -2438
5489 -2387
-3108 -5071
-6222 -7934
4605 9794
-1899 -355
6176 1886
-5064 9037
-2596 -7058
-6809 -422
4144 7893
-2486 -6532
-4976 -6850
1113 -1408
-12858 -5704
6035 4069
-291 -4715
3726 2956
-11239 10859
6491 3010
-11301 6964
2592 -356
-1458 -8381
-9962 1065
-6113 11315
6508 8955
-6945 -1066
1119 4096
-12705 -2159
-2173 7208
-5564 6693
-606 -2046
-1030 5605
-5982 7081
5356 3784
-4305 -8486
-10161 11020
5506 -8170
-6690 11396
-6982 9723
5275 -6691
-9252 7584
-10008 3273
-6335 10035
-1768 6962
-4605 9741
5311 7509
-4014 4978
-3844 -6927
-8940 9440
2683 -6302
-6556 -4183
-3384 -7367
-7824 -6080
4603 -3265
2686 -1175
-13058 -2311
-2170 -7325
5883 5812
-11469 5948
-9861 -476
-7200 5673
-12779 -4147
-8960 -8505
-883 5845
-2278 5050
-13086 277
2105 372
-10503 3013
-6876 9957
-8678 9270
3791 -4944
5279 9346
-8719 9970
-8018 -6163
-12908 -1721
-3135 1403
