770
-9328 10027
-2088 -986
-10673 4037
-7242 11727
-6240 7225
3942 -2653
-4122 10221
-1290 9917
-8618 -4765
-1794 2573
2473 3759
-5604 11800
-11693 -2288
7501 2825
-3862 -7777
-5724 -9413
-2582 -2843
1670 653
458 -1770
-3092 425
3292 348
-77 -461
8534 -4067
241 -3701
2962 -8305
8867 2281
-6131 3313
588 -865
-4643 -8828
6490 2810
5117 -9520
-2466 188
4315 5924
-2974 395
-738 -879
5229 -5157
-334 -4824
8255 -8887
2836 2585
-6064 246
9227 -3964
-564 -10803
2408 6604
2354 2254
-9601 1338
6676 -3120
-6626 -7147
-1325 -5962
-4263 -9210
-12482 -8411
-6382 -9843
-1545 5367
-2541 -187
-4276 -1874
616 -6469
-10474 -3822
-4935 3256
-4417 -4177
-10613 4773
385 -9031
426 -3095
-5794 1445
5189 -8079
-260 -1345
-310 -13365
-9893 -11719
-8467 -12707
-466 665
-4745 -12255
-2169 -2496
6520 -5601
-780 -4731
-12674 -6783
-10766 -4540
-2325 -467
-4157 -8087
3500 -2195
-612 -10055
-9926 -4029
-5174 1046
-3106 6146
-11825 -5724
4981 -4063
19 -573
-2463 -6013
2899 4890
-9636 -9863
-502 6065
3250 6751
-31 -6548
-3740 -2205
-7084 -9634
-5973 -2742
-3424 -8080
7255 -3614
9879 -3852
3035 627
7134 -8151
-2654 8209
4986 9762
-1344 1449
-9464 -2171
-2059 6664
7664 -213
9117 11338
1106 387
-9274 -3219
-2745 -5499
-2094 6317
2263 4768
-9020 -6214
-4405 -3395
6446 10368
155 -8205
9257 10580
4190 -351
4553 -1769
-4402 10861
2396 -1431
-7846 -1402
-8824 -5146
6381 -3618
3300 5131
-7483 -1882
5467 6687
-2928 -9508
3196 -862
-5658 6184
10062 -1489
9187 -11800
-6141 7819
-6569 -6827
10996 -5026
190 3925
4136 4338
387 -1239
-5917 -11823
11353 -6867
-2372 4165
-5753 1719
2362 -1947
2607 8695
8288 4344
3952 -5107
-6234 5488
-4773 6058
-7789 2605
5979 6184
-1876 -8648
-8141 -1910
1377 -1691
-2716 -6725
-11483 1814
-5548 2729
-237 -6208
-12203 7772
-11284 526
326 -6009
-4933 3291
6473 -77
-10215 9445
-323 -2620
-10613 1019
-12623 -5914
-680 -2781
-4652 2661
1732 -3860
-5851 -4641
2988 -10570
10247 -10503
-3063 -3125
11654 -8521
2453 2664
2011 -6154
5522 -11690
5688 -4656
7694 -10425
4254 -2126
514 -9868
5717 4586
6837 -5374
3056 -3131
2388 6117
-6060 -749
-2474 9705
-5424 97
-7115 2633
-7527 2144
-1396 2399
-5394 -5374
-6947 9035
-11586 151
407 9166
-8635 12666
-1563 10625
-2697 2789
3821 3698
6477 10205
1050 -2355
6275 -1618
941 3898
-2413 10629
-796 10767
3420 -5390
8412 -3641
5605 -4525
3577 10872
4688 5558
-3969 -3268
12241 -7926
2856 -3968
10889 -7619
9664 -9176
-1283 3238
12322 -5680
-6431 7358
2435 7519
1714 -9058
-4550 -1053
-4252 -7503
5292 6855
3453 -5557
5401 667
415 3410
6942 8849
4800 1790
5272 -7033
2754 123
-5657 -11384
-6225 -354
-6531 -8209
7906 -1922
-1297 -9505
32 -2178
-11563 -6181
-8220 -431
5374 2309
526 -9770
-1744 -3817
8259 1878
-8625 5031
8043 -7626
5417 1810
-1600 -368
-5816 -2286
-7121 4863
-6969 -5328
748 -3065
-8918 9810
-3175 1625
-5679 6904
-2812 -5392
-4930 74
4175 -3382
-6676 -5644
5743 8227
-10180 -455
4384 -6177
1510 9259
7661 6337
115 1089
-2175 -8415
-8082 -2713
-6676 6401
-7214 -7350
-11683 -68
944 -7822
3068 -3755
-3747 -844
-9344 -3104
-2439 -612
1803 -2414
-2024 518
8253 -5073
7501 -5497
-7241 -5823
-7539 6510
-2550 12490
-4251 -2299
438 -4096
3551 7188
6689 2022
5316 -4583
237 6532
1614 3949
-834 114
11161 -7297
6852 -2508
-6079 9949
1243 -7593
5051 3910
-434 6635
3070 2442
7648 2944
7988 375
-1909 -1781
-112 -9620
-8560 -13090
-9329 3789
-3125 -2257
-284 -5710
1550 5606
-2806 -9636
6749 2521
-1958 -13457
4494 -8528
-6246 -1156
-5825 -3408
6297 2845
-5987 4871
-5663 -2673
8599 -7343
-6180 2073
5074 -5532
-5364 3347
-1114 -3738
-7426 5099
6780 9083
-5950 6587
-788 7337
4677 12340
-2433 12810
4431 -3591
3782 2012
-535 -33
-7125 9865
-3327 -863
1125 7901
6074 6971
8021 10239
9146 2267
2003 11670
1037 10857
8233 -4573
860 -6475
8967 -2701
1839 3140
8338 -4220
9481 -3413
-6561 7720
7537 3661
-9826 9307
6721 1262
-4820 -6797
5693 -3376
1046 5899
2327 -2058
-4499 8860
-3244 -7778
-4427 -7844
5531 5028
6848 650
7429 10073
-5071 10460
3365 -5585
-132 -5971
4227 -2516
-11178 -2729
3472 -5026
-6022 9074
-2116 5334
2056 4281
-2965 12347
-13490 -2755
-3578 6210
-8886 -3179
-7562 3247
-2336 1601
-12728 -2746
-9989 -3442
-9424 4247
-4067 3579
-5974 6905
-6833 6529
-2830 -1330
-10529 1799
-11214 1571
-10525 -1086
-6621 2920
2800 883
1971 -4730
-13570 3710
-293 -4737
-3221 -5912
586 -6994
-5563 11242
369 -4636
-8218 5070
-5827 2637
-4933 1489
2639 3426
8935 -2956
11516 3892
10180 -817
10803 -5201
4706 -2539
10214 8443
-3934 1309
-4649 5904
851 9416
-4970 4069
13356 -1525
4766 642
3376 3528
-8053 14051
8402 -913
-5147 -3968
6101 13064
-5119 13428
5915 12550
360 542
-5280 -2474
4308 13953
-4712 -482
-1733 4189
7936 10954
-4272 -3422
6505 11225
1565 8934
-8085 -2047
6716 2615
-624 -2305
-9359 7911
-7565 -7080
-2563 -9027
-11222 -2667
1956 -2837
-14380 -5169
2837 4013
-13331 -10953
-3273 3251
-7113 2627
-14220 6591
-6613 -10455
4256 -9882
-12004 -544
-14027 -9600
-12003 6299
1773 5659
5130 2733
-4412 -1749
12095 3750
-1011 1548
9198 -7492
1219 -8993
-5497 2631
7358 4179
961 -7382
11595 -2528
-2237 7954
3895 688
-14215 935
-13769 -1548
-12333 -5213
-7899 -12761
3831 808
1922 -848
-48 1854
4341 -2230
-3388 515
-1318 -13204
-648 -10742
-10987 -5255
-6583 -1732
-11307 -605
-4907 -10030
-462 -8230
-4541 2658
-4723 5629
-1248 3743
11552 -6458
-3761 1671
-7514 -8615
11936 -5224
-1763 -6010
2235 -3440
4038 -3027
-4074 -5798
8845 -14203
8249 -4503
7198 -1802
6490 -6022
2464 -3864
9926 -3607
-1969 -9089
5309 533
7001 4738
4371 2084
4414 -3070
4792 -127
-5552 -7292
2849 6570
3657 3939
-9978 -5049
-7159 10750
-9039 3755
-9954 7741
1329 4384
909 5525
-4988 424
-12502 10629
-6511 -3863
-12001 -1103
3795 11883
-1141 -4709
11022 2032
-2220 -3022
13439 1843
-3935 5824
-578 4369
-3027 -6701
6509 -2020
9822 -1640
12665 4961
-3072 4929
-4563 -10301
947 -9455
9643 -11424
11652 -1279
12894 -10344
6026 2137
2865 -6921
3480 -5817
4177 -3151
-8526 -4716
-5235 -2751
-4234 -1696
-8881 2591
-14534 -6941
-12208 -1568
-12478 -10430
-300 -1113
-6920 -212
-12313 986
-4249 1667
-11954 -10772
-6263 1159
-2843 -5912
-4790 -4691
1454 125
-1227 -1670
-2040 -2532
-10307 1712
-4360 -7548
8699 -1588
4333 -6757
3667 -12320
-6874 -8878
6176 -7762
7608 -13699
3807 561
-1536 -7568
4637 121
4489 4905
5936 8585
11622 -5858
10414 -4679
4371 -1392
1434 -255
4848 -889
9390 5874
-6119 6875
5235 -9136
325 512
1569 5380
-1988 2471
2572 -7511
8235 -4052
-7691 8851
-9930 4540
6713 5098
7276 1147
-8645 -4620
2748 -114
7517 4860
-1870 6662
-4506 7291
-5700 -338
7913 -3541
2571 -881
-6045 3497
7700 -2002
-1468 8998
-2184 6846
5488 11515
7804 3257
9033 -1645
9052 -11376
4187 -11462
9212 -11265
-1244 -9895
7224 -5389
10254 -3509
-628 300
-2262 -10876
10559 -10914
4003 -11871
8536 -7848
-6557 -1192
-7982 5468
1493 -2411
-1486 -11073
-7175 -1243
7180 -1901
-9633 -2282
-4908 1918
-1606 -6984
622 -2339
29 382
8530 -8221
5106 1010
-6308 2689
-4975 -6681
-9641 1537
5133 9216
-11268 -3657
784 -6488
-9370 -2524
-281 -4119
-8955 -4591
-2373 -8421
1707 3034
-1305 -56
10572 7454
-208 854
-2598 4223
8358 1442
-312 1884
11320 -4707
10875 -7126
8599 1650
12945 1439
12495 -4682
9396 3579
3267 -5574
7007 8468
8010 -8505
510 5486
773 -10139
-9211 -519
-6445 -8773
-6687 7419
6251 3978
-1378 -10056
-9221 -8610
-4463 366
-4188 -8766
3351 -2725
406 4442
-1324 -9269
-1423 -2287
8042 -4360
-7633 -5613
-3310 4850
-5701 2632
2547 4602
-349 7703
8857 4691
-612 -3605
2014 308
5787 12711
8782 -4368
-2869 4161
6595 -1732
6665 7309
9435 9248
11898 10602
2197 4369
-1674 -222
10227 -7194
11447 5953
11378 -2783
10725 5316
11482 -6553
11233 2755
-2480 -6359
-364 -9281
4116 2570
2026 -1733
-265 -7822
-938 -12548
3489 -2674
4189 5137
-9121 -1159
3061 -6675
-6132 9253
723 -8301
1859 -390
-9912 7648
-7509 -9225
-4884 2626
1345 126
468 171
4708 10339
5344 -305
-2225 8473
1523 7353
6044 2521
3995 2339
7508 -4976
-5244 8498
2780 8246
11468 7354
-3295 5801
-10 4164
-7176 4024
1054 -2504
-5667 668
-5257 -3892
2551 2371
9326 6615
1750 1853
4450 -2112
2529 -4800
501 -1890
-4262 368
8090 4530
3132 2275
5346 5881
4983 -9055
5055 1100
-6599 2103
-6382 478
-1932 4646
77 -8760
2116 2360
6010 -298
-4043 2130
-5783 -4807
-568 -877
-290 5977
6112 -3269
-6005 -2639
-5061 -2546
-2247 6278
57 -4671
3427 7068
-5067 -5289
-2134 -2681
9392 -2369
-1038 5273
-6865 -1745
-9196 6598
7757 -6425
-4370 3921
7943 -2217
-2588 -4412
-1599 -3863
-5558 -7171
8902 -7864
6128 -5018
-7267 879
-958 -2491
-14518 -4350
-8160 11720
987 -371
-3660 8577
2246 4060
-3499 2424
4501 4507
-1285 4622
-6833 12546
-10386 5489
-11975 5144
867 4575
-597 7765
-13868 2925
-3691 6134
-5665 8050
-4636 4703
