813
-7938 10153
-4366 6936
553 -8569
-6420 -8652
5287 -3421
2058 3125
-1512 -8261
4291 -6467
-8565 6662
6497 10399
-3065 413
7003 -7752
7461 -6676
-5193 2568
11 -12271
5196 -4094
-6536 -13071
7815 -12561
-1247 -4234
6586 -1591
8641 -1236
-4053 2867
9896 7946
3346 5750
9012 -7364
-8441 -3078
-3910 4984
-4956 1916
413 2434
-4992 1845
3629 6161
3785 -446
-21 3938
-4547 -6075
4791 -5967
-538 2128
-191 -6200
4107 6476
5781 4312
4679 639
541 -8346
2625 -9710
299 -11615
6612 112
4163 2147
7421 -6838
6987 -301
8556 3959
4940 -9569
-4759 4544
2060 5757
-9429 -4318
-5171 8358
-7220 1619
-8635 2657
-6669 7718
-3371 9833
-1363 6465
-732 4003
-3529 -8938
11412 -4452
1425 858
71 -1552
-3647 7356
459 -9196
-5636 -5356
3943 -834
6874 6600
-2242 2972
422 -12229
-3869 4916
8660 -5480
3882 -8881
10568 4760
11101 3552
-281 7361
-10614 1870
-3138 -6264
-8675 -8275
-2989 1061
-9236 -348
-5400 -923
-5290 -7052
7417 -10242
-1876 -1591
-4344 11268
2130 12667
3511 3428
2397 3280
4309 11520
517 4978
-1194 8449
5668 -8407
11118 -1421
10738 2478
11467 -10349
11794 -4406
-1355 3057
10975 5996
2002 -1333
9458 9157
9646 12111
143 4729
-5056 5688
12789 -5612
11524 10711
6771 5480
2896 3254
-5001 -9455
5962 1239
7736 -11470
10166 -2312
6071 6438
8522 -1626
7455 -9505
-6500 -13168
5288 -5732
-5877 -12426
6084 -3391
-850 -5067
-3428 -6269
-8962 1835
-10984 -5321
5015 -4373
-5878 -7060
-6573 1894
-12144 -9880
-9181 -3033
-2501 -6667
-2560 -3705
3922 -5868
-3957 9368
-8592 -5182
9107 14
2424 4806
7776 -1315
7368 2251
6886 -836
-5701 7577
7807 7989
-5398 1575
-8058 8582
66 7826
-2352 5901
4643 9822
6428 -255
9385 13368
-4015 2514
2256 5416
-410 3432
2754 12723
7725 2530
2540 4715
-2459 6551
7816 2959
2630 9235
-1942 -5958
-12382 -2749
2421 1292
5318 -204
-12018 4148
-9833 5334
1995 132
-3811 -1723
-5481 1834
8124 3832
3633 -4839
4575 -5731
8436 232
-2805 -2252
-1480 1339
-5989 -666
-6542 4455
2499 777
9620 7862
5300 -1296
-6998 -10665
593 -7943
10722 -10809
2054 -1533
-9151 4952
375 -2978
2449 5037
5247 876
-1303 7447
-9192 2498
-7812 2970
1858 -742
-4047 4661
-5856 1358
-1807 3428
2585 -4544
-5831 -4329
-3235 -2981
-2121 2359
-310 4032
12936 -4041
-3329 -1888
2725 4936
5012 1340
1804 7572
219 5724
-7008 11503
-3472 -2734
-9385 4847
1489 -4617
-1371 1525
1249 1708
14176 -6582
13646 158
11352 -9777
4869 115
3620 3775
7292 3169
820 3876
5295 2192
-506 11553
-6339 965
-6824 2342
12373 -5051
11886 3277
5980 3194
6745 2099
-2245 -124
2446 -6071
2472 -4629
10526 1982
-1078 10850
-1866 12656
-3948 12721
-1968 747
-5129 13576
1738 5065
-4371 -3557
2518 8480
11617 471
3758 -9354
-5331 -1107
-1709 -875
-8498 -417
-8005 6752
-1533 -1158
-3501 8743
-559 -450
-7502 3830
-3787 2630
4005 11006
-12063 12436
5517 -1292
-2032 11506
5950 1927
6924 1165
-1852 -8540
-2592 -4752
2720 3412
6118 -1368
9607 -8510
12017 -8803
10838 -4227
13510 -4118
4433 -1091
-5216 9695
4445 5621
-2509 -6151
8068 5065
-8438 -7422
1064 -6648
578 15
11307 -13808
635 2376
5493 -13535
-5780 -12357
8471 -14235
-7024 -11242
4107 3126
3567 -8551
-3642 2298
2378 -4573
-2100 -1434
1184 -119
7084 -997
12707 10434
2018 12825
1597 11964
8407 -978
-4807 13598
484 853
-1906 -3310
-10336 3154
-10715 6772
-1662 -2060
7503 -3755
5778 -3438
8291 8685
-1407 1643
3019 -6529
-2719 2698
-3921 -5206
-1590 2968
6625 -6499
-1671 -1596
3665 -3764
-1810 -4082
-8565 -1723
870 -13937
-4426 2153
-12988 -8860
1064 -8031
-4553 -3968
-2751 -7048
-312 -5611
-10122 -3031
-1304 -2460
-720 -5098
6183 -3108
4490 -507
-1803 1518
3482 5407
8033 4569
-6071 223
-6140 10560
-4934 7253
-9634 2257
5548 -3421
257 3802
-1186 5341
8883 -843
10124 -12366
-4262 -11643
-2489 1268
-9 7005
857 -7232
6997 2637
11211 2694
3059 -3916
2847 -2875
-265 803
-8290 -2026
-8433 -1170
7281 2166
-9495 8170
-11272 6804
4873 2215
2852 530
-8411 8867
3170 3317
-3418 -5673
8406 3751
-5144 -2735
2882 -9073
-5467 8764
-1022 8138
10558 -7240
5364 -7626
6624 -170
5576 -8290
322 7730
1333 992
2037 7764
5879 -10584
6937 -11493
280 -1686
546 -2443
-6308 12511
-13671 5049
-12997 11398
18 4214
-14686 -1332
-9317 12027
-9037 11017
-4704 3858
-11566 2827
5577 9597
-11806 6378
3014 4890
-3406 -5054
-2770 4421
-1503 1224
1790 8782
1591 2114
-573 3750
-11461 -6574
1921 -8014
2108 7551
5874 6649
1786 2800
6938 5450
-5653 -4009
7675 -7781
9578 -11289
-6296 -4585
1564 -1698
3272 7283
-4414 -6447
3652 -6683
-8145 -5507
2172 -1110
-5603 9850
-3787 10047
142 3042
-11935 -6444
2030 -8555
-4833 295
789 5559
12907 7493
9580 4588
11726 -1331
6107 1323
-2675 -265
4057 2185
3070 -8223
1507 54
12723 1417
2985 4078
11273 -2565
989 6010
-3917 -3688
792 -2646
2574 7323
7380 -4610
-4867 -6155
2517 4421
5004 -2650
4270 7636
3056 2878
5157 7932
82 -5696
10645 1770
-1671 -5812
4509 -874
5222 10387
-1188 10089
-3541 498
3137 2980
158 3078
-944 4321
-484 5945
-7413 2998
-5351 -4302
1783 7456
-2732 1427
-1709 -2386
1235 2178
-3106 -5700
-5643 -3872
8741 -3366
-7125 -8282
6786 -14690
10056 10870
6173 3952
5910 3180
-900 9353
8911 8090
-7153 5176
-3776 -1259
2800 2729
6970 -6736
-10072 -2924
7469 10294
-6474 -2714
2383 8347
6263 2994
4170 -4340
-9251 -226
-1804 611
-3347 5529
-9323 -8036
6299 6076
4104 -5767
6484 -9808
-1307 -7666
-7774 5024
-1716 -1959
-6625 -3417
6467 12530
4914 12307
9201 -226
10322 7118
4636 5996
1395 4652
11180 -3375
828 9944
4450 11831
9763 3953
-1376 -5725
5465 -5620
1967 -8732
4189 -10219
-6523 -2264
-12651 -1123
-4078 -9710
1280 -2538
-12108 -7893
2740 4732
-8841 6600
5325 -5791
10146 -5789
10982 -2866
6069 -922
9345 -214
6997 773
1667 -1937
-4966 -1302
-1228 1985
10799 2712
858 1454
7195 635
9645 5758
10681 5529
11972 2220
10017 -6152
4308 231
9281 4244
-7482 4502
-5087 -11328
8896 -5464
8980 -3721
-8287 2014
7901 -11885
-7708 8927
-10525 -4937
-6327 4313
502 12099
-6104 -5682
-1288 4007
3186 529
3797 -13077
-5283 3796
3917 -10543
-209 3602
252 1641
-485 -12641
949 -3322
8150 -8682
-10036 1689
3166 -4686
-1628 1988
-1918 -5773
-9781 -13913
4542 -11080
2316 -9603
7524 4036
-5123 -4548
309 9183
-7603 9834
-9522 -3580
-621 -7660
-2309 1259
-6915 9952
-6701 2667
5472 -3374
5367 9302
7867 4828
3991 13329
3017 -252
-3122 10774
1221 -4470
1765 3813
6953 9109
-9126 -5663
1504 -5586
1078 5878
2003 3612
-8684 3810
3316 -476
-337 -4497
4552 7102
711 -10
7567 665
-1130 -6604
-4210 9880
8657 2938
-4978 -363
2160 -3786
-2674 5237
-2713 -5839
7745 9068
9353 -10090
3530 -401
2179 6785
10941 -114
6402 -9089
8534 -7932
6413 -879
-3629 -5104
4483 -331
-2542 -6600
4065 -1079
1175 833
3791 1014
-6077 -10549
6778 84
11334 6993
-678 3163
9101 -12005
2770 -2755
5278 717
-13396 5854
-3956 5785
2090 -8991
707 587
3236 -13088
3740 1340
-2164 1157
-3958 -11257
-342 -12458
5258 -10582
-2322 3763
2411 3603
7560 -1035
-7023 4788
-727 -10958
2923 4312
-931 -2541
1489 1391
-10577 -3199
-7553 -8450
-5503 -9650
2879 -1525
-7198 6707
-11702 -8648
-1055 -5003
3918 -5837
5024 -3660
-4874 -107
-844 3688
-1183 2260
5100 -785
-10368 -8709
-11263 -9874
-10120 5606
-13862 11280
-11397 1011
-4552 -3023
-8815 8857
-7708 -539
-1660 -2873
-13174 9364
-4537 3370
-8655 7620
2670 6006
8227 1698
9566 9919
4150 1253
-894 -4663
746 3305
-1409 12584
-2820 7523
8828 -1601
11308 14897
970 7678
-1120 4396
5566 13054
4892 4980
3276 5206
-3602 -3348
8258 -6059
2035 -4331
-9289 4966
-5698 7665
3464 234
-8577 -6330
325 -1681
1945 -4155
-11650 -2900
5416 9196
-5088 -4661
5558 578
-7537 4342
-3012 1907
-12771 -216
1068 7872
-2375 -1782
-11365 -2190
-3148 -1599
-11704 12374
-12951 -3807
4351 -1060
-4969 4054
6615 -4112
2038 -7011
2349 -4741
7652 -2654
-4141 -7546
-327 2834
8715 2872
2535 -4150
-6359 -8620
-1541 1202
-6737 -10600
1711 -8626
-1867 1964
-7342 -7690
-6618 -12823
3924 -8596
5409 -1554
-10066 -10003
-3796 -3497
-3609 12022
6339 1850
3024 3267
-1206 965
-5446 6073
2568 666
-3373 5294
3208 8989
-4341 4799
5989 4573
1661 998
-1314 -4045
14071 -10700
1654 -5894
3228 -9279
-3302 -6144
5279 -9760
5708 -5646
-13090 4915
-3999 -4333
-6848 5059
-10498 -290
-3654 8887
-10680 5126
-4836 798
838 -1498
2673 6834
8975 -5271
10181 -8297
2751 3261
4266 3133
9596 -12921
-6235 -8254
11857 -11736
7476 -8043
-5587 2464
-6992 779
-5940 -6950
1812 1593
-1201 -9288
1957 -4643
-5638 552
3841 -11928
4040 4555
7842 -459
5835 4125
5843 -3979
-702 4509
-4305 -5304
8778 -4137
-6955 -4114
-10340 -9815
-4154 8579
-5037 8887
-9497 4914
-3865 -6720
1369 -1060
-1659 4085
-351 2725
-12675 -9880
-2781 -426
-3738 7480
1025 8782
-7516 -4281
-12741 -4493
-7847 14297
-8897 6536
2063 -3006
-5239 721
3283 5754
1809 726
-11696 3328
3027 1966
-334 -1632
1203 9368
4736 -5112
5951 -10884
-363 -10282
-4423 -6702
-5146 -1334
10297 -10781
-4155 5756
12599 -1998
12734 3305
7768 -12193
11180 -1891
-5549 10131
4804 237
-4610 10914
456 -5174
9709 14358
3085 4687
5566 -13569
-13309 -12177
-11131 -11099
-976 2278
-1542 -9783
-4851 -12950
-3987 -4786
-1967 -3551
7639 -1326
2767 -3404
8426 -14010
-2400 2066
11677 2427
4518 -4365
7520 -6167
4492 -5111
6980 -3355
-726 6398
3852 -5749
9107 -2440
-3187 -463
7865 5470
966 -2920
