770
269 197
320 137
371 77
422 17
473 -43
366 -252
436 -186
506 -120
576 -54
646 12
-424 185
-410 136
-396 87
-382 38
-368 -11
-354 -60
-340 -109
-141 -422
-160 -335
-179 -248
-198 -161
-217 -74
-236 13
-255 100
-274 187
92 34
115 129
138 224
161 319
184 414
207 509
230 604
-127 -467
-99 -408
-71 -349
-43 -290
-15 -231
13 -172
41 -150
129 -113
217 -76
305 -39
393 -2
117 -122
212 -70
307 -18
402 34
497 86
592 138
687 190
477 337
499 246
521 155
543 64
565 -27
587 -118
609 -209
90 -218
78 -235
66 -252
54 -269
42 -286
30 -303
18 -320
457 -143
549 -189
641 -235
733 -281
825 -327
917 -373
1009 -419
1101 -465
1193 -511
-64 -226
31 -256
126 -286
221 -316
316 -346
411 -376
506 -406
601 -436
696 -466
-325 391
-393 402
-461 413
-529 424
-597 435
-665 446
162 64
209 7
256 -50
303 -107
350 -164
397 -221
414 -412
335 -315
256 -218
177 -121
98 -24
19 73
-60 170
-139 267
218 180
172 160
126 140
80 120
34 100
-12 80
-58 60
-104 40
-150 20
-196 0
-15 48
83 145
181 242
279 339
377 436
475 533
-147 469
-94 529
-41 589
12 649
65 709
118 769
171 829
224 889
277 949
172 -452
87 -401
2 -350
-83 -299
-168 -248
-253 -197
-338 -146
-423 -95
415 167
349 211
283 255
217 299
151 343
85 387
19 431
-47 475
-113 519
200 227
250 311
300 395
350 479
400 563
80 449
-12 430
-104 411
-196 392
-288 373
-249 1
-234 -81
-219 -163
-204 -245
-189 -327
-174 -409
-159 -491
-144 -573
-129 -655
-114 -737
-334 60
-260 47
-186 34
-112 21
-38 8
36 -5
110 -18
184 -31
258 -44
332 -57
117 108
169 194
221 280
273 366
325 452
377 538
429 624
481 710
-274 281
-243 256
-212 231
-181 206
-150 181
-119 156
-88 131
-194 -109
-95 -163
4 -217
103 -271
202 -325
301 -379
121 351
164 351
207 351
250 351
293 351
336 351
469 -408
520 -476
571 -544
622 -612
673 -680
724 -748
257 -214
290 -181
323 -148
356 -115
389 -82
382 -140
367 -126
352 -112
337 -98
322 -84
307 -70
292 -56
277 -42
262 -28
247 -14
-426 174
-460 77
-494 -20
-528 -117
-562 -214
-596 -311
-630 -408
-664 -505
-176 -115
-256 -114
-336 -113
-416 -112
-496 -111
-576 -110
-656 -109
-736 -108
-816 -107
-896 -106
240 -111
313 -204
386 -297
459 -390
532 -483
605 -576
678 -669
-434 -367
-400 -355
-366 -343
-332 -331
-298 -319
-264 -307
-230 -295
-196 -283
-162 -271
-128 -259
115 56
86 16
57 -24
28 -64
-1 -104
-30 -144
-59 -184
-88 -224
-117 -264
-146 -304
-186 361
-99 311
-12 261
75 211
162 161
249 111
336 61
423 11
510 -39
-455 -198
-490 -101
-525 -4
-560 93
-595 190
-630 287
-665 384
-700 481
-735 578
-770 675
-424 20
-518 -49
-612 -118
-706 -187
-800 -256
-894 -325
-988 -394
-1082 -463
-1176 -532
-1270 -601
133 -311
125 -265
117 -219
109 -173
101 -127
93 -81
85 -35
77 11
69 57
61 103
-3 -460
2 -467
7 -474
12 -481
17 -488
22 -495
27 -502
32 -509
37 -516
42 -523
-222 378
-155 371
-88 364
-21 357
46 350
113 343
436 -452
389 -465
342 -478
295 -491
248 -504
201 -517
154 -530
107 -543
60 -556
52 183
-28 234
-108 285
-188 336
-268 387
-348 438
-428 489
-508 540
-390 -6
-311 50
-232 106
-153 162
-74 218
5 274
84 330
163 386
242 442
321 498
466 -200
513 -271
560 -342
607 -413
654 -484
-440 292
-384 318
-328 344
-272 370
-216 396
-160 422
-104 448
-48 474
-421 -329
-518 -420
-615 -511
-712 -602
-809 -693
-906 -784
-1003 -875
-52 149
-17 188
18 227
53 266
88 305
123 344
158 383
193 422
228 461
81 44
29 127
-23 210
-75 293
-127 376
-179 459
-231 542
-283 625
-335 708
-182 495
-199 570
-216 645
-233 720
-250 795
138 -33
86 22
34 77
-18 132
-70 187
-122 242
-174 297
-226 352
-202 -432
-276 -526
-350 -620
-424 -714
-498 -808
-572 -902
-646 -996
-720 -1090
332 -229
320 -254
308 -279
296 -304
284 -329
272 -354
-105 53
-176 48
-247 43
-318 38
-389 33
-460 28
-531 23
-602 18
-673 13
-744 8
-396 168
-418 244
-440 320
-462 396
-484 472
-506 548
-528 624
-3 -330
-55 -343
-107 -356
-159 -369
-211 -382
-263 -395
-315 -408
-367 -421
-419 -434
-471 -447
350 -262
427 -339
504 -416
581 -493
658 -570
735 -647
812 -724
889 -801
966 -878
1043 -955
-444 -203
-354 -185
-264 -167
-174 -149
-84 -131
6 -113
96 -95
-138 144
-159 80
-180 16
-201 -48
-222 -112
-243 -176
52 325
84 361
116 397
148 433
180 469
14 458
63 558
112 658
161 758
210 858
259 958
210 -40
304 -116
398 -192
492 -268
586 -344
680 -420
774 -496
868 -572
-396 294
-311 345
-226 396
-141 447
-56 498
29 549
114 600
199 651
336 263
346 347
356 431
366 515
376 599
386 683
396 767
406 851
416 935
426 1019
-216 278
-126 205
-36 132
54 59
144 -14
234 -87
324 -160
414 -233
504 -306
594 -379
133 421
129 405
125 389
121 373
117 357
113 341
109 325
-45 -71
11 -68
67 -65
123 -62
179 -59
235 -56
291 -53
-43 -347
29 -393
101 -439
173 -485
245 -531
317 -577
389 -623
461 -669
533 -715
605 -761
-62 -95
6 -11
74 73
142 157
210 241
278 325
346 409
414 493
-352 418
-376 344
-400 270
-424 196
-448 122
-472 48
-496 -26
-478 468
-474 431
-470 394
-466 357
-462 320
-458 283
-454 246
-450 209
-446 172
-454 -317
-464 -278
-474 -239
-484 -200
-494 -161
365 2
401 102
437 202
473 302
509 402
545 502
581 602
617 702
653 802
689 902
-212 -214
-276 -283
-340 -352
-404 -421
-468 -490
-532 -559
-596 -628
-404 -323
-326 -341
-248 -359
-170 -377
-92 -395
-14 -413
64 -431
142 -449
-486 -95
-401 -59
-316 -23
-231 13
-146 49
-61 85
24 121
109 157
194 193
155 131
209 36
263 -59
317 -154
371 -249
425 -344
479 -439
533 -534
587 -629
641 -724
270 3
231 18
192 33
153 48
114 63
75 78
36 93
-3 108
-42 123
-81 138
-259 -263
-289 -330
-319 -397
-349 -464
-379 -531
-409 -598
136 -256
115 -256
94 -256
73 -256
52 -256
-176 51
-276 56
-376 61
-476 66
-576 71
-676 76
-776 81
237 94
236 124
235 154
234 184
233 214
232 244
231 274
-231 328
-319 368
-407 408
-495 448
-583 488
72 455
93 364
114 273
135 182
156 91
4 410
7 509
10 608
13 707
16 806
19 905
-109 -405
-152 -502
-195 -599
-238 -696
-281 -793
-324 -890
-367 -987
-410 -1084
-453 -1181
369 -17
431 -73
493 -129
555 -185
617 -241
679 -297
741 -353
803 -409
865 -465
95 366
79 399
63 432
47 465
31 498
15 531
-1 564
-17 597
-33 630
-49 663
466 21
539 -19
612 -59
685 -99
758 -139
831 -179
904 -219
-457 -156
-481 -250
-505 -344
-529 -438
-553 -532
-577 -626
-404 -367
-385 -326
-366 -285
-347 -244
-328 -203
-309 -162
-290 -121
-271 -80
-252 -39
-154 -46
-89 -58
-24 -70
41 -82
106 -94
171 -106
236 -118
301 -130
366 -142
431 -154
-161 -33
-154 -93
-147 -153
-140 -213
-133 -273
-126 -333
-119 -393
-112 -453
-105 -513
-40 -50
-129 -139
-218 -228
-307 -317
-396 -406
-485 -495
485 -299
547 -369
609 -439
671 -509
733 -579
795 -649
857 -719
42 -482
-14 -448
-70 -414
-126 -380
-182 -346
-238 -312
-294 -278
-350 -244
-224 -200
-277 -299
-330 -398
-383 -497
-436 -596
-489 -695
-542 -794
-595 -893
-648 -992
-378 -23
-434 -53
-490 -83
-546 -113
-602 -143
-658 -173
300 -270
246 -274
192 -278
138 -282
84 -286
30 -290
