749
-1458 2015
-2034 4104
-2610 6193
-3186 8282
-3762 10371
-4338 12460
-4914 14549
-5490 16638
-6066 18727
-6642 20816
-7218 22905
-7794 24994
-8370 27083
-8946 29172
-9522 31261
-10098 33350
-10674 35439
-11250 37528
-11826 39617
-12402 41706
-12978 43795
-13554 45884
-14130 47973
-14706 50062
-15282 52151
-15858 54240
-16434 56329
-17010 58418
-17586 60507
-18162 62596
-18738 64685
-19314 66774
-19890 68863
-20466 70952
-21042 73041
-21618 75130
-22194 77219
-22770 79308
-23346 81397
-23922 83486
-24498 85575
-25074 87664
-25650 89753
-26226 91842
-26802 93931
-27378 96020
-27954 98109
-28530 100198
-29106 102287
-29682 104376
-30258 106465
-30834 108554
-31410 110643
-31986 112732
-32562 114821
-33138 116910
-33714 118999
-34290 121088
-34866 123177
-35442 125266
-36018 127355
-36594 129444
-37170 131533
-37746 133622
-38322 135711
-38898 137800
-39474 139889
-40050 141978
-40626 144067
-41202 146156
-41778 148245
-42354 150334
-42930 152423
-43506 154512
-44082 156601
-44658 158690
-45234 160779
-45810 162868
-46386 164957
-46962 167046
-47538 169135
-48114 171224
-48690 173313
-49266 175402
-49842 177491
-50418 179580
-50994 181669
-51570 183758
-52146 185847
-52722 187936
-53298 190025
-53874 192114
-54450 194203
-55026 196292
-55602 198381
-56178 200470
-56754 202559
-57330 204648
-57906 206737
-58482 208826
-59058 210915
-59634 213004
-60210 215093
-60786 217182
-61362 219271
-61938 221360
-62514 223449
-63090 225538
-63666 227627
-64242 229716
-64818 231805
-65394 233894
-65970 235983
-66546 238072
-67122 240161
-67698 242250
-68274 244339
-68850 246428
-69426 248517
-70002 250606
-70578 252695
-71154 254784
-71730 256873
-72306 258962
-72882 261051
-73458 263140
-74034 265229
-74610 267318
-75186 269407
-75762 271496
-76338 273585
-76914 275674
-77490 277763
-78066 279852
-78642 281941
-79218 284030
-79794 286119
-80370 288208
-80946 290297
-81522 292386
-82098 294475
-82674 296564
-83250 298653
-83826 300742
-84402 302831
-84978 304920
-85554 307009
-86130 309098
-86706 311187
-87282 313276
-87858 315365
-88434 317454
-89010 319543
-89586 321632
-90162 323721
-90738 325810
-91314 327899
-91890 329988
-92466 332077
-93042 334166
-93618 336255
-94194 338344
-94770 340433
-95346 342522
-95922 344611
-96498 346700
-97074 348789
-97650 350878
-98226 352967
-98802 355056
-99378 357145
-99954 359234
-100530 361323
-101106 363412
-101682 365501
-102258 367590
-102834 369679
-103410 371768
-103986 373857
-104562 375946
-105138 378035
-105714 380124
-106290 382213
-106866 384302
-107442 386391
-108018 388480
-108594 390569
-109170 392658
-109746 394747
-110322 396836
1657 -2558
236 797
-1185 4152
-2606 7507
-4027 10862
-5448 14217
-6869 17572
-8290 20927
-9711 24282
-11132 27637
-12553 30992
-13974 34347
-15395 37702
-16816 41057
-18237 44412
-19658 47767
-21079 51122
-22500 54477
-23921 57832
-25342 61187
-26763 64542
-28184 67897
-29605 71252
-31026 74607
-32447 77962
-33868 81317
-35289 84672
-36710 88027
-38131 91382
-39552 94737
-40973 98092
-42394 101447
-43815 104802
-45236 108157
-46657 111512
-48078 114867
-49499 118222
-50920 121577
-52341 124932
-53762 128287
-55183 131642
-56604 134997
-58025 138352
-59446 141707
-60867 145062
-62288 148417
-63709 151772
-65130 155127
-66551 158482
-67972 161837
-69393 165192
-70814 168547
-72235 171902
-73656 175257
-75077 178612
-76498 181967
-77919 185322
-79340 188677
-80761 192032
-82182 195387
-83603 198742
-85024 202097
-86445 205452
-87866 208807
-89287 212162
-90708 215517
-92129 218872
-93550 222227
-94971 225582
-96392 228937
-97813 232292
-99234 235647
-100655 239002
-102076 242357
-103497 245712
-104918 249067
-106339 252422
-107760 255777
-109181 259132
-110602 262487
-112023 265842
-113444 269197
-114865 272552
-116286 275907
-117707 279262
-119128 282617
-120549 285972
-121970 289327
-123391 292682
-124812 296037
-126233 299392
-127654 302747
-129075 306102
-130496 309457
-131917 312812
-133338 316167
-134759 319522
-136180 322877
-137601 326232
-139022 329587
-140443 332942
-141864 336297
-143285 339652
-144706 343007
-146127 346362
-147548 349717
-148969 353072
-150390 356427
-151811 359782
-153232 363137
-154653 366492
-156074 369847
-157495 373202
-158916 376557
-160337 379912
-161758 383267
-163179 386622
-164600 389977
-166021 393332
-167442 396687
-168863 400042
-170284 403397
-171705 406752
-173126 410107
-174547 413462
-175968 416817
-177389 420172
-178810 423527
-180231 426882
-181652 430237
-183073 433592
-184494 436947
-185915 440302
-187336 443657
-188757 447012
-190178 450367
-191599 453722
-193020 457077
-194441 460432
-195862 463787
-197283 467142
-198704 470497
-200125 473852
-201546 477207
-202967 480562
-204388 483917
-205809 487272
-207230 490627
-208651 493982
-210072 497337
-211493 500692
-212914 504047
-214335 507402
-215756 510757
3622 -4661
457 -13482
-2708 -22303
-5873 -31124
-9038 -39945
-12203 -48766
-15368 -57587
-18533 -66408
-21698 -75229
-24863 -84050
-28028 -92871
-31193 -101692
-34358 -110513
-37523 -119334
-40688 -128155
-43853 -136976
-47018 -145797
-50183 -154618
-53348 -163439
-56513 -172260
-59678 -181081
-62843 -189902
-66008 -198723
-69173 -207544
-72338 -216365
-75503 -225186
-78668 -234007
-81833 -242828
-84998 -251649
-88163 -260470
-91328 -269291
-94493 -278112
-97658 -286933
-100823 -295754
-103988 -304575
-107153 -313396
-110318 -322217
-113483 -331038
-116648 -339859
-119813 -348680
-122978 -357501
-126143 -366322
-129308 -375143
-132473 -383964
-135638 -392785
-138803 -401606
-141968 -410427
-145133 -419248
-148298 -428069
-151463 -436890
-154628 -445711
-157793 -454532
-160958 -463353
-164123 -472174
-167288 -480995
-170453 -489816
-173618 -498637
-176783 -507458
-179948 -516279
-183113 -525100
-186278 -533921
-189443 -542742
-192608 -551563
-195773 -560384
-198938 -569205
-202103 -578026
-205268 -586847
-208433 -595668
-211598 -604489
-214763 -613310
-217928 -622131
-221093 -630952
-224258 -639773
-227423 -648594
-230588 -657415
-233753 -666236
-236918 -675057
-240083 -683878
-243248 -692699
-246413 -701520
-249578 -710341
-252743 -719162
-255908 -727983
-259073 -736804
-262238 -745625
-265403 -754446
-268568 -763267
-271733 -772088
-274898 -780909
-278063 -789730
-281228 -798551
-284393 -807372
-287558 -816193
-290723 -825014
-293888 -833835
-297053 -842656
-300218 -851477
-303383 -860298
-306548 -869119
-309713 -877940
-312878 -886761
-316043 -895582
-319208 -904403
-322373 -913224
-325538 -922045
-328703 -930866
-331868 -939687
-335033 -948508
-338198 -957329
-341363 -966150
-344528 -974971
-347693 -983792
-350858 -992613
-354023 -1001434
-357188 -1010255
-360353 -1019076
-363518 -1027897
-366683 -1036718
-369848 -1045539
-373013 -1054360
-376178 -1063181
-379343 -1072002
-382508 -1080823
-385673 -1089644
-388838 -1098465
-392003 -1107286
-395168 -1116107
-398333 -1124928
-401498 -1133749
-404663 -1142570
-407828 -1151391
-410993 -1160212
-414158 -1169033
-417323 -1177854
-420488 -1186675
-423653 -1195496
-426818 -1204317
-429983 -1213138
-433148 -1221959
-436313 -1230780
-439478 -1239601
-442643 -1248422
-445808 -1257243
-448973 -1266064
-452138 -1274885
2488 -2976
11128 1224
19768 5424
28408 9624
37048 13824
45688 18024
54328 22224
62968 26424
71608 30624
80248 34824
88888 39024
97528 43224
106168 47424
114808 51624
123448 55824
132088 60024
140728 64224
149368 68424
158008 72624
166648 76824
175288 81024
183928 85224
192568 89424
201208 93624
209848 97824
218488 102024
227128 106224
235768 110424
244408 114624
253048 118824
261688 123024
270328 127224
278968 131424
287608 135624
296248 139824
304888 144024
313528 148224
322168 152424
330808 156624
339448 160824
348088 165024
356728 169224
365368 173424
374008 177624
382648 181824
391288 186024
399928 190224
408568 194424
417208 198624
425848 202824
434488 207024
443128 211224
451768 215424
460408 219624
469048 223824
477688 228024
486328 232224
494968 236424
503608 240624
512248 244824
520888 249024
529528 253224
538168 257424
546808 261624
555448 265824
564088 270024
572728 274224
581368 278424
590008 282624
598648 286824
607288 291024
615928 295224
624568 299424
633208 303624
641848 307824
650488 312024
659128 316224
667768 320424
676408 324624
685048 328824
693688 333024
702328 337224
710968 341424
719608 345624
728248 349824
736888 354024
745528 358224
754168 362424
762808 366624
771448 370824
780088 375024
788728 379224
797368 383424
806008 387624
814648 391824
823288 396024
831928 400224
840568 404424
849208 408624
857848 412824
866488 417024
875128 421224
883768 425424
892408 429624
901048 433824
909688 438024
918328 442224
926968 446424
935608 450624
944248 454824
952888 459024
961528 463224
970168 467424
978808 471624
987448 475824
996088 480024
1004728 484224
1013368 488424
1022008 492624
1030648 496824
1039288 501024
1047928 505224
1056568 509424
1065208 513624
1073848 517824
1082488 522024
1091128 526224
1099768 530424
1108408 534624
1117048 538824
1125688 543024
1134328 547224
1142968 551424
1151608 555624
1160248 559824
1168888 564024
1177528 568224
1186168 572424
1194808 576624
1203448 580824
1212088 585024
1220728 589224
1229368 593424
1238008 597624
1246648 601824
1255288 606024
1263928 610224
1272568 614424
1281208 618624
1289848 622824
1298488 627024
1307128 631224
-3788 -3637
1098 5353
5984 14343
10870 23333
15756 32323
20642 41313
25528 50303
30414 59293
35300 68283
40186 77273
45072 86263
49958 95253
54844 104243
59730 113233
64616 122223
69502 131213
74388 140203
79274 149193
84160 158183
89046 167173
93932 176163
98818 185153
103704 194143
108590 203133
113476 212123
118362 221113
123248 230103
128134 239093
133020 248083
137906 257073
142792 266063
147678 275053
152564 284043
157450 293033
162336 302023
167222 311013
172108 320003
176994 328993
181880 337983
186766 346973
191652 355963
196538 364953
201424 373943
206310 382933
211196 391923
216082 400913
220968 409903
225854 418893
230740 427883
235626 436873
240512 445863
245398 454853
250284 463843
255170 472833
260056 481823
264942 490813
269828 499803
274714 508793
279600 517783
284486 526773
289372 535763
294258 544753
299144 553743
304030 562733
308916 571723
313802 580713
318688 589703
323574 598693
328460 607683
333346 616673
338232 625663
343118 634653
348004 643643
352890 652633
357776 661623
362662 670613
367548 679603
372434 688593
377320 697583
382206 706573
387092 715563
391978 724553
396864 733543
401750 742533
406636 751523
411522 760513
416408 769503
421294 778493
426180 787483
431066 796473
435952 805463
440838 814453
445724 823443
450610 832433
455496 841423
460382 850413
465268 859403
470154 868393
475040 877383
479926 886373
484812 895363
489698 904353
494584 913343
499470 922333
504356 931323
509242 940313
514128 949303
519014 958293
