759
4812 -4728
3514 2536
2216 9800
918 17064
-380 24328
-1678 31592
-2976 38856
-4173 -3329
5040 -11505
14253 -19681
23466 -27857
32679 -36033
-4864 1132
3368 -7733
11600 -16598
19832 -25463
28064 -34328
36296 -43193
-3534 1250
-510 9968
2514 18686
5538 27404
8562 36122
11586 44840
14610 53558
17634 62276
-3788 -3872
-10668 -3342
-17548 -2812
-24428 -2282
-31308 -1752
-38188 -1222
-45068 -692
-51948 -162
4149 1616
-1658 -7235
-7465 -16086
-13272 -24937
-19079 -33788
-24886 -42639
-2751 1224
-1775 745
-799 266
177 -213
1153 -692
2129 -1171
-80 2026
8352 -5037
16784 -12100
25216 -19163
33648 -26226
42080 -33289
50512 -40352
-4361 2464
578 2565
5517 2666
10456 2767
15395 2868
20334 2969
25273 3070
30212 3171
1081 3898
9857 12596
18633 21294
27409 29992
36185 38690
44961 47388
53737 56086
62513 64784
71289 73482
1281 4288
-6428 5346
-14137 6404
-21846 7462
-29555 8520
-37264 9578
-44973 10636
-52682 11694
-60391 12752
-68100 13810
-2156 2465
-4486 -174
-6816 -2813
-9146 -5452
-11476 -8091
-13806 -10730
-16136 -13369
-554 2120
-10534 3592
-20514 5064
-30494 6536
-40474 8008
-91 -2430
-2600 -3541
-5109 -4652
-7618 -5763
-10127 -6874
236 260
8204 6729
16172 13198
24140 19667
32108 26136
40076 32605
48044 39074
56012 45543
63980 52012
71948 58481
-2662 1463
-4298 10912
-5934 20361
-7570 29810
-9206 39259
-1410 -3463
-2466 2816
-3522 9095
-4578 15374
-5634 21653
-6690 27932
-7746 34211
-8802 40490
-9858 46769
-10914 53048
-4380 -1650
-8944 -381
-13508 888
-18072 2157
-22636 3426
-27200 4695
-3207 -4028
-11857 -4561
-20507 -5094
-29157 -5627
-37807 -6160
-46457 -6693
-55107 -7226
-63757 -7759
-72407 -8292
-81057 -8825
-3145 -1348
-4644 -348
-6143 652
-7642 1652
-9141 2652
-10640 3652
-12139 4652
-13638 5652
-15137 6652
-16636 7652
2959 -4670
7074 -2240
11189 190
15304 2620
19419 5050
23534 7480
27649 9910
31764 12340
35879 14770
1218 4805
4627 1210
8036 -2385
11445 -5980
14854 -9575
4447 -622
-5157 2659
-14761 5940
-24365 9221
-33969 12502
-43573 15783
-53177 19064
4496 910
13184 6932
21872 12954
30560 18976
39248 24998
47936 31020
56624 37042
3772 -2575
7007 4912
10242 12399
13477 19886
16712 27373
1946 -4308
-2008 -10233
-5962 -16158
-9916 -22083
-13870 -28008
-17824 -33933
-21778 -39858
-25732 -45783
1421 4645
-8461 6790
-18343 8935
-28225 11080
-38107 13225
-47989 15370
-4131 4814
-3738 6503
-3345 8192
-2952 9881
-2559 11570
-2166 13259
-1773 14948
-1380 16637
-625 3154
-4544 11503
-8463 19852
-12382 28201
-16301 36550
-20220 44899
-24139 53248
-28058 61597
3196 -1307
7586 3970
11976 9247
16366 14524
20756 19801
25146 25078
29536 30355
33926 35632
4460 -2079
7631 -11523
10802 -20967
13973 -30411
17144 -39855
20315 -49299
23486 -58743
26657 -68187
-4467 3842
2261 8739
8989 13636
15717 18533
22445 23430
29173 28327
35901 33224
66 4855
-2646 6135
-5358 7415
-8070 8695
-10782 9975
-13494 11255
-16206 12535
-18918 13815
-21630 15095
-24342 16375
1137 1457
8426 1486
15715 1515
23004 1544
30293 1573
37582 1602
-3509 -2593
294 -7819
4097 -13045
7900 -18271
11703 -23497
15506 -28723
19309 -33949
23112 -39175
26915 -44401
30718 -49627
-1881 -2643
2217 -2064
6315 -1485
10413 -906
14511 -327
18609 252
-2475 3186
-3514 11847
-4553 20508
-5592 29169
-6631 37830
-7670 46491
-8709 55152
-9748 63813
284 -3399
-3108 -9870
-6500 -16341
-9892 -22812
-13284 -29283
-16676 -35754
-20068 -42225
-23460 -48696
-528 4913
1940 2371
4408 -171
6876 -2713
9344 -5255
3964 -3993
-3643 -2895
-11250 -1797
-18857 -699
-26464 399
263 -3067
2727 -9603
5191 -16139
7655 -22675
10119 -29211
12583 -35747
15047 -42283
-1090 1444
1176 2328
3442 3212
5708 4096
7974 4980
10240 5864
12506 6748
3602 4292
7603 11856
11604 19420
15605 26984
19606 34548
23607 42112
27608 49676
31609 57240
35610 64804
3395 -4873
4758 -3709
6121 -2545
7484 -1381
8847 -217
10210 947
11573 2111
12936 3275
-4369 -4915
4991 4576
14351 14067
23711 23558
33071 33049
42431 42540
1047 132
1368 -2807
1689 -5746
2010 -8685
2331 -11624
2652 -14563
2973 -17502
3231 -2598
9347 7202
15463 17002
21579 26802
27695 36602
33811 46402
-294 -1783
-3889 -8679
-7484 -15575
-11079 -22471
-14674 -29367
-18269 -36263
-21864 -43159
-25459 -50055
-29054 -56951
-4341 -4164
-14283 -5873
-24225 -7582
-34167 -9291
-44109 -11000
-54051 -12709
-63993 -14418
690 198
-5783 1114
-12256 2030
-18729 2946
-25202 3862
-31675 4778
-38148 5694
-44621 6610
-51094 7526
-57567 8442
1775 -2582
3205 6146
4635 14874
6065 23602
7495 32330
8925 41058
10355 49786
11785 58514
1373 251
5580 4600
9787 8949
13994 13298
18201 17647
22408 21996
4261 3837
8293 5347
12325 6857
16357 8367
20389 9877
4881 -2941
-2253 976
-9387 4893
-16521 8810
-23655 12727
-30789 16644
3405 481
-6433 -5538
-16271 -11557
-26109 -17576
-35947 -23595
-45785 -29614
-55623 -35633
-65461 -41652
4036 -3176
9207 4302
14378 11780
19549 19258
24720 26736
29891 34214
35062 41692
4698 4922
-4952 -556
-14602 -6034
-24252 -11512
-33902 -16990
-43552 -22468
-53202 -27946
-62852 -33424
-72502 -38902
-82152 -44380
3651 -4939
5395 -11848
7139 -18757
8883 -25666
10627 -32575
12371 -39484
-3638 -2533
1892 -10815
7422 -19097
12952 -27379
18482 -35661
745 -1948
3803 125
6861 2198
9919 4271
12977 6344
16035 8417
19093 10490
22151 12563
25209 14636
3161 -4047
4589 -9814
6017 -15581
7445 -21348
8873 -27115
10301 -32882
11729 -38649
13157 -44416
14585 -50183
2483 -873
2317 -3667
2151 -6461
1985 -9255
1819 -12049
1653 -14843
1487 -17637
1321 -20431
-3823 -4877
-7994 2101
-12165 9079
-16336 16057
-20507 23035
-24678 30013
-28849 36991
3406 -2486
8377 -4054
13348 -5622
18319 -7190
23290 -8758
28261 -10326
33232 -11894
38203 -13462
43174 -15030
48145 -16598
-859 1569
1473 -7905
3805 -17379
6137 -26853
8469 -36327
-946 -966
-609 6590
-272 14146
65 21702
402 29258
739 36814
-3212 -3546
4327 -1388
11866 770
19405 2928
26944 5086
34483 7244
42022 9402
-92 4887
8270 72
16632 -4743
24994 -9558
33356 -14373
41718 -19188
50080 -24003
58442 -28818
66804 -33633
-4908 -3089
-7172 -2932
-9436 -2775
-11700 -2618
-13964 -2461
-16228 -2304
-18492 -2147
-20756 -1990
-23020 -1833
-3587 -4191
-8658 -7249
-13729 -10307
-18800 -13365
-23871 -16423
-28942 -19481
-34013 -22539
-39084 -25597
-44155 -28655
2407 440
5369 8372
8331 16304
11293 24236
14255 32168
-3265 4647
-11421 558
-19577 -3531
-27733 -7620
-35889 -11709
-44045 -15798
-52201 -19887
-60357 -23976
-68513 -28065
-76669 -32154
-1476 -2459
-11311 1242
-21146 4943
-30981 8644
-40816 12345
-50651 16046
-60486 19747
-70321 23448
-80156 27149
-89991 30850
-3690 -1705
-4386 -4783
-5082 -7861
-5778 -10939
-6474 -14017
-7170 -17095
-7866 -20173
-8562 -23251
-9258 -26329
-9954 -29407
-3547 -1127
-3407 3447
-3267 8021
-3127 12595
-2987 17169
-2847 21743
-2707 26317
-2567 30891
633 2981
3243 11019
5853 19057
8463 27095
11073 35133
13683 43171
16293 51209
18903 59247
21513 67285
24123 75323
-3750 466
-5571 -5975
-7392 -12416
-9213 -18857
-11034 -25298
-12855 -31739
-14676 -38180
-16497 -44621
-18318 -51062
-1770 -3576
4773 1323
11316 6222
17859 11121
24402 16020
30945 20919
115 -774
1524 1587
2933 3948
4342 6309
5751 8670
7160 11031
8569 13392
9978 15753
11387 18114
12796 20475
1086 -2467
9077 -5015
17068 -7563
25059 -10111
33050 -12659
41041 -15207
49032 -17755
2737 779
9777 -6889
16817 -14557
23857 -22225
30897 -29893
37937 -37561
44977 -45229
52017 -52897
2760 404
12716 -6353
22672 -13110
32628 -19867
42584 -26624
52540 -33381
62496 -40138
72452 -46895
-765 -4832
9043 -12513
18851 -20194
28659 -27875
38467 -35556
48275 -43237
58083 -50918
67891 -58599
1771 -4965
7042 -2217
12313 531
17584 3279
22855 6027
28126 8775
33397 11523
38668 14271
43939 17019
49210 19767
-4418 -3279
-2837 3701
-1256 10681
325 17661
1906 24641
3487 31621
5068 38601
6649 45581
8230 52561
9811 59541
-3571 4023
-827 10451
1917 16879
4661 23307
7405 29735
10149 36163
12893 42591
15637 49019
18381 55447
-2892 -2357
-7871 -3684
-12850 -5011
-17829 -6338
-22808 -7665
-27787 -8992
-3319 -2634
286 -461
3891 1712
7496 3885
11101 6058
14706 8231
18311 10404
-820 -1739
-7877 -3223
-14934 -4707
-21991 -6191
-29048 -7675
-36105 -9159
-43162 -10643
-50219 -12127
930 1224
7759 8037
14588 14850
21417 21663
28246 28476
4073 3918
12727 3770
21381 3622
30035 3474
38689 3326
47343 3178
55997 3030
64651 2882
73305 2734
81959 2586
1028 -1353
4145 -5738
7262 -10123
10379 -14508
13496 -18893
-1823 617
-5220 1683
-8617 2749
-12014 3815
-15411 4881
-18808 5947
-22205 7013
-4110 -4151
5049 5187
14208 14525
23367 23863
32526 33201
41685 42539
50844 51877
60003 61215
-3248 -2964
-8335 -12194
-13422 -21424
-18509 -30654
-23596 -39884
-28683 -49114
-33770 -58344
-38857 -67574
-43944 -76804
3963 -35
13802 -8223
23641 -16411
33480 -24599
43319 -32787
53158 -40975
62997 -49163
-1745 4910
-9279 3041
-16813 1172
-24347 -697
-31881 -2566
-39415 -4435
-46949 -6304
-54483 -8173
-62017 -10042
-2781 2500
-7623 2281
-12465 2062
-17307 1843
-22149 1624
-26991 1405
-31833 1186
-36675 967
51 -2424
5791 6313
11531 15050
17271 23787
23011 32524
28751 41261
34491 49998
40231 58735
-1814 -4065
2630 -2833
7074 -1601
11518 -369
15962 863
20406 2095
24850 3327
