795
500 -272
550 -182
528 -267
449 -178
471 -176
416 -210
441 -117
359 -124
394 -238
445 -250
355 -291
522 -166
358 -124
458 -243
467 -180
452 -217
-345 345
-371 353
-425 242
-469 232
-518 214
-406 283
-345 321
-447 308
-365 352
-399 275
-365 346
-345 328
-456 286
-474 235
-481 406
-486 388
-447 226
-418 309
245 102
227 -1
343 83
204 26
264 92
334 82
350 89
369 144
283 17
338 68
256 114
329 157
321 47
204 138
220 21
303 79
375 -506
298 -558
411 -362
318 -515
402 -442
350 -440
274 -389
372 -517
326 -499
445 -473
425 -490
449 -550
270 -543
278 -479
321 -373
119 200
146 212
251 285
232 373
93 368
275 353
115 379
232 228
165 208
103 206
108 243
130 251
238 217
213 243
161 386
224 329
154 202
181 352
241 214
279 366
63 -345
99 -393
117 -423
128 -313
-22 -343
133 -492
17 -391
70 -449
130 -409
-3 -439
130 -322
21 -408
78 -393
-256 -325
-289 -187
-252 -347
-256 -247
-328 -302
-354 -265
-234 -320
-207 -267
-376 -230
-311 -228
-220 -190
-202 -236
-340 -237
-186 -183
-283 -262
475 -265
340 -279
347 -191
350 -188
339 -253
438 -329
318 -211
360 -253
448 -224
485 -178
346 -182
418 -173
276 21
153 19
227 13
202 -19
254 123
224 84
218 -67
169 97
142 -3
222 79
149 84
148 -27
285 -28
258 -13
-486 267
-431 268
-320 244
-319 348
-447 273
-396 318
-388 343
-345 238
-429 207
-394 223
-495 283
-392 297
-455 274
-397 215
-459 300
-398 -74
-520 -137
-469 -109
-549 -86
-359 -123
-378 -180
-369 -155
-390 -106
-385 -108
-557 -99
-416 -56
-467 -238
-521 -86
-492 -187
-401 -104
-463 -147
-464 -190
485 564
327 485
352 382
395 519
390 422
373 457
425 471
449 444
428 548
299 397
-76 376
-35 526
-96 514
95 440
8 485
33 524
-1 552
-14 527
20 384
-36 431
55 409
48 374
-98 477
18 556
414 -262
331 -161
276 -195
305 -78
227 -225
390 -271
258 -237
398 -148
352 -201
366 -140
284 -94
286 -145
354 -204
375 -116
373 -251
-28 -470
98 -401
75 -466
65 -523
84 -521
-76 -528
-84 -412
33 -425
77 -478
-66 -475
-29 -516
4 -539
-20 -455
-82 -440
-66 -508
64 -536
-43 -377
-65 78
-209 54
-196 -1
-239 6
-186 24
-184 39
-124 24
-219 64
-111 33
-69 40
-232 48
-174 16
-232 10
-203 110
-171 66
-42 -59
-139 -27
-46 36
-163 -34
-162 9
-142 13
370 -524
269 -450
257 -543
223 -382
269 -508
275 -392
256 -446
403 -481
310 -469
354 -439
377 -449
295 -493
386 -425
337 -455
361 -554
352 -470
289 -460
308 561
339 526
311 423
230 428
391 470
268 553
370 497
353 465
326 492
292 513
251 387
317 424
389 408
211 497
262 514
223 474
354 498
305 465
-492 550
-517 549
-516 450
-455 414
-546 413
-579 595
-523 444
-444 472
-392 553
-507 482
-397 534
-570 402
-583 496
-581 494
-438 445
-537 484
-450 553
-584 524
212 -514
391 -393
291 -561
321 -477
371 -450
360 -557
250 -390
251 -380
222 -454
260 -512
319 -547
316 -414
357 -563
342 -489
237 -468
292 -480
-258 -271
-333 -246
-260 -314
-208 -383
-328 -266
-298 -265
-188 -349
-325 -323
-219 -236
-257 -368
-260 -352
-351 -360
-364 -239
270 -305
315 -449
294 -385
218 -368
378 -305
305 -474
390 -485
261 -420
206 -390
297 -470
384 -367
295 -498
304 -324
376 -341
288 -489
260 -455
208 -314
216 -423
256 -417
276 -524
322 -475
264 -538
292 -552
196 -479
288 -522
174 -431
350 -402
179 -510
258 -426
262 -491
6 -176
-29 -176
5 -192
-17 -161
-36 -193
11 -176
-40 -303
-31 -274
9 -227
-8 -142
105 -261
-34 -307
96 -231
-37 -193
-46 -126
108 -312
59 -223
15 -143
28 -215
475 -259
405 -257
457 -312
446 -322
471 -420
418 -394
455 -252
445 -339
445 -382
420 -273
446 -284
384 -394
324 -297
377 -330
-414 271
-446 349
-440 301
-292 287
-320 309
-317 173
-271 231
-346 251
-434 216
-304 341
-393 238
-430 302
-428 250
-320 198
-339 184
-104 543
-143 545
-236 570
-153 576
-243 439
-225 537
-138 409
-232 577
-177 499
-193 443
-129 572
-273 467
-110 574
-275 579
-269 532
-219 525
-278 551
-201 466
243 -153
344 -202
320 -193
192 -212
180 -207
345 -157
239 -233
301 -276
186 -251
149 -199
165 -319
317 -319
186 -146
299 -193
207 -189
305 -288
158 -173
-466 148
-507 51
-384 94
-441 182
-528 152
-425 179
-508 95
-469 -4
-385 20
-577 125
-461 181
-444 79
-531 185
-541 165
-436 52
-482 91
-415 -42
-322 14
-286 114
-451 -22
-361 40
-363 -30
-444 93
-351 -7
-380 -52
-354 37
-461 10
-339 89
-324 -7
-434 5
-416 8
-398 29
-350 -38
-428 108
326 -255
244 -311
228 -412
238 -301
278 -253
373 -358
248 -432
352 -273
289 -337
277 -313
390 -309
335 -290
338 -410
318 -252
228 -305
332 -307
359 -383
385 -392
387 -320
309 -338
167 347
214 465
166 443
192 369
266 428
181 408
244 395
234 436
117 364
182 395
108 401
202 459
256 404
92 408
193 447
148 377
192 365
36 -286
-43 -326
31 -298
122 -235
146 -356
2 -186
-31 -315
26 -320
-27 -351
97 -354
117 -237
139 -260
-13 -181
136 -246
149 -308
-27 -196
52 -265
-555 367
-395 442
-509 511
-494 380
-486 421
-540 321
-443 483
-401 409
-379 351
-482 356
-503 425
-374 413
-390 431
-502 406
-570 398
-541 486
276 404
458 364
342 307
361 367
385 316
419 434
361 299
435 455
279 362
424 448
372 473
455 370
351 427
437 419
456 491
417 366
419 372
527 15
359 -119
536 -30
359 -37
371 -88
480 51
361 18
457 -14
519 20
383 -108
439 -17
518 -74
403 53
498 -98
480 14
345 -6
428 71
441 -19
-49 160
-68 70
-110 87
-117 106
-114 151
-13 54
-115 76
69 122
-19 181
-128 79
-64 34
-54 155
60 155
28 66
-61 128
-64 123
-102 52
-100 211
327 87
176 132
369 135
249 212
263 181
243 230
369 224
219 131
314 224
224 153
214 118
310 215
268 193
207 232
264 206
-362 -172
-318 -56
-485 -27
-440 -104
-470 -169
-451 -43
-391 -116
-340 -104
-442 -159
-490 -120
-391 -175
-347 -101
-424 -56
-499 -69
-390 -85
-410 -98
-237 401
-427 291
-313 348
-322 368
-396 345
-325 414
-276 307
-344 467
-343 325
-396 466
-252 334
-428 419
-432 290
-242 400
-249 344
-279 470
-320 302
-283 354
-270 362
187 56
250 161
140 -15
176 121
235 43
179 171
118 20
113 6
117 2
118 105
245 139
274 -18
252 70
203 17
415 125
241 101
247 79
398 43
386 8
301 119
328 125
251 -17
372 12
351 35
200 447
222 492
142 522
123 376
145 549
110 423
274 511
195 478
276 433
175 419
235 456
272 557
107 479
191 492
203 398
193 476
452 503
376 546
432 500
539 433
420 439
462 404
437 539
431 460
369 551
438 552
512 452
512 523
346 522
407 475
483 497
432 415
443 490
467 558
412 513
354 469
442 463
-405 218
-495 88
-539 165
-374 159
-450 106
-497 204
-524 118
-402 212
-545 171
-382 212
-436 53
-508 197
-490 97
-412 181
-451 37
-463 119
53 -4
38 0
-36 49
-77 120
78 39
86 186
36 76
2 1
113 -3
87 82
14 94
338 529
337 555
491 516
451 392
292 521
444 532
354 488
340 549
428 477
393 420
409 548
328 586
417 542
484 400
446 507
388 394
401 561
391 491
-310 2
-469 -15
-384 -30
-360 36
-303 66
-466 -42
-373 -66
-464 34
-393 -121
-382 19
-317 -102
-287 -345
-397 -253
-269 -386
-304 -413
-381 -259
-373 -363
-299 -273
-409 -241
-389 -378
-232 -288
-302 -304
-315 -325
-50 129
-37 35
-5 109
74 193
95 140
23 206
6 51
28 192
-35 88
-63 144
108 37
4 42
-47 87
119 64
51 208
-57 162
