757
493 -199
419 -183
522 -221
371 -232
393 -226
453 -178
46 -162
-44 -211
61 -254
28 -169
12 -203
279 -557
371 -510
406 -552
465 -381
470 -399
-28 174
-118 -21
-57 89
-105 -18
-88 98
-48 178
-198 81
-80 31
-100 78
-332 19
-273 -55
-367 -20
-372 93
-288 -30
-380 33
-323 73
-420 92
-397 28
195 79
72 223
91 106
199 128
147 66
143 69
-166 300
-239 274
-181 396
-161 352
-105 350
-157 295
-106 264
-270 183
-281 254
-433 231
-345 285
-296 196
-385 128
-253 254
-361 199
58 345
31 489
83 392
19 381
68 520
-49 508
74 427
14 423
54 493
48 400
28 441
-133 369
-97 338
-129 457
-91 366
1 271
-12 348
-60 378
6 315
-111 455
-39 360
-217 -528
-315 -394
-198 -484
-316 -560
-199 -468
-113 371
-11 247
-117 213
-11 184
-136 298
-135 353
18 290
11 -274
-64 -284
-66 -186
-2 -356
-98 -356
-97 -263
-90 -191
-67 -338
-90 -234
-408 -114
-299 7
-245 -33
-253 -87
-391 -145
-329 -45
123 25
95 -61
195 -127
24 58
97 -72
139 -16
102 -35
34 -418
34 -383
27 -531
14 -497
-50 -399
99 -462
-85 -388
5 -550
-1 -473
17 511
2 409
101 446
33 437
125 365
-38 436
115 484
-257 -165
-261 -172
-169 -216
-260 -100
-259 -205
-183 -120
-203 -184
-183 -63
-177 -149
27 -454
-34 -580
-139 -554
-120 -417
29 -528
-16 -561
-42 -587
34 -429
420 -82
389 -110
243 -121
274 -130
283 -81
336 -110
-89 -270
-265 -283
-196 -257
-143 -284
-218 -288
-267 -173
-137 -109
-183 -155
-78 -299
-199 -254
-169 -201
136 432
119 377
121 344
-33 340
17 345
26 313
39 373
-28 150
-119 130
-152 90
-188 15
-164 48
-69 151
-84 85
-110 169
-60 152
-81 151
92 379
76 260
-3 260
-71 413
58 246
62 357
74 273
18 343
-317 157
-333 148
-329 129
-308 150
-187 67
-209 105
-446 48
-571 -76
-554 80
-444 82
-533 82
-493 -9
-330 50
-412 58
-267 74
-265 -66
-280 -13
-261 -158
-88 -188
-85 -121
-238 -26
-96 -18
-263 -104
-132 -20
-151 -144
-196 -132
398 386
459 426
447 510
442 405
392 425
393 422
419 488
447 385
485 444
-342 -469
-396 -472
-417 -336
-471 -325
-472 -340
359 -308
325 -321
357 -257
370 -354
349 -264
182 -338
365 -328
357 -343
311 -377
174 -423
271 -345
-331 247
-182 231
-164 227
-325 213
-196 205
-204 259
-347 163
-271 109
-246 270
-336 269
115 179
10 225
154 173
59 112
-11 223
-10 50
15 134
-10 182
80 150
224 251
315 444
343 302
177 386
257 271
-322 -138
-348 -308
-411 -177
-390 -232
-480 -262
-404 -326
380 41
247 51
199 30
218 78
347 -64
283 20
302 254
343 435
317 415
270 445
210 329
239 412
258 388
269 354
-337 173
-288 150
-209 222
-330 129
-159 49
-349 94
-169 196
-316 50
-250 151
-195 134
-413 517
-527 357
-480 486
-402 387
-371 450
-448 443
-395 512
26 34
-33 57
-18 27
-31 76
20 39
-86 -111
-93 -5
76 -66
-85 -15
77 -61
-17 -15
-6 -74
-116 -232
-66 -259
-101 -329
-174 -272
-147 -242
-131 -163
276 295
146 437
218 360
150 415
195 391
-164 436
-311 337
-147 318
-215 405
-148 271
-260 414
-279 350
-401 209
-355 127
-417 88
-379 142
-241 141
-252 138
-336 115
-68 290
-57 384
-206 316
-102 418
-159 426
-70 431
-113 267
-65 312
211 357
98 243
256 352
185 298
96 303
323 -223
384 -147
278 -330
443 -252
397 -260
329 -212
261 -269
355 -330
349 -235
-123 267
-173 271
-271 212
-138 331
-94 227
120 157
155 263
243 204
99 307
170 335
257 248
255 256
239 310
142 287
185 235
530 529
531 556
503 461
444 513
496 530
369 515
-243 138
-318 120
-285 268
-208 253
-233 277
-299 -80
-391 -76
-234 -72
-366 -93
-392 -82
-331 -77
-252 -149
-304 -90
-213 -65
-361 -54
-188 73
-318 -85
-311 67
-223 -75
-341 30
-174 -44
-193 -36
-273 9
465 -549
479 -361
515 -468
368 -468
387 -505
320 -525
419 -450
-219 -147
-157 -288
-207 -190
-295 -115
-293 -261
-241 -139
-165 -223
-236 -139
-209 -188
152 -183
229 -255
163 -207
153 -218
155 -310
169 -274
154 -228
181 -243
78 -491
159 -339
73 -424
167 -376
153 -364
-283 -220
-318 -344
-288 -196
-333 -329
-308 -208
-170 -223
50 -472
42 -422
64 -535
-87 -516
59 -446
-43 -578
-19 -493
14 -542
-32 -578
30 -458
24 -497
-102 -418
83 -445
-81 -402
-411 -270
-279 -287
-340 -454
-438 -392
-447 -341
-426 -366
-382 -284
-374 -369
182 -27
227 -44
164 10
280 -38
250 22
154 -7
248 -25
194 253
284 305
204 259
260 243
282 206
80 279
10 314
-27 463
63 284
-8 408
-54 375
-288 -27
-359 -19
-260 54
-340 107
-381 129
-334 59
-437 -2
-376 86
327 545
297 408
400 383
325 372
419 509
394 360
294 528
335 446
-423 -373
-486 -241
-483 -228
-506 -260
-583 -312
-449 -394
-559 -384
-431 -354
-427 -346
-275 398
-207 509
-288 375
-289 484
-154 392
-225 446
-258 413
-187 498
-249 426
557 19
402 49
458 -42
551 42
434 -43
411 42
382 -61
541 -117
464 -37
-417 233
-328 256
-396 172
-404 231
-412 121
-383 214
-340 212
-237 139
-324 311
-241 154
-332 213
350 352
317 414
332 264
210 301
286 345
199 263
240 296
228 447
286 359
83 154
64 116
37 162
109 139
20 149
166 -65
47 -131
59 -155
98 -56
95 -87
115 -201
212 -178
150 -18
45 -89
194 -189
116 -111
22 322
81 396
5 349
137 369
139 299
-90 492
-124 513
-38 452
-172 393
-143 442
-93 461
-29 523
-161 530
-102 399
-72 301
-72 304
-21 262
-125 342
-249 44
-103 128
-232 82
-121 133
-225 11
-106 196
-20 -195
34 -224
52 -269
-13 -224
142 -124
38 -122
76 -143
58 -194
373 -63
209 -170
186 -101
274 -29
286 -114
210 7
-549 -517
-483 -427
-530 -567
-531 -473
-489 -447
-419 -482
-440 -571
-542 -563
-562 -518
-424 -558
-474 -495
125 -298
63 -318
227 -230
245 -327
137 -308
148 -292
83 -559
208 -541
91 -523
101 -487
205 -529
196 -527
120 -558
81 -411
-72 -380
-26 -199
-62 -266
-50 -251
-140 -399
-135 -330
-86 -296
35 -363
-41 -299
-335 338
-283 297
-199 333
-217 286
-257 258
-291 333
-376 203
-271 371
-325 255
-288 290
-106 411
-124 562
-178 456
-243 545
-249 437
-197 470
348 -284
406 -293
460 -398
517 -412
432 -468
446 -374
123 -320
213 -225
183 -354
208 -284
228 -286
111 -303
162 -346
211 -347
249 -264
140 -290
161 -275
-38 128
-86 155
-91 185
7 113
44 205
-99 229
-33 181
-107 320
-34 477
-72 425
14 412
-159 379
-82 473
-118 409
-142 284
-4 375
-70 378
-136 318
33 259
-35 297
5 313
12 269
-16 307
-85 380
-51 365
-26 302
489 -225
388 -216
487 -128
349 -148
481 -287
343 -254
516 -165
504 -209
516 -260
0 560
1 392
38 439
7 478
-108 548
-93 547
-93 542
-128 466
-44 486
252 417
355 311
338 359
292 419
348 392
340 294
327 349
352 387
55 -176
113 -282
150 -262
118 -237
126 -151
130 -115
199 -202
155 -153
127 -304
50 -219
-337 -381
-355 -226
-373 -229
-390 -228
-374 -325
-300 -358
-252 -256
-300 -211
235 70
278 143
243 1
337 50
229 -6
302 76
-283 -54
-229 11
-219 31
-288 86
-254 7
-284 21
232 95
111 211
120 78
209 185
246 115
233 156
239 230
244 208
194 112
62 130
155 166
92 -524
7 -451
-11 -346
82 -337
-44 -352
