1000
47 -5
40 -4
42 -8
8 7
46 -1
-22 7
-48 -12
43 3
39 7
-24 -12
16 -7
18 -3
-44 -4
-21 10
7 -15
-17 4
-45 -9
-33 -3
2 -14
9 6
-42 -10
1 -15
-5 3
48 -10
-40 3
-38 -2
7 -6
39 -4
-39 -11
-50 -3
41 10
30 11
-24 12
-28 -14
27 5
-15 -5
23 -9
-9 9
34 6
8 -14
-45 0
-21 15
17 7
18 -12
-44 -5
-20 8
32 1
8 12
16 -2
20 -2
9 9
5 -8
23 9
-36 -3
10 14
22 -5
-27 1
3 -6
-16 7
-32 13
-48 6
11 8
-14 5
-32 4
3 11
11 -10
-38 -4
-8 1
4 12
-28 -7
2 12
-39 2
5 1
-29 -6
35 -15
46 -15
6 14
8 -7
21 -6
-7 -15
25 13
18 5
7 1
39 -2
-17 10
-43 3
-19 6
23 -4
-15 3
-22 -5
-46 -4
-23 -8
-7 3
28 -13
-6 -12
11 4
28 -14
50 -8
-43 5
-22 -13
13 -2
-16 -11
24 2
-49 -13
37 -4
-25 -3
34 -15
-20 -11
-1 -5
-13 11
-20 -14
13 -1
-11 -5
7 14
36 -2
7 4
35 0
18 6
44 -15
-15 13
46 -11
4 -14
43 -14
46 11
-44 -9
16 7
47 2
30 12
45 14
50 -5
-24 6
8 0
40 -11
7 -11
5 -12
-28 -4
-42 6
34 15
-41 2
-49 14
1 -2
24 9
-38 -11
21 9
13 -8
-49 -7
39 12
0 -11
-48 4
-12 1
50 4
-27 -12
-24 7
-17 -7
29 -11
31 0
-8 -1
35 -4
-4 -14
43 5
20 1
-44 -1
-15 -6
-17 6
6 -14
-48 10
-6 10
-32 9
-9 -8
5 -3
-48 3
-36 -14
-17 8
-44 10
27 -8
6 -2
-14 -5
0 -14
-25 -13
39 -1
-46 6
-31 9
-33 -13
-38 7
-14 8
49 15
3 4
-8 9
-47 -6
-24 14
10 -2
-31 -9
-5 -8
-23 7
11 3
-45 2
-2 -6
-18 14
11 -12
18 8
-34 -10
21 13
8 14
-29 13
-31 13
-33 9
15 -2
50 -3
34 1
42 -4
11 1
49 3
47 14
14 14
-50 3
-15 -15
39 2
-25 9
5 -4
-28 6
0 0
48 10
-3 -13
-37 15
-49 -11
-34 8
28 3
-1 -10
-40 1
-7 11
9 -1
-34 -12
6 12
-29 -11
-2 6
-45 11
-47 15
-20 5
-44 12
18 3
36 -1
-19 4
29 -13
16 -9
-42 14
47 -3
-23 -2
-7 1
-23 -11
-50 10
-12 -7
36 6
13 4
39 -3
0 7
48 -4
24 -7
37 -6
42 0
50 3
-33 -15
50 11
-5 -10
18 -10
-6 15
12 3
-48 5
-7 -8
-31 -5
17 -14
42 15
27 -15
43 -12
-19 -3
43 14
-44 9
-43 -13
-44 -15
14 -8
-4 14
-47 -14
22 14
-23 10
40 -9
-45 -13
-7 14
49 -9
41 5
50 -15
30 8
4 -9
42 -2
-11 0
13 -10
-34 -15
10 -14
-25 -12
28 1
12 -5
-50 -2
39 -9
-30 -9
-28 -9
-2 12
16 -1
28 -5
-22 3
19 8
43 7
-17 -10
-11 -6
-15 -4
44 0
20 -11
-45 13
17 -1
45 5
-41 3
-9 -9
-6 8
-5 6
29 -8
-33 -7
-23 -14
21 10
6 -1
10 3
34 4
-15 9
37 9
11 10
3 -7
14 5
38 6
-12 -11
-15 -1
-39 -7
14 -6
20 -5
1 13
42 2
34 -5
-10 0
-23 13
-9 5
47 -10
16 4
40 1
0 -5
2 -5
43 -5
-4 -10
41 14
20 10
47 -2
20 -4
11 15
-32 2
29 -15
-31 7
33 2
-27 13
3 -1
-50 1
26 -1
39 -15
-49 4
-9 0
37 3
0 2
-10 8
-3 -15
23 -1
41 8
49 9
-34 12
2 8
-48 0
32 7
45 -13
-7 -11
-22 -14
-44 14
18 1
-8 -12
38 -5
29 15
-19 2
43 11
-8 6
-44 -12
-23 -4
41 -9
9 11
-24 -3
32 10
25 5
-26 5
-36 -8
-13 -12
25 -1
-16 8
-41 5
13 -5
2 3
26 4
50 9
-11 7
-4 7
-30 -6
-26 -13
9 7
-7 -2
46 -7
16 8
-43 8
-43 -1
34 -10
-8 13
20 6
44 11
-39 9
7 -10
-17 5
45 10
19 -6
-48 -15
20 -12
-35 -14
9 1
33 12
-1 9
-2 -15
34 11
-29 11
37 14
47 10
-36 0
-38 -5
25 8
15 5
-15 14
12 -11
-50 -4
14 -15
-3 -3
11 -2
-30 -11
-34 2
-47 -2
23 -12
-24 -15
22 -11
16 15
46 -3
19 10
32 -4
17 14
-15 0
41 -15
-18 11
-48 14
-13 -15
-21 -1
-45 -3
8 11
22 15
29 -10
5 -7
-31 8
26 9
-7 -14
-9 -5
30 -13
-25 -7
11 12
3 -5
7 15
-40 9
-16 6
12 15
-23 -13
15 2
39 1
13 14
6 11
-38 3
-40 -6
3 8
-27 -7
33 5
-4 -5
-28 -8
-11 10
-28 0
-29 -5
-32 12
8 -8
-50 -11
21 -5
-41 -4
46 1
18 4
21 11
-21 -9
-21 -10
6 -11
-34 4
-42 11
-47 6
33 -12
43 -3
-31 1
-11 -11
10 8
-24 -8
-27 11
-35 -2
-8 -8
-12 -2
-49 6
-13 -7
-38 10
39 -7
48 14
40 -5
-25 6
21 5
-9 4
-36 4
-27 10
50 12
33 -9
6 0
45 -15
7 5
-33 11
-35 -1
10 12
24 4
-43 13
19 -1
43 13
-41 -12
-46 -10
-44 -10
7 -5
19 -8
30 -3
-6 2
-9 3
-5 11
50 -14
36 2
-4 12
17 0
25 -4
-16 -6
9 -6
48 5
-16 10
13 -7
39 13
-1 -3
12 -8
50 7
-35 2
-17 -2
38 8
-36 -15
-43 -15
-11 12
-41 -14
10 4
18 7
-26 3
-30 1
42 11
22 -8
19 7
-47 -1
-46 -15
20 0
44 5
47 8
-17 7
17 -10
6 -15
-9 -7
5 -1
27 -7
-1 15
-10 -8
-34 -11
-27 7
3 -12
48 -9
-14 -6
13 -14
-39 1
-15 12
-12 15
38 -6
-14 11
-41 6
-27 -1
-30 -13
-9 10
10 -15
-45 -12
31 14
-9 8
22 -13
19 12
45 13
-17 -14
-22 13
-18 9
-44 4
47 -1
48 -6
21 14
45 1
19 -14
31 5
8 13
-5 -9
-29 10
-6 1
12 1
-28 13
34 0
30 -15
-27 0
-3 3
40 -1
-28 9
26 -13
39 -12
15 -5
-16 -8
-30 9
14 -2
37 -14
4 13
2 13
23 -7
-46 13
-29 -3
-43 10
-48 13
11 2
44 -1
2 7
-41 -1
44 -5
-18 -2
-46 15
-17 -4
42 -11
31 -7
-7 2
-24 13
50 -6
-24 -6
-40 -7
12 5
-5 7
-18 2
36 9
50 -7
-26 6
-2 3
-33 -2
49 -2
25 -7
46 -10
-11 -9
37 -5
-25 -4
49 13
-1 -8
41 -6
-23 -6
35 -7
32 -12
29 10
33 -11
44 -14
42 14
43 -11
-19 -2
43 15
-42 0
44 8
-7 -6
24 0
32 15
32 14
46 -5
-29 -10
-35 -11
-25 -10
5 -13
25 -2
34 12
25 3
-49 9
1 -3
-38 -14
-12 13
-9 -3
-49 -8
-42 -3
26 0
-50 -7
14 -14
-12 -13
-14 13
-17 1
10 -9
30 10
-28 -10
47 12
31 3
-29 -15
20 15
-42 -11
-22 2
19 9
43 4
21 -11
20 2
-20 12
34 13
41 -4
-21 -3
-3 -11
8 8
32 5
-39 -10
-29 7
-5 2
31 -11
-24 11
2 -15
28 -8
-34 -5
-17 12
-37 -12
27 -5
-3 8
-14 -8
0 -13
12 12
25 12
15 1
-8 -7
-38 4
-14 9
-3 -7
11 -14
1 11
-30 -15
-4 -8
-10 3
-31 -14
-14 -2
-31 -10
33 -7
29 8
-25 8
16 3
-6 -10
9 4
-21 0
20 9
44 -2
32 13
-23 -3
-43 15
-43 7
8 15
-22 -3
-38 15
29 -14
-4 -15
-48 -3
10 13
30 -9
-3 1
14 15
50 -4
17 8
-31 -1
39 -10
-49 5
25 -10
-19 -12
0 1
-40 -1
24 -13
-4 -7
3 12
1 12
-49 -12
-4 -9
-50 -1
-30 13
29 1
-35 12
31 11
40 7
8 -4
-45 10
7 8
-20 2
-42 -7
-8 8
27 -1
-19 3
43 8
12 13
-46 -5
-17 3
-31 5
-7 0
32 -3
32 9
-35 -6
-50 11
12 2
2 -3
41 13
-49 2
-25 1
6 -4
24 5
33 8
25 0
-49 -3
-1 7
24 -4
-2 -1
-36 1
50 8
-35 5
-28 -2
-41 -15
31 4
47 0
-18 10
-46 4
43 1
27 -9
-20 -3
7 -14
41 -7
8 3
32 0
-23 5
-35 -13
29 -1
-5 15
49 7
23 14
-4 8
-15 10
47 -13
37 15
48 -12
-21 -13
0 -2
13 -11
-15 15
12 -12
40 12
-14 12
18 0
-3 -1
-27 -15
4 -8
-24 10
-10 14
-33 -12
-29 -13
16 14
20 12
44 1
18 12
21 1
45 4
-19 15
-1 -15
-48 -9
-3 5
-29 9
33 6
31 -9
-6 13
10 0
34 5
30 -14
-37 -10
-11 -13
-8 2
-16 5
-33 2
-39 -8
13 15
-47 -13
-26 -11
0 12
14 -5
-10 11
27 4
1 9
21 -2
4 2
28 7
36 -12
-23 12
-29 -8
40 2
6 -12
6 15
-21 2
-41 -3
44 -8
-18 -5
25 -14
-21 -12
-18 -10
38 -13
-32 3
42 -10
9 12
23 4
16 -12
-29 6
30 -11
-17 -5
-27 12
46 -2
26 -15
41 0
-14 -15
-50 6
-12 -3
40 -15
-8 12
-15 -10
-5 14
13 2
-16 -13
48 -8
3 14
37 -1
9 5
-34 15
27 7
50 15
28 -7
-5 -14
6 3
8 -2
-45 12
22 -3
-44 15
42 3
-43 14
-19 1
43 10
-13 2
-12 -6
-18 7
10 -13
41 -10
48 1
-11 6
6 -7
14 4
-8 -2
6 8
-5 8
36 1
49 -14
49 -4
-47 -11
-30 -5
-39 3
-25 -8
-21 -6
22 7
-2 -4
-26 -7
50 6
27 8
-24 5
-43 -3
