100 100
82 53 56 54 80 31 57 97 67 74 23 19 11 8 39 76 47 51 66 32 98 50 34 17 36 87 5 64 90 24 91 69 1 30 52 85 95 16 93 63 96 9 77 49 84 41 60 35 43 94 71 15 81 29 40 83 14 3 21 70 100 61 92 86 78 75 44 37 22 89 10 62 28 26 59 45 7 72 46 68 99 65 13 25 42 48 2 73 58 88 20 12 38 27 55 18 4 6 33 79
Q 8 89 9
S 31
S 44
Q 3 91 1
Q 21 100 70
Q 12 92 52
Q 20 100 56
Q 11 94 16
Q 7 89 81
Q 15 94 69
Q 95 98 2
Q 83 89 3
Q 11 100 75
Q 9 93 13
Q 18 98 81
S 41
Q 7 96 75
Q 5 91 40
Q 18 97 54
Q 14 94 27
Q 14 96 56
Q 1 88 60
Q 44 44 1
Q 3 93 69
Q 17 99 78
Q 21 100 7
Q 11 96 8
S 18
Q 5 96 83
Q 2 99 7
Q 14 94 17
Q 4 90 17
Q 16 97 52
Q 9 95 10
Q 1 89 64
Q 68 77 2
Q 13 99 86
Q 9 89 22
Q 1 94 67
Q 13 18 2
Q 10 97 24
Q 13 97 7
Q 6 98 20
Q 17 96 53
Q 12 91 18
Q 21 100 74
S 28
Q 1 83 69
Q 21 100 76
Q 12 97 1
Q 3 89 27
Q 77 81 5
S 25
Q 9 96 62
Q 1 82 33
Q 13 95 78
Q 15 100 44
Q 20 100 73
Q 17 100 38
Q 2 2 1
Q 19 99 2
Q 1 99 59
Q 14 100 20
Q 12 95 28
Q 20 99 4
Q 17 97 12
Q 7 87 81
Q 4 91 7
Q 53 53 1
Q 97 98 2
Q 3 85 36
Q 17 96 34
Q 19 100 39
Q 6 95 78
Q 20 100 13
Q 21 100 15
Q 21 100 11
Q 21 100 54
Q 15 96 6
S 26
Q 1 95 60
Q 12 92 73
S 43
S 32
Q 18 98 19
Q 12 94 59
Q 2 90 77
Q 21 100 46
Q 8 95 42
Q 5 85 59
Q 18 99 57
Q 13 94 79
Q 92 100 1
Q 17 98 17
Q 4 94 4
Q 11 95 5
S 14
Q 12 100 58
Q 7 98 63
Q 1 87 48
