100 300 4 50
6 47
6 89
6 56
6 100
6 5
42 52
42 67
42 8
42 2
42 55
42 45
42 86
38 35
38 85
38 92
38 4
38 25
38 81
38 84
49 41
49 26
52 13
52 55
52 45
52 88
67 23
67 56
67 78
67 81
67 5
70 7
70 47
70 97
70 90
70 9
70 100
70 5
70 99
77 35
77 40
77 44
77 25
77 63
77 93
71 2
71 97
71 23
71 31
71 39
71 9
71 81
71 1
71 96
35 20
35 23
35 60
35 68
35 81
35 22
53 75
53 54
53 45
53 98
53 88
30 8
30 23
30 82
30 48
30 66
51 97
51 50
51 80
51 3
51 64
51 22
51 41
51 65
8 89
8 17
8 92
8 84
8 1
8 86
72 31
72 85
72 29
72 19
13 23
13 62
13 40
13 17
13 25
13 84
13 82
13 96
75 3
75 41
75 28
7 37
7 54
7 16
7 32
7 59
7 33
2 10
2 44
2 18
20 57
20 64
20 84
20 34
47 56
47 21
47 44
47 4
47 87
47 15
97 64
97 85
97 78
97 83
43 25
43 98
43 84
43 95
43 63
43 93
23 40
23 17
23 4
23 88
23 27
31 45
31 19
31 76
31 73
31 63
36 74
36 96
36 12
36 93
62 10
62 64
62 32
62 27
14 44
14 1
14 61
14 66
89 11
89 90
89 10
89 85
89 5
89 99
11 85
11 44
11 88
50 54
50 94
50 91
60 17
60 45
60 22
60 33
40 3
40 25
40 82
56 21
56 85
56 87
56 12
55 37
80 19
80 87
80 83
21 4
21 98
21 65
21 33
90 3
90 10
90 1
39 93
3 10
3 37
3 57
3 81
3 82
3 83
3 96
3 48
3 34
68 82
68 73
68 94
68 24
69 87
69 63
10 17
10 92
10 79
10 41
10 61
17 79
17 25
17 22
17 93
37 64
37 82
37 1
37 76
37 5
37 59
37 34
9 22
57 82
57 65
57 91
64 78
85 78
85 87
85 18
78 44
78 32
44 65
54 86
54 12
45 79
45 19
45 74
29 91
92 61
92 86
92 96
92 24
58 82
58 100
58 61
58 83
58 24
4 79
4 74
79 82
79 41
79 100
79 73
25 81
25 94
25 18
81 18
98 19
98 100
98 59
84 22
82 41
82 83
82 12
82 66
95 15
95 88
1 46
16 87
16 76
16 94
19 65
19 93
22 87
22 41
22 76
87 73
87 96
87 46
41 73
76 18
100 61
100 96
100 48
61 83
61 5
61 24
32 12
32 34
94 93
83 88
15 96
65 33
63 18
86 24
86 18
86 66
5 12
26 96
59 91
96 12
96 27
12 48
33 18
33 66
93 66
