1000 10000 10 900
41 919
41 615
41 709
41 532
41 442
41 9
41 777
41 300
41 366
41 495
41 128
41 705
41 810
41 252
41 197
41 259
950 503
950 766
950 37
950 523
950 618
950 636
950 190
950 631
950 978
950 909
950 36
950 132
950 531
950 959
950 816
950 464
950 587
950 381
950 688
950 904
950 139
950 63
950 153
950 864
950 344
950 441
950 234
950 202
950 568
950 734
950 255
977 517
977 905
977 355
977 224
977 580
977 521
977 847
977 18
977 539
977 741
977 377
977 357
977 852
977 120
977 513
977 652
977 324
977 751
977 765
977 159
977 421
977 443
977 206
275 925
275 216
275 905
275 390
275 716
275 298
275 349
275 410
275 519
275 182
275 507
275 463
133 650
133 231
133 713
133 787
133 402
133 719
133 973
133 602
133 147
133 546
133 9
133 332
133 573
133 189
133 458
133 681
133 387
133 596
133 377
133 460
133 648
133 194
133 324
133 842
133 585
310 807
310 37
310 945
310 96
310 446
310 829
310 491
310 150
310 456
310 279
310 738
310 215
310 13
310 6
310 129
310 362
310 642
310 565
310 285
310 889
310 392
310 535
310 768
310 64
310 761
310 879
310 166
310 990
54 292
54 503
54 55
54 824
54 355
54 211
54 403
54 147
54 553
54 89
54 247
54 377
54 974
54 578
54 512
54 877
54 328
54 53
951 949
951 50
951 623
951 998
951 7
951 866
951 422
951 208
951 930
951 137
951 942
951 293
951 255
951 505
828 450
828 925
828 664
828 831
828 278
828 17
828 729
828 192
828 27
828 220
828 938
828 273
828 189
828 966
828 856
828 996
828 127
828 135
828 432
828 775
828 691
828 395
450 354
450 216
450 22
450 878
450 520
450 923
450 405
450 670
450 43
450 735
450 466
450 45
450 913
450 203
450 788
450 802
450 349
450 604
450 35
171 593
171 240
171 51
171 348
171 323
171 886
171 447
171 570
171 596
171 848
171 252
171 776
171 694
171 301
171 35
287 830
287 771
287 925
287 707
287 511
287 924
287 549
287 85
287 532
287 724
287 556
287 77
287 376
287 15
287 994
287 250
287 185
287 985
287 634
287 198
287 606
287 223
287 437
287 35
209 24
209 756
209 764
209 549
209 714
209 992
209 414
209 475
209 199
209 297
209 681
209 359
209 103
209 208
209 565
209 515
209 694
563 428
563 4
563 156
563 800
563 216
563 384
563 523
563 514
563 991
563 180
563 305
563 921
563 754
563 168
563 139
563 567
563 935
563 668
563 245
563 535
563 751
563 819
563 395
563 509
86 257
86 358
86 180
86 239
86 562
86 784
86 752
86 172
86 657
86 866
86 329
86 176
86 45
86 597
86 139
86 647
86 291
86 661
86 802
86 922
86 626
86 776
86 91
86 926
825 55
825 887
825 413
825 724
825 752
825 109
825 422
825 849
825 856
825 875
825 522
825 688
825 788
825 501
825 432
825 663
825 148
825 194
825 590
825 202
825 53
167 511
167 945
167 664
167 859
167 800
167 211
167 752
167 975
167 483
167 176
167 722
167 702
167 673
167 76
167 157
167 926
690 679
690 257
690 905
690 729
690 907
690 530
690 165
690 653
690 25
690 271
690 141
690 75
690 773
690 200
690 510
690 857
690 175
364 557
364 707
364 616
364 58
364 924
364 906
364 28
364 880
364 451
364 767
364 464
364 893
364 425
364 551
364 648
364 571
364 134
364 568
863 707
863 939
863 680
863 155
863 600
863 887
863 758
863 700
863 163
863 9
863 630
863 871
863 469
863 959
863 359
863 445
863 493
863 141
863 723
863 92
863 604
863 765
863 462
679 925
679 945
679 529
679 721
679 335
679 404
679 282
679 687
679 401
679 603
679 561
679 779
679 904
679 127
679 186
679 775
679 980
679 734
679 228
830 557
830 216
830 71
830 687
830 736
830 651
830 485
830 332
830 677
830 493
830 788
830 832
830 186
830 42
830 595
830 791
830 691
830 386
830 395
292 649
292 987
292 664
292 609
292 267
292 899
292 541
292 434
292 382
292 147
292 5
292 496
292 320
292 777
292 599
292 772
292 704
292 471
292 962
292 373
292 550
292 982
161 309
161 729
161 841
161 598
161 496
161 803
161 320
161 307
161 735
161 18
161 704
161 567
161 639
161 127
161 149
161 213
161 778
161 685
161 328
161 293
649 372
649 80
649 820
649 243
649 419
649 169
649 458
649 760
649 813
649 388
649 904
649 744
649 567
649 592
649 542
649 111
649 489
649 626
649 590
649 328
363 925
363 713
363 940
363 517
363 617
363 698
363 860
363 918
363 880
363 823
363 651
363 411
363 767
363 132
363 6
363 297
363 165
363 972
363 676
363 331
363 181
363 710
363 159
363 695
363 896
363 516
363 251
363 437
771 883
771 524
771 582
771 891
771 608
771 184
771 917
771 998
771 302
771 670
771 429
771 553
771 235
771 904
771 865
771 281
771 858
771 723
771 510
771 202
771 797
101 770
101 948
101 860
101 302
101 312
101 527
101 856
101 126
101 972
101 639
101 935
101 993
101 691
101 193
883 807
883 498
883 125
883 714
883 619
883 210
883 346
883 227
883 823
883 666
883 307
883 910
883 329
883 798
883 283
883 326
883 647
883 304
883 774
123 939
123 616
123 867
123 338
123 451
123 302
123 173
123 429
123 70
123 264
123 362
123 94
123 495
123 595
123 512
123 262
123 500
805 945
805 231
805 476
805 801
805 241
805 725
805 964
805 890
805 556
805 759
805 783
805 902
805 366
805 26
805 135
805 535
805 648
805 255
805 896
805 53
805 207
66 770
66 428
66 906
66 523
66 675
66 781
66 374
66 743
66 117
66 329
66 30
66 642
66 319
66 847
66 955
66 120
66 467
66 763
66 894
66 667
66 509
665 584
665 867
665 107
665 698
665 559
665 708
665 389
665 998
665 296
665 521
665 30
665 221
665 136
665 377
665 715
665 426
665 16
665 159
665 386
873 60
873 384
873 678
873 22
873 929
873 554
873 323
873 313
873 760
873 381
873 326
873 385
873 127
873 926
873 480
873 693
873 53
827 195
827 440
827 8
827 764
827 860
827 382
827 177
827 295
827 59
827 882
827 13
827 429
827 454
827 30
827 288
827 539
827 291
827 213
827 857
827 223
195 721
195 384
195 367
195 50
195 769
195 636
195 992
195 932
195 77
195 804
195 108
195 319
195 218
195 817
195 972
195 814
195 11
195 168
195 744
195 550
195 775
195 791
195 853
195 32
195 706
195 575
593 354
593 616
593 766
593 940
593 396
593 683
593 404
593 549
593 607
593 303
593 779
593 420
593 432
593 894
593 774
354 919
354 104
354 355
354 282
354 345
354 636
354 619
354 897
354 538
354 187
354 305
354 238
354 735
354 459
354 160
354 343
354 366
354 888
354 457
354 748
354 855
557 584
557 851
557 263
557 953
557 660
557 15
557 798
557 221
557 457
557 720
557 153
557 555
557 926
557 613
518 511
518 560
518 836
518 266
518 442
518 5
518 823
518 651
518 59
518 747
518 332
518 846
518 735
518 817
518 283
518 366
518 128
518 578
518 198
518 585
518 984
518 244
518 853
518 370
518 93
925 719
925 618
925 700
925 988
925 861
925 295
925 40
925 670
925 594
925 323
925 217
925 353
925 377
925 72
925 408
925 386
925 819
584 924
584 345
584 73
584 801
584 737
584 917
584 833
584 727
584 444
584 84
584 306
584 959
584 884
584 543
584 237
584 974
584 274
584 410
524 948
524 99
524 278
524 249
524 541
524 700
524 944
524 608
524 743
524 530
524 189
524 798
524 970
524 673
524 343
524 365
524 19
524 301
524 819
524 334
954 116
954 112
954 144
954 686
954 400
954 559
954 938
954 640
954 998
954 199
954 169
954 856
954 89
954 168
954 663
954 21
954 957
862 756
862 732
862 615
862 83
862 520
862 147
862 881
862 264
862 294
862 219
862 638
862 956
862 999
862 879
987 58
987 212
987 145
987 376
987 783
987 614
987 170
987 539
987 271
987 470
987 513
987 585
987 506
707 525
707 529
707 431
707 915
707 415
707 901
707 315
707 430
707 394
707 211
707 352
707 917
707 43
707 798
707 288
707 103
707 459
707 522
707 183
707 741
707 110
707 487
707 965
707 252
809 927
809 836
809 887
809 62
809 442
809 608
809 936
809 322
809 372
809 152
809 804
809 288
809 779
809 229
809 426
809 669
809 595
809 78
809 202
809 23
809 462
511 449
511 131
511 920
511 345
511 633
511 923
511 546
511 838
511 190
511 660
511 77
511 109
511 176
511 291
511 34
807 191
807 683
807 82
807 678
807 598
807 451
807 444
807 280
807 629
807 717
807 966
807 822
807 385
807 542
807 16
807 74
807 421
807 659
807 35
939 47
939 240
939 622
939 520
939 731
939 907
939 562
939 7
939 881
939 243
939 25
939 183
939 852
939 848
939 626
939 696
939 853
939 502
939 206
939 990
753 678
753 946
753 602
753 608
753 738
753 958
753 215
753 199
753 6
753 816
753 754
753 814
753 996
753 495
79 770
79 949
79 800
79 891
79 769
79 212
79 22
79 619
79 87
79 598
79 921
79 448
79 587
79 378
79 813
79 493
79 291
79 347
79 748
79 604
79 143
79 874
79 810
79 595
79 337
79 819
79 509
79 259
504 257
504 121
504 689
504 758
504 552
504 752
504 416
504 406
504 833
504 444
504 164
504 305
504 934
504 908
504 359
504 388
504 913
504 26
504 597
504 197
504 166
504 53
525 423
525 330
525 534
525 948
525 131
525 920
525 342
525 85
525 27
525 253
525 210
525 530
525 803
525 986
525 307
525 952
525 900
525 570
525 258
525 976
525 46
525 773
525 864
525 202
503 732
503 131
503 912
503 946
503 496
503 759
503 966
503 581
503 11
503 494
503 271
503 425
503 965
503 420
503 234
503 16
503 712
503 93
503 793
658 940
658 683
658 620
658 589
658 887
658 808
658 700
658 611
658 235
658 319
658 592
658 228
658 437
658 509
658 207
780 840
780 924
780 267
780 645
780 413
780 918
780 215
780 747
780 454
780 657
780 760
780 722
780 947
780 274
780 806
780 536
780 21
780 775
780 765
780 19
780 337
780 706
24 927
24 257
24 99
24 764
24 689
24 266
24 746
24 180
24 7
24 418
24 350
24 994
24 30
24 219
24 955
24 75
24 574
24 432
24 855
24 373
24 236
927 721
927 391
927 758
927 102
927 700
927 163
927 424
927 486
927 305
927 572
927 553
927 448
927 521
927 329
927 44
927 814
927 371
927 168
927 110
927 285
927 545
919 415
919 645
919 62
919 714
919 210
919 794
919 554
919 235
919 188
919 970
919 597
919 92
919 757
919 52
919 369
919 691
919 821
439 918
439 20
439 633
439 77
439 910
439 69
439 149
439 661
439 427
439 245
439 175
439 595
439 821
439 516
284 423
284 756
284 413
284 714
284 784
284 803
284 573
284 152
284 238
284 639
284 179
284 106
284 64
284 526
284 375
60 840
60 267
60 729
60 100
60 918
60 286
60 636
60 880
60 451
60 379
60 475
60 871
60 835
60 246
60 323
60 592
60 757
60 864
60 356
60 370
616 4
616 71
616 729
616 860
616 674
616 350
616 277
616 165
616 587
616 806
616 874
616 776
616 337
616 500
616 502
257 37
257 949
257 156
257 517
257 85
257 689
257 700
257 184
257 466
257 967
257 337
81 617
81 714
81 163
81 379
81 70
81 113
81 189
81 235
81 811
81 63
81 178
311 254
311 918
311 711
311 709
311 829
311 307
311 165
311 11
311 380
311 892
311 590
311 853
311 821
311 32
766 96
766 396
766 517
766 686
766 916
766 755
766 938
766 666
766 172
766 909
766 994
766 30
766 76
766 643
766 75
766 325
766 369
766 699
766 437
766 793
423 333
423 440
423 836
423 367
423 973
423 946
423 256
423 633
423 799
423 190
423 243
423 553
423 250
423 701
423 501
423 773
423 268
423 550
423 793
37 428
37 155
37 523
37 683
37 912
37 619
37 7
37 662
37 929
37 816
37 722
37 904
37 704
37 127
37 768
37 555
37 88
37 627
770 71
770 918
770 51
770 640
770 389
770 932
770 6
770 419
770 726
770 174
770 717
770 583
770 103
770 814
770 744
770 996
770 153
770 230
770 765
770 244
770 265
945 800
945 144
945 625
945 20
945 145
945 51
945 738
945 302
945 401
945 59
945 238
945 849
945 453
945 136
945 596
945 542
945 351
945 259
560 3
560 341
560 916
560 211
560 533
560 845
560 456
560 114
560 782
560 49
560 264
560 18
560 407
560 947
560 843
560 462
569 58
569 891
569 769
569 225
569 698
569 615
569 750
569 403
569 150
569 641
569 279
569 779
569 197
569 223
569 206
664 97
664 240
664 548
664 461
664 145
664 850
664 530
664 475
664 662
664 13
664 759
664 165
664 642
664 570
664 365
664 965
664 392
664 1000
949 428
949 869
949 404
949 20
949 829
949 210
949 346
949 725
949 738
949 958
949 469
949 656
949 760
949 466
949 983
949 567
949 542
949 699
949 344
949 765
949 182
949 91
949 32
650 121
650 440
650 225
650 845
650 897
650 833
650 777
650 376
650 405
650 469
650 313
650 214
650 739
650 844
650 353
650 744
650 115
650 942
650 153
650 328
650 606
650 356
650 728
67 396
67 541
67 731
67 9
67 674
67 322
67 289
67 986
67 448
67 642
67 754
67 214
67 522
67 935
67 285
67 785
67 481
10 549
10 746
10 815
10 608
10 279
10 558
10 59
10 296
10 294
10 487
10 452
10 682
10 574
10 230
10 510
10 545
10 244
10 301
10 265
97 4
97 266
97 736
97 492
97 944
97 576
97 353
97 127
97 574
97 314
428 231
428 824
428 755
428 492
428 762
428 608
428 733
428 823
428 40
428 429
428 152
428 795
428 381
428 543
428 366
428 567
428 427
428 574
428 46
428 710
428 806
428 842
428 751
428 410
428 202
428 397
428 375
529 840
529 746
529 162
529 308
529 472
529 815
529 762
529 932
529 558
529 931
529 635
529 260
529 13
529 943
529 539
529 479
529 757
529 426
529 595
529 23
529 91
529 926
529 506
839 915
839 901
839 474
839 625
839 916
839 338
839 845
839 150
839 451
839 958
839 80
839 376
839 151
839 846
839 323
839 629
839 754
839 466
839 875
839 788
839 892
839 797
231 541
231 102
231 619
231 114
231 846
231 238
231 359
231 44
231 813
231 811
231 565
231 858
231 705
231 962
231 64
231 980
231 244
231 696
231 606
431 144
431 686
431 212
431 180
431 403
431 633
431 472
431 499
431 409
431 531
431 637
431 189
431 291
431 420
431 652
431 489
431 776
431 53
431 412
859 50
859 240
859 318
859 632
859 416
859 295
859 77
859 488
859 38
859 527
859 760
859 804
859 814
859 597
859 452
859 545
859 134
859 984
859 166
330 534
330 756
330 645
330 68
330 20
330 640
330 114
330 635
330 409
330 882
330 113
330 214
330 459
330 847
330 702
330 935
330 832
330 643
330 274
330 393
330 74
330 204
330 375
941 721
941 116
941 824
941 430
941 758
941 102
941 360
941 138
941 485
941 642
941 466
941 702
941 425
941 879
941 269
867 309
867 655
867 918
867 210
867 681
867 587
867 702
867 471
867 377
867 710
867 510
867 56
867 134
867 595
867 696
867 693
4 711
4 239
4 784
4 416
4 346
4 12
4 405
4 579
4 283
4 763
4 993
4 337
4 35
534 3
534 58
534 384
534 317
534 358
534 124
534 434
534 442
534 530
534 964
534 666
534 835
534 909
534 290
534 929
534 994
534 908
534 152
534 300
534 276
534 772
534 493
534 425
534 955
534 544
534 792
534 652
534 874
3 824
3 586
3 267
3 689
3 28
3 138
3 978
3 383
3 80
3 429
3 553
3 250
3 219
3 398
3 685
3 143
609 122
609 625
609 700
609 838
609 992
609 530
609 372
609 173
609 36
609 469
609 117
609 313
609 453
609 214
609 327
609 913
609 513
609 914
609 997
478 156
478 99
478 645
478 632
478 784
478 416
478 861
478 635
478 332
478 767
478 994
478 214
478 956
478 734
478 868
95 971
95 698
95 600
95 83
95 687
95 973
95 530
95 777
95 129
95 614
95 176
95 25
95 811
95 930
95 643
95 52
95 19
95 301
121 610
121 901
121 769
121 808
121 838
121 496
121 782
121 332
121 233
121 103
121 722
121 371
121 904
121 258
121 741
121 63
121 705
121 72
121 513
121 134
121 502
121 207
831 683
831 719
831 211
831 382
831 633
831 308
831 815
831 145
831 995
831 562
831 724
831 379
831 7
831 448
831 656
831 583
831 65
831 522
831 847
831 326
831 639
831 996
831 661
831 857
831 175
831 877
680 403
680 820
680 132
680 759
680 722
680 385
680 542
680 773
680 153
680 578
680 842
680 223
680 564
156 47
156 191
156 901
156 912
156 434
156 256
156 995
156 546
156 416
156 992
156 379
156 289
156 409
156 577
156 677
156 844
156 170
156 377
156 261
156 879
156 259
800 396
800 582
800 683
800 532
800 87
800 546
800 964
800 662
800 187
800 172
800 979
800 718
800 866
800 959
800 359
800 371
800 565
800 592
800 471
800 634
800 974
800 477
800 551
800 135
800 786
800 555
800 894
800 507
55 415
55 144
55 396
55 729
55 434
55 508
55 533
55 651
55 777
55 454
55 788
55 865
55 935
55 834
55 960
55 643
55 663
55 314
55 894
55 613
756 22
756 394
756 632
756 938
756 87
756 607
756 163
756 998
756 114
756 305
756 782
756 591
756 264
756 329
756 214
756 229
756 935
756 590
756 202
756 734
756 397
756 193
756 462
713 721
713 924
713 640
713 674
713 777
713 635
713 297
713 521
713 30
713 849
713 966
713 366
713 870
713 248
713 21
721 48
721 655
721 68
721 711
721 20
721 345
721 73
721 442
721 51
721 738
721 978
721 969
721 160
721 673
721 89
721 236
721 515
721 507
721 437
721 443
721 509
721 613
840 498
840 678
840 548
840 738
840 651
840 260
840 908
840 522
840 596
840 213
840 643
840 92
840 535
840 604
840 293
840 926
840 627
840 193
840 53
58 191
58 434
58 829
58 528
58 239
58 273
58 872
58 499
58 644
58 387
58 913
58 291
58 271
58 229
58 213
58 325
58 334
787 617
787 549
787 266
787 623
787 272
787 731
787 530
787 383
787 599
787 18
787 465
787 229
787 357
787 200
787 648
787 236
787 550
787 118
787 386
96 196
96 620
96 549
96 474
96 98
96 746
96 923
96 174
96 298
96 325
96 198
96 328
96 118
96 204
948 191
948 50
948 154
948 528
948 180
948 612
948 57
948 436
948 199
948 429
948 902
948 637
948 484
948 188
948 772
948 420
948 479
948 23
948 118
948 774
948 375
116 523
116 98
116 991
116 461
116 227
116 172
116 745
116 469
116 188
116 465
116 106
116 685
116 792
116 999
116 178
116 293
116 507
216 541
216 750
216 147
216 838
216 747
216 323
216 359
216 772
216 365
216 495
216 720
216 730
333 191
333 50
333 222
333 85
333 623
333 33
333 908
333 113
333 959
333 119
333 527
333 388
333 276
333 501
333 274
333 699
963 971
963 48
963 901
963 282
963 382
963 743
963 456
963 631
963 376
963 232
963 158
963 611
963 814
963 676
963 247
963 115
963 955
963 501
963 111
963 140
963 806
963 500
99 540
99 671
99 758
99 256
99 923
99 496
99 295
99 635
99 759
99 985
99 473
99 922
99 134
99 361
99 984
915 924
915 675
915 687
915 758
915 918
915 461
915 414
915 114
915 40
915 348
915 486
915 934
915 913
915 271
915 261
915 646
915 244
915 894
915 774
915 301
196 267
196 600
196 461
196 520
196 700
196 308
196 289
196 937
196 782
196 172
196 637
196 129
196 362
196 388
196 201
196 183
196 366
196 200
196 512
196 262
196 93
440 586
440 968
440 869
440 491
440 73
440 598
440 340
440 631
440 173
440 677
440 722
440 385
440 76
440 398
440 892
440 228
440 564
335 131
335 107
335 737
335 725
335 979
335 189
335 677
335 445
335 218
335 904
335 179
335 710
335 857
335 712
335 696
335 386
335 356
335 506
335 793
278 82
278 212
278 1
278 413
278 709
278 403
278 845
278 738
278 242
278 376
278 670
278 531
278 672
278 445
278 316
278 972
278 183
278 26
278 407
278 889
71 971
71 916
71 746
71 923
71 784
71 833
71 530
71 39
71 820
71 661
71 420
71 75
71 574
71 555
71 410
71 763
71 23
71 356
971 899
971 240
971 124
971 758
971 725
971 981
971 59
971 846
971 866
971 849
971 201
971 739
971 847
971 494
971 63
971 768
971 604
971 202
47 610
47 50
47 320
47 40
47 422
47 445
47 972
47 160
47 366
47 247
47 115
47 639
47 962
47 92
47 426
47 143
104 438
104 651
104 475
104 146
104 319
104 856
104 214
104 65
104 888
104 380
104 245
104 230
104 712
104 23
402 315
402 399
402 211
402 434
402 411
402 591
402 611
402 573
402 419
402 789
402 319
402 974
402 357
402 691
402 293
402 659
402 193
402 793
836 891
836 508
836 114
836 666
836 31
836 629
836 208
836 76
836 149
836 181
836 134
836 515
836 19
836 386
836 819
309 869
309 355
309 812
309 790
309 532
309 51
309 383
309 485
309 759
309 217
309 359
309 214
309 739
309 493
309 647
309 136
309 110
309 947
309 550
309 646
309 694
155 352
155 87
155 411
155 909
155 146
155 816
155 966
155 25
155 465
155 715
155 892
155 578
155 130
155 765
155 443
732 901
732 675
732 192
732 600
732 394
732 611
732 419
732 468
732 165
732 943
732 970
732 814
732 734
732 564
732 793
449 610
449 912
449 620
449 692
449 114
449 376
449 760
449 298
449 319
449 201
449 18
449 336
449 601
449 482
249 318
249 552
249 105
249 611
249 795
249 453
249 688
249 115
249 935
249 425
249 1000
249 230
249 344
249 712
924 282
924 391
924 256
924 39
924 14
924 587
924 217
924 856
924 875
924 668
924 864
924 776
924 206
498 905
498 253
498 352
498 838
498 908
498 129
498 103
498 605
498 601
498 420
498 663
498 604
498 244
498 696
131 240
131 708
131 917
131 803
131 205
131 36
131 70
131 297
131 326
131 597
131 344
131 810
131 877
415 729
415 355
415 342
415 623
415 938
415 109
415 934
415 961
415 601
415 159
415 500
384 17
384 382
384 700
384 492
384 923
384 9
384 530
384 727
384 931
384 232
384 759
384 447
384 493
384 597
384 834
384 588
384 344
384 393
384 502
384 269
112 586
112 125
112 918
112 755
112 608
112 389
112 964
112 295
112 43
112 129
112 847
112 160
112 331
112 723
112 544
112 21
112 712
112 361
490 686
490 417
490 438
490 692
490 737
490 424
490 612
490 486
490 846
490 235
490 44
490 288
490 271
490 135
490 742
490 392
490 757
490 792
490 482
490 78
490 178
8 367
8 461
8 308
8 7
8 199
8 264
8 717
8 884
8 581
8 213
8 477
8 178
8 507
628 225
628 600
628 566
628 177
628 747
628 909
628 469
628 629
628 103
628 198
906 750
906 740
906 709
906 508
906 403
906 552
906 607
906 273
906 77
906 572
906 129
906 304
906 513
906 545
906 797
191 826
191 860
191 1
191 352
191 624
191 163
191 530
191 486
191 871
191 359
191 447
191 961
191 149
191 110
191 118
610 815
610 405
610 277
610 844
610 744
610 465
610 947
610 398
610 545
610 344
610 482
610 157
610 91
610 463
824 860
824 150
824 636
824 803
824 594
824 300
824 789
824 407
824 247
824 115
824 639
824 565
824 398
824 52
824 513
824 339
824 604
824 373
824 408
824 751
824 854
107 273
107 861
107 114
107 890
107 305
107 306
107 718
107 654
107 789
107 381
107 639
107 741
107 452
107 373
107 21
107 774
107 516
107 443
367 430
367 266
367 623
367 39
367 651
367 205
367 277
367 521
367 176
367 779
367 786
367 111
367 90
367 351
367 797
367 269
17 514
17 784
17 752
17 163
17 227
17 499
17 348
17 594
17 816
17 681
17 804
17 126
17 381
17 701
17 76
17 237
17 967
17 194
17 489
17 410
17 853
851 417
851 655
851 341
851 764
851 618
851 746
851 762
851 784
851 164
851 975
851 84
851 250
851 847
851 473
851 170
851 647
851 537
851 304
851 452
851 574
851 715
851 545
851 728
50 100
50 222
50 430
50 211
50 2
50 743
50 39
50 861
50 978
50 469
50 908
50 603
50 447
50 183
50 11
50 668
50 638
50 120
50 510
50 324
586 683
586 812
586 602
586 263
586 210
586 424
586 833
586 979
586 294
586 688
586 18
586 565
586 271
586 457
586 377
586 16
586 712
267 342
267 476
267 838
267 998
267 379
267 890
267 109
267 419
267 656
267 849
267 911
267 271
267 487
267 551
267 668
267 373
267 993
267 749
968 769
968 698
968 549
968 253
968 205
968 591
968 109
968 332
968 959
968 185
968 966
968 103
968 237
968 786
940 891
940 417
940 912
940 192
940 589
940 212
940 991
940 461
940 2
940 907
940 210
940 33
940 444
940 109
940 909
940 217
940 316
940 407
940 895
940 596
940 933
940 965
940 234
940 480
144 548
144 180
144 492
144 105
144 80
144 871
144 164
144 350
144 127
144 710
144 42
144 694
899 22
899 83
899 352
899 444
899 418
899 40
899 173
899 654
899 587
899 366
899 933
899 452
899 420
899 467
899 669
899 412
122 399
122 860
122 624
122 850
122 599
122 572
122 44
122 605
122 69
122 974
122 106
122 834
122 479
122 638
122 685
122 393
396 404
396 83
396 318
396 491
396 492
396 838
396 340
396 346
396 823
396 794
396 572
396 117
396 629
396 893
396 969
396 739
396 543
396 852
396 120
396 186
396 339
396 234
396 691
582 764
582 434
582 368
582 145
582 414
582 138
582 882
582 818
582 739
582 702
582 895
582 542
582 512
582 21
582 421
582 193
645 729
645 222
645 829
645 619
645 833
645 84
645 994
645 469
645 246
645 788
645 996
645 477
645 432
645 896
517 920
517 338
517 624
517 243
517 893
517 603
517 985
517 673
517 385
517 208
517 647
517 110
517 601
517 75
517 535
517 652
517 42
517 763
517 386
517 819
891 399
891 403
891 727
891 538
891 322
891 823
891 401
891 553
891 849
891 813
891 65
891 847
891 221
891 942
891 432
891 1000
891 544
891 590
891 21
523 240
523 28
523 33
523 187
523 13
523 422
523 388
523 137
523 230
523 262
48 547
48 687
48 973
48 434
48 708
48 263
48 184
48 332
48 572
48 884
48 137
48 149
48 110
48 955
48 773
48 186
48 130
48 695
48 564
48 462
48 412
901 68
901 719
901 632
901 762
901 33
901 277
901 959
901 387
901 570
901 170
901 639
901 479
901 268
901 90
901 32
547 225
547 400
547 953
547 289
547 173
547 454
547 783
547 158
547 250
547 583
547 203
547 942
547 299
547 648
547 768
547 914
547 627
547 53
769 400
769 508
769 988
769 624
769 607
769 424
769 635
769 13
769 243
769 306
769 577
769 331
769 369
769 344
769 775
769 606
905 617
905 225
905 212
905 430
905 860
905 878
905 98
905 528
905 352
905 799
905 372
905 745
905 38
905 189
905 527
905 677
905 884
905 811
905 34
905 143
617 211
617 711
617 352
617 322
617 703
617 36
617 169
617 238
617 188
617 420
617 78
617 749
225 508
225 77
225 902
225 773
225 200
225 646
225 993
225 526
225 244
225 691
225 502
225 462
686 73
686 944
686 752
686 546
686 114
686 435
686 629
686 458
686 587
686 972
686 381
686 90
686 373
686 536
686 244
417 520
417 552
417 731
417 360
417 716
417 164
417 782
417 232
417 422
417 583
417 453
417 245
417 72
417 571
417 426
417 519
315 622
315 973
315 322
315 662
315 270
315 217
315 697
315 571
315 78
315 321
315 207
315 793
683 308
683 871
683 232
683 885
683 929
683 484
683 722
683 895
683 865
683 127
683 331
683 974
683 213
683 682
683 834
683 178
698 341
698 624
698 346
698 538
698 138
698 114
698 556
698 703
698 306
698 581
698 179
698 457
698 63
698 501
698 832
698 962
698 52
698 806
698 489
698 252
698 321
698 314
698 356
698 193
698 35
729 341
729 406
729 215
729 670
729 835
729 109
729 772
729 18
729 261
729 314
869 341
869 678
869 762
869 738
869 114
869 295
869 630
869 599
869 637
869 176
869 378
869 744
869 425
869 802
869 120
869 489
869 182
100 826
100 532
100 308
100 907
100 733
100 444
100 885
100 454
100 654
100 754
100 543
100 371
100 904
100 366
100 247
100 494
100 942
100 962
100 588
100 768
100 571
100 248
100 410
100 157
100 984
100 337
100 613
920 671
920 162
920 33
920 651
920 612
920 499
920 716
920 59
920 464
920 294
920 818
920 570
920 25
920 115
920 682
920 19
920 393
912 719
912 758
912 266
912 700
912 736
912 636
912 737
912 727
912 332
912 174
912 576
912 72
912 236
912 691
912 896
240 355
240 224
240 83
240 784
240 414
240 77
240 599
240 591
240 313
240 966
240 676
240 76
240 911
240 537
240 69
240 136
240 271
240 427
240 544
240 730
399 678
399 212
399 154
399 253
399 938
399 322
399 295
399 215
399 436
399 820
399 6
399 653
399 366
399 179
399 181
399 710
399 324
399 585
399 321
399 16
399 262
399 728
675 602
675 923
675 624
675 33
675 538
675 979
675 323
675 464
675 119
675 250
675 744
675 551
675 90
675 252
433 105
433 475
433 401
433 599
433 716
433 297
433 280
433 846
433 816
433 233
433 969
433 583
433 473
433 182
433 314
433 244
433 896
433 463
125 455
125 740
125 815
125 733
125 105
125 803
125 660
125 117
125 126
125 183
125 543
125 18
125 89
125 380
125 94
125 976
125 349
125 768
125 321
125 606
125 691
125 693
655 474
655 796
655 345
655 286
655 163
655 598
655 109
655 577
655 688
655 245
655 513
655 175
655 695
655 443
655 667
826 406
826 717
826 388
826 160
826 865
826 281
826 694
355 150
355 755
355 497
355 177
355 931
355 411
355 36
355 429
355 448
355 319
355 844
355 688
355 170
355 179
355 127
355 643
355 606
342 446
342 991
342 464
342 768
342 652
342 88
342 696
342 797
342 259
540 845
540 923
540 801
540 303
540 270
540 458
540 760
540 722
540 561
540 535
540 230
540 768
540 130
540 88
540 375
400 812
400 394
400 272
400 5
400 631
400 989
400 662
400 591
400 113
400 886
400 772
400 219
400 741
400 69
400 495
400 200
400 202
404 988
404 286
404 407
404 596
404 501
404 648
404 186
404 914
404 604
622 514
622 736
622 172
622 132
622 718
622 174
622 388
622 90
622 314
622 351
622 32
622 516
622 990
192 620
192 533
192 2
192 762
192 835
192 70
192 970
192 203
192 895
192 501
192 834
192 757
192 843
254 988
254 272
254 640
254 745
254 188
254 855
254 510
254 730
254 843
254 23
254 395
341 790
341 823
341 660
341 215
341 13
341 553
341 29
341 966
341 570
341 304
341 955
341 748
341 426
341 410
341 166
341 696
224 764
224 973
224 580
224 338
224 861
224 383
224 820
224 435
224 783
224 165
224 741
224 141
224 128
224 452
224 64
224 868
224 728
224 793
82 946
82 390
82 416
82 838
82 77
82 215
82 579
82 44
82 466
82 258
82 930
82 34
82 72
82 785
68 917
68 921
68 469
68 893
68 466
68 34
68 425
68 542
68 892
68 604
68 88
68 699
68 23
68 118
68 223
68 301
68 896
68 797
282 154
282 860
282 434
282 801
282 737
282 114
282 591
282 57
282 15
282 152
282 754
282 319
282 18
282 111
282 236
282 993
282 262
282 480
222 566
222 180
222 286
222 497
222 745
222 158
222 298
222 94
222 757
222 768
222 894
222 443
620 461
620 382
620 845
620 700
620 114
620 981
620 794
620 172
620 464
620 319
620 18
620 365
620 139
620 136
620 425
620 135
620 785
620 463
317 790
317 618
317 624
317 833
317 953
317 142
317 820
317 579
317 316
317 65
317 203
317 425
317 922
317 513
317 16
317 166
358 446
358 973
358 591
358 485
358 656
358 214
358 970
358 160
358 857
358 91
358 896
358 693
589 548
589 621
589 602
589 352
589 988
589 360
589 619
589 379
589 975
589 902
589 718
589 484
589 170
589 149
589 75
589 432
589 535
589 90
589 550
589 854
589 182
589 712
589 334
589 437
589 53
124 764
124 83
124 918
124 434
124 633
124 286
124 777
124 303
124 885
124 276
124 25
124 219
124 702
124 704
124 647
124 537
124 229
124 1000
124 806
124 130
124 695
124 627
678 687
678 1
678 887
678 211
678 608
678 497
678 499
678 305
678 173
678 84
678 672
678 381
678 168
678 588
678 512
678 999
678 228
678 462
678 793
678 749
812 154
812 615
812 714
812 938
812 640
812 612
812 187
812 458
812 18
812 377
812 976
812 46
812 392
812 627
764 618
764 390
764 808
764 418
764 866
764 521
764 366
764 471
764 922
764 236
764 699
764 393
764 356
212 27
212 177
212 279
212 307
212 13
212 36
212 306
212 866
212 886
212 677
212 539
212 974
212 285
212 868
212 206
212 990
22 878
22 434
22 266
22 401
22 277
22 759
22 152
22 521
22 642
22 702
22 942
22 157
22 775
22 262
549 750
549 708
549 953
549 538
549 320
549 6
549 554
549 577
549 188
549 466
549 847
549 407
549 588
549 194
549 351
549 480
671 815
671 451
671 320
671 436
671 291
671 775
671 166
671 507
671 397
541 184
541 562
541 210
541 871
541 362
541 966
541 798
541 772
541 381
541 578
541 791
541 879
438 154
438 991
438 492
438 624
438 837
438 279
438 350
438 554
438 458
438 822
438 913
438 34
438 848
438 72
438 684
438 373
438 88
438 369
438 262
85 918
85 338
85 382
85 368
85 762
85 833
85 981
85 205
85 464
85 188
85 856
85 967
85 626
85 202
85 481
85 228
85 896
85 53
600 546
600 322
600 158
600 657
600 44
600 962
600 182
600 166
600 894
600 853
600 516
430 746
430 520
430 923
430 981
430 411
430 561
430 676
430 72
430 555
430 694
430 696
154 719
154 625
154 636
154 105
154 724
154 177
154 227
154 964
154 260
154 376
154 199
154 15
154 264
154 587
154 324
154 74
154 204
154 265
615 619
615 163
615 958
615 554
615 189
615 459
615 913
615 676
615 221
615 592
615 634
615 748
615 855
615 467
615 356
615 32
615 516
446 20
446 815
446 931
446 15
446 579
446 226
446 70
446 972
446 353
446 744
446 208
446 542
446 684
446 236
446 74
446 223
83 738
83 39
83 114
83 890
83 77
83 226
83 448
83 362
83 898
83 128
83 960
83 148
83 410
83 202
83 228
83 193
860 988
860 546
860 303
860 735
860 201
860 479
860 373
860 78
860 502
860 749
394 318
394 988
394 923
394 801
394 833
394 880
394 986
394 485
394 681
394 407
394 208
394 684
394 325
394 892
394 234
394 896
394 259
455 623
455 73
455 33
455 296
455 43
455 644
455 422
455 570
455 688
455 11
455 676
455 76
455 420
455 663
455 339
455 606
514 461
514 552
514 414
514 556
514 15
514 846
514 849
514 966
514 347
514 106
687 476
687 708
687 145
687 995
687 641
687 624
687 952
687 435
687 910
687 189
687 29
687 587
687 561
687 494
687 304
687 63
687 452
687 230
687 510
687 143
687 78
687 505
566 781
566 461
566 105
566 936
566 39
566 15
566 419
566 603
566 943
566 221
566 723
566 922
566 369
566 515
566 957
566 393
566 351
566 437
719 625
719 286
719 841
719 205
719 80
719 290
719 30
719 677
719 570
719 25
719 576
719 888
719 495
719 398
719 72
719 638
719 90
719 252
719 775
474 27
474 266
474 988
474 442
474 486
474 151
474 969
474 688
474 11
474 811
474 933
474 230
474 198
973 533
973 975
973 36
973 722
973 704
973 69
973 452
973 643
973 432
973 268
973 120
973 564
973 437
548 916
548 476
548 406
548 418
548 777
548 934
548 572
548 323
548 362
548 656
548 359
548 813
548 817
548 539
548 365
548 115
548 911
548 90
391 102
391 618
391 532
391 73
391 346
391 890
391 320
391 716
391 172
391 726
391 14
391 217
391 772
391 911
391 865
391 127
391 965
391 420
391 742
391 90
391 956
391 810
625 552
625 145
625 619
625 210
625 411
625 243
625 429
625 668
625 638
625 914
625 261
625 16
625 896
625 982
1 709
1 641
1 7
1 289
1 716
1 199
1 158
1 866
1 188
1 865
1 398
1 200
1 328
1 853
27 492
27 379
27 666
27 31
27 767
27 527
27 898
27 288
27 381
27 539
27 715
27 186
27 148
27 130
27 751
27 228
27 397
318 946
318 633
318 641
318 374
318 546
318 80
318 579
318 783
318 189
318 527
318 427
318 200
318 545
318 515
318 206
887 413
887 532
887 180
887 624
887 279
887 782
887 15
887 469
887 527
887 221
887 479
887 684
887 595
916 102
916 641
916 210
916 39
916 302
916 80
916 820
916 329
916 581
916 291
916 157
916 785
916 694
916 797
878 736
878 801
878 932
878 411
878 409
878 994
878 816
878 898
878 371
878 285
878 501
878 245
878 574
878 545
878 78
878 957
878 397
689 815
689 841
689 670
689 15
689 846
689 681
689 900
689 188
689 704
689 537
689 568
689 314
689 502
758 740
758 918
758 145
758 737
758 838
758 727
758 40
758 77
758 458
758 798
758 268
758 590
758 984
220 641
220 931
220 981
220 109
220 29
220 30
220 704
220 471
220 63
220 974
220 962
211 737
211 418
211 556
211 835
211 952
211 468
211 323
211 717
211 388
211 493
211 565
211 304
211 976
211 773
211 768
211 842
750 746
750 390
750 497
750 416
750 70
750 572
750 264
750 603
750 614
750 822
750 972
750 25
750 274
750 903
750 669
750 386
740 508
740 279
740 890
740 409
740 84
740 587
740 362
740 527
740 378
740 697
740 420
740 555
740 244
740 506
740 868
740 269
413 338
413 559
413 794
413 591
413 303
413 902
413 419
413 38
413 744
413 130
413 550
98 917
98 837
98 556
98 531
98 70
98 959
98 629
98 757
98 864
98 194
98 765
98 178
98 507
98 370
946 700
946 607
946 546
946 936
946 783
946 908
946 447
946 183
946 673
946 271
946 111
946 268
946 864
946 626
946 761
946 585
946 999
946 509
790 368
790 451
790 289
790 40
790 881
790 36
790 484
790 822
790 904
790 18
790 76
790 69
790 922
790 143
790 64
790 356
790 774
790 370
918 618
918 61
918 837
918 39
918 444
918 307
918 670
918 866
918 422
918 448
918 238
918 813
918 798
918 381
918 160
918 473
918 832
918 545
918 134
918 785
918 356
918 397
918 463
580 692
580 552
580 150
580 406
580 289
580 36
580 893
580 642
580 44
580 258
580 723
580 806
580 870
580 373
580 408
580 595
580 526
580 334
711 184
711 5
711 340
711 6
711 297
711 900
711 188
711 108
711 183
711 137
711 723
711 928
711 16
711 421
711 982
434 709
434 988
434 286
434 743
434 607
434 372
434 573
434 300
434 464
434 329
434 26
434 380
434 684
434 669
434 166
434 696
434 500
434 505
796 641
796 33
796 383
796 173
796 332
796 521
796 527
796 221
796 115
796 76
796 638
796 550
796 712
796 370
796 575
692 533
692 528
692 552
692 636
692 743
692 418
692 660
692 979
692 429
692 381
692 281
692 427
692 245
692 470
692 526
692 564
476 923
476 372
476 486
476 376
476 409
476 703
476 485
476 332
476 795
476 189
476 69
476 181
476 92
476 153
476 90
476 339
476 505
476 334
621 61
621 272
621 799
621 49
621 484
621 323
621 512
621 204
621 516
621 259
20 562
20 937
20 612
20 986
20 635
20 173
20 43
20 15
20 113
20 359
20 847
20 539
781 414
781 496
781 833
781 660
781 475
781 556
781 581
781 676
781 380
781 947
781 285
781 452
781 230
781 638
781 874
781 999
781 785
781 568
781 197
62 383
62 295
62 187
62 483
62 726
62 587
62 603
62 283
62 69
62 136
62 331
62 285
62 889
62 748
62 545
62 853
62 667
102 533
102 917
102 964
102 383
102 902
102 657
102 298
102 704
102 477
102 392
102 684
102 236
102 761
102 595
102 712
709 461
709 406
709 302
709 881
709 435
709 152
709 458
709 653
709 814
709 702
709 723
709 832
709 470
709 638
709 373
709 652
709 761
709 410
338 952
338 297
338 653
338 445
338 913
338 647
338 855
338 870
338 578
338 984
338 293
338 749
991 846
991 113
991 264
991 30
991 856
991 583
991 371
991 715
991 571
991 339
991 130
991 23
991 393
991 334
618 799
618 296
618 332
618 270
618 629
618 169
618 886
618 577
618 789
618 822
618 103
618 160
618 895
618 380
618 141
618 652
618 255
266 472
266 978
266 485
266 488
266 849
266 283
266 858
266 477
266 480
266 613
461 829
461 406
461 28
461 273
461 556
461 164
461 189
461 25
461 811
461 385
461 247
461 377
461 349
461 842
461 88
461 175
461 16
829 520
829 188
829 44
829 779
829 581
829 385
829 92
829 64
829 874
829 980
829 118
602 105
602 745
602 215
602 952
602 767
602 611
602 681
602 316
602 218
602 972
602 847
602 89
602 676
602 203
602 229
602 299
602 52
602 648
602 857
602 536
602 928
602 197
602 393
623 731
623 931
623 818
623 298
623 466
623 847
623 961
623 128
623 763
623 223
623 480
623 35
382 532
382 777
382 303
382 846
382 448
382 381
382 601
382 652
382 369
382 699
382 502
382 693
382 990
508 253
508 700
508 608
508 743
508 986
508 405
508 132
508 448
508 789
508 365
508 705
508 751
508 512
746 700
746 456
746 871
746 882
746 468
746 129
746 169
746 329
746 688
746 34
746 855
746 999
746 765
746 695
746 255
345 499
345 405
345 217
345 445
345 18
345 947
345 470
345 46
345 684
345 482
345 178
345 443
532 552
532 727
532 320
532 745
532 884
532 18
532 639
532 110
532 46
532 392
532 663
532 408
532 182
532 159
532 361
532 91
532 395
520 714
520 801
520 612
520 583
520 688
520 974
520 200
520 197
533 286
533 290
533 718
533 300
533 238
533 813
533 459
533 779
533 748
533 489
559 714
559 632
559 492
559 762
559 379
559 444
559 290
559 959
559 844
559 203
559 291
559 668
559 140
559 854
559 178
559 481
559 896
559 397
559 502
559 793
162 632
162 762
162 944
162 227
162 890
162 36
162 117
162 554
162 893
162 493
162 895
162 588
162 843
162 293
162 667
528 562
528 190
528 612
528 697
528 970
528 972
528 18
528 291
528 377
528 285
528 786
528 763
528 926
390 368
390 986
390 401
390 294
390 445
390 214
390 822
390 459
390 247
390 956
390 175
390 204
390 793
256 633
256 988
256 374
256 497
256 725
256 279
256 302
256 132
256 113
256 152
256 741
256 127
256 914
256 578
256 853
180 496
180 323
180 313
180 233
180 676
180 601
180 467
180 78
180 763
180 853
403 253
403 307
403 656
403 817
403 25
403 473
403 258
403 537
403 245
403 46
403 857
403 134
403 712
403 23
403 984
403 564
845 253
845 352
845 714
845 210
845 389
845 599
845 113
845 959
845 448
845 235
845 577
845 849
845 381
845 704
845 852
845 555
845 489
845 984
845 734
808 31
808 794
808 172
808 959
808 886
808 30
808 170
808 208
808 452
808 72
808 134
808 467
808 730
808 223
808 659
253 210
253 631
253 795
253 813
253 744
253 115
253 542
253 398
253 432
253 175
253 590
253 314
253 734
253 659
352 902
352 816
352 603
352 217
352 817
352 844
352 473
352 380
352 347
352 425
352 720
352 432
352 140
352 234
352 765
352 785
2 263
2 456
2 279
2 558
2 280
2 313
2 316
2 327
2 705
2 392
2 962
2 588
2 715
2 545
2 301
2 821
2 693
633 923
633 145
633 466
633 834
633 588
633 120
633 768
633 669
633 585
633 74
633 293
700 755
700 737
700 172
700 672
700 174
700 11
700 34
700 694
491 389
491 992
491 932
491 312
491 14
491 65
491 668
491 848
491 255
308 51
308 953
308 77
308 378
308 847
308 183
308 581
308 89
308 744
308 179
308 479
308 870
308 776
308 32
308 797
714 499
714 635
714 409
714 29
714 174
714 577
714 760
714 754
714 985
714 168
714 888
714 69
714 357
714 245
714 56
714 626
714 23
988 360
988 389
988 833
988 953
988 782
988 579
988 902
988 468
988 113
988 26
988 704
988 425
988 245
988 75
988 153
988 797
472 312
472 199
472 531
472 573
472 468
472 961
472 974
472 336
472 501
472 512
472 293
472 223
368 737
368 210
368 33
368 644
368 521
368 387
368 772
368 522
368 179
368 481
368 926
368 990
552 708
552 163
552 416
552 414
552 372
552 49
552 429
552 759
552 422
552 113
552 362
552 697
552 704
552 304
552 638
552 198
552 646
552 691
552 627
736 424
736 411
736 332
736 726
736 943
736 895
736 596
736 425
736 213
736 643
736 479
736 130
736 324
736 761
708 612
708 929
708 152
708 323
708 717
708 900
708 176
708 217
708 327
708 705
708 325
708 510
708 252
708 134
708 550
708 206
239 897
239 163
239 485
239 866
239 313
239 856
239 522
239 561
239 326
239 501
239 245
239 479
239 515
239 526
632 272
632 163
632 416
632 114
632 277
632 816
632 464
632 108
632 596
632 848
632 236
632 874
632 301
632 395
632 207
150 631
150 39
150 30
150 26
150 432
150 685
150 626
150 512
150 763
150 879
150 728
150 269
815 932
815 322
815 594
815 484
815 298
815 459
815 702
815 94
815 889
815 178
815 696
815 502
755 777
755 554
755 264
755 152
755 319
755 466
755 814
755 343
755 366
755 247
755 605
755 398
755 819
73 497
73 631
73 33
73 635
73 979
73 188
73 319
73 570
73 214
73 722
73 597
73 137
73 427
73 648
73 373
73 64
73 19
492 530
492 674
492 881
492 246
492 527
492 153
492 255
492 193
938 379
938 84
938 38
938 189
938 281
938 477
938 398
938 705
938 200
938 397
61 442
61 752
61 376
61 835
61 84
61 294
61 452
61 914
61 261
61 956
61 480
61 693
923 242
923 611
923 113
923 388
923 985
923 136
923 494
923 432
923 652
923 763
923 568
147 737
147 724
147 738
147 132
147 422
147 856
147 913
147 895
147 705
147 773
147 993
147 480
286 724
286 497
286 5
286 456
286 782
286 747
286 283
286 326
286 487
286 832
286 392
286 748
286 339
286 408
286 166
286 251
272 416
272 837
272 289
272 164
272 296
272 468
272 846
272 183
272 701
272 258
272 551
272 339
272 604
272 252
272 761
272 595
272 999
272 896
731 995
731 992
731 651
731 277
731 306
731 902
731 554
731 250
731 276
731 798
731 126
731 493
731 221
731 947
731 748
731 373
731 193
731 462
145 496
145 300
145 276
145 139
145 537
145 141
145 265
907 640
907 389
907 752
907 15
907 657
907 717
907 754
907 722
907 955
907 261
907 53
360 305
360 644
360 132
360 70
360 300
360 388
360 884
360 283
360 976
360 942
360 668
360 470
360 56
360 118
360 35
762 743
762 998
762 307
762 151
762 485
762 934
762 900
762 603
762 185
762 359
762 911
762 347
762 471
762 648
762 715
762 914
762 178
762 706
442 738
442 538
442 138
442 783
442 246
442 795
442 103
442 597
442 139
442 471
442 858
442 705
442 663
442 130
442 467
442 512
51 379
51 215
51 934
51 573
51 910
51 381
51 895
51 115
51 137
51 865
51 974
51 128
51 536
51 42
51 763
51 821
51 667
841 444
841 158
841 218
841 647
841 271
841 542
841 855
841 715
841 248
841 134
640 546
640 725
640 302
640 591
640 469
640 466
640 961
640 136
640 34
640 962
640 648
640 513
640 64
640 130
640 467
640 526
640 505
995 389
995 992
995 953
995 444
995 40
995 232
995 14
995 985
995 288
995 237
995 34
995 965
995 742
995 299
995 268
995 186
995 437
995 462
641 374
641 414
641 882
641 435
641 323
641 653
641 677
641 849
641 319
641 218
641 203
641 285
641 245
641 46
641 536
641 691
374 177
374 599
374 591
374 611
374 994
374 14
374 717
374 789
374 817
374 203
374 63
374 175
374 23
374 244
374 627
374 749
944 743
944 937
944 630
944 109
944 226
944 250
944 814
944 673
944 281
944 661
944 426
944 143
944 261
944 321
944 879
944 502
636 105
636 612
636 978
636 654
636 629
636 189
636 900
636 108
636 219
636 701
636 515
608 897
608 635
608 15
608 767
608 264
608 233
608 577
608 583
608 149
608 802
608 870
608 186
608 903
608 857
608 843
608 178
608 696
608 691
608 819
608 506
608 53
608 749
263 932
263 109
263 43
263 14
263 886
263 677
263 493
263 26
263 203
263 895
263 69
263 110
263 213
263 712
263 896
619 820
619 435
619 454
619 656
619 445
619 935
619 425
619 339
619 555
619 236
619 843
801 424
801 932
801 931
801 603
801 682
801 501
801 92
801 159
801 516
801 793
184 456
184 921
184 535
184 684
184 892
184 874
184 728
184 269
562 444
562 662
562 409
562 849
562 798
562 673
562 343
562 903
562 148
562 375
562 982
562 749
737 992
737 989
737 964
737 979
737 84
737 44
737 319
737 25
737 543
737 247
737 788
737 911
737 773
737 72
737 684
737 588
737 685
737 248
737 765
737 91
210 497
210 289
210 187
210 747
210 994
210 908
210 672
210 900
210 561
210 392
210 426
210 669
210 441
210 293
210 421
210 500
210 370
210 990
733 242
733 986
733 745
733 910
733 813
733 291
733 299
733 710
733 481
733 502
105 496
105 530
105 953
105 681
105 298
105 11
105 271
105 127
105 229
105 357
105 510
105 426
105 64
105 397
389 992
389 964
389 835
389 422
389 972
389 208
389 331
389 551
389 268
624 981
624 13
624 934
624 454
624 726
624 65
624 89
624 947
624 723
624 515
624 157
624 868
624 982
87 674
87 40
87 630
87 283
87 45
87 647
87 110
87 723
87 52
87 369
87 669
724 163
724 598
724 738
724 43
724 306
724 152
724 316
724 822
724 304
724 661
724 245
724 984
724 421
724 505
784 932
784 937
784 43
784 468
784 642
784 914
784 699
784 926
784 728
497 346
497 190
497 716
497 215
497 36
497 553
497 849
497 583
497 65
497 466
497 634
497 285
497 604
497 519
497 361
743 932
743 599
743 164
743 312
743 43
743 554
743 246
743 614
743 237
743 141
743 786
743 601
743 479
743 748
743 186
743 792
743 198
743 223
743 32
743 370
743 395
743 443
752 340
752 783
752 238
752 966
752 183
752 170
752 682
752 643
752 967
752 763
752 351
752 507
607 9
607 411
607 579
607 65
607 605
607 494
607 271
607 347
607 947
607 848
607 588
607 314
897 346
897 33
897 921
897 527
897 849
897 466
897 722
897 283
897 744
897 930
897 115
897 596
897 479
897 349
897 544
546 346
546 414
546 379
546 230
546 157
546 712
546 361
546 244
163 992
163 837
163 850
163 674
163 872
163 789
163 798
163 581
163 773
163 140
163 513
163 88
163 877
163 500
163 397
416 992
416 850
416 227
416 277
416 290
416 132
416 994
416 146
416 176
416 381
416 283
416 326
416 366
416 539
416 271
416 471
416 495
416 682
416 252
5 273
5 803
5 260
5 794
5 594
5 654
5 26
5 63
5 398
5 479
5 806
5 652
5 505
598 833
598 242
598 486
598 488
598 185
598 849
598 221
598 590
598 791
598 437
406 242
406 981
406 890
406 320
406 343
406 247
406 285
406 834
406 832
406 720
406 186
406 175
406 255
406 500
177 676
177 427
177 974
177 19
177 728
799 674
799 998
799 572
799 553
799 29
799 493
799 663
799 806
799 88
799 252
799 321
799 819
799 507
424 803
424 893
424 445
424 214
424 779
424 983
424 493
424 976
424 720
424 568
424 791
424 509
241 414
241 630
241 871
241 782
241 243
241 448
241 943
241 720
241 914
241 467
241 568
241 481
241 821
241 251
241 443
838 803
838 662
838 820
838 36
838 959
838 188
838 817
838 814
838 788
838 465
838 106
838 467
838 669
838 751
838 877
838 696
838 301
917 672
917 818
917 844
917 183
917 647
917 933
917 682
917 470
917 230
917 590
917 410
917 23
456 346
456 187
456 881
456 469
456 554
456 959
456 943
456 788
456 605
456 537
456 565
456 536
456 134
456 590
456 91
456 506
456 207
456 793
9 958
9 975
9 820
9 483
9 303
9 448
9 614
9 576
9 347
9 75
9 426
9 652
9 646
992 451
992 38
992 294
992 447
992 904
992 592
992 377
992 551
992 832
992 299
992 328
992 204
28 952
28 435
28 226
28 611
28 326
28 493
28 888
28 237
28 34
28 128
28 802
28 903
28 775
28 765
28 32
837 158
837 217
837 387
837 849
837 875
837 304
837 928
837 21
837 159
936 681
936 294
936 527
936 103
936 18
936 366
936 76
936 935
936 245
936 544
936 148
936 751
936 157
936 321
936 659
340 631
340 273
340 803
340 660
340 975
340 15
340 488
340 189
340 238
340 329
340 849
340 847
340 983
340 865
340 955
340 544
340 274
340 892
340 512
340 21
340 259
346 59
346 109
346 909
346 795
346 108
346 822
346 970
346 65
346 63
346 408
346 843
346 980
346 696
346 982
725 631
725 989
725 138
725 226
725 866
725 522
725 326
725 935
725 834
725 535
725 550
725 695
725 262
725 502
414 114
414 418
414 747
414 817
414 160
414 170
414 962
414 710
414 230
414 778
414 143
414 652
414 88
414 234
414 166
190 401
190 405
190 435
190 464
190 381
190 702
190 366
190 676
190 170
190 179
190 245
190 470
190 1000
190 590
190 370
190 53
496 850
496 833
496 39
496 998
496 612
496 435
496 453
496 822
496 135
496 965
496 810
496 166
850 932
850 577
850 656
850 943
850 229
850 604
850 793
833 964
833 164
833 952
833 70
833 448
833 760
833 387
833 583
833 69
833 465
833 285
833 663
833 648
833 550
530 932
530 777
530 594
530 276
530 875
530 779
530 581
530 543
530 913
530 258
530 213
530 153
530 778
530 500
279 747
279 759
279 994
279 146
279 484
279 677
279 371
279 539
279 115
279 470
279 299
279 855
279 967
279 555
279 489
279 42
279 175
279 843
279 262
631 880
631 49
631 6
631 739
631 688
631 551
631 574
631 604
631 606
631 356
631 437
631 509
631 412
880 986
880 635
880 359
880 183
880 357
880 984
880 223
880 564
932 158
932 44
932 103
932 811
932 705
932 245
932 470
932 90
932 361
932 502
953 187
953 411
953 952
953 822
953 639
953 601
953 768
953 792
953 261
953 877
953 696
227 57
227 921
227 243
227 908
227 898
227 385
227 744
227 198
227 568
227 691
33 599
33 435
33 718
33 657
33 329
33 856
33 466
33 366
33 452
33 682
33 638
33 706
33 53
273 379
273 975
273 332
273 656
273 447
273 487
273 153
273 684
273 274
273 198
273 993
273 481
738 979
738 885
738 657
738 959
738 448
738 969
738 806
738 956
738 16
738 166
674 401
674 630
674 882
674 15
674 483
674 303
674 579
674 217
674 822
674 970
674 561
674 34
674 425
674 460
674 761
674 351
39 215
39 881
39 226
39 189
39 185
39 898
39 754
39 203
39 465
39 864
39 626
39 730
861 165
861 726
861 298
861 570
861 208
861 947
861 535
861 194
861 482
861 223
861 868
861 564
451 270
451 637
451 577
451 656
451 884
451 149
451 157
451 481
451 509
727 554
727 250
727 44
727 930
727 304
727 955
727 198
727 652
727 159
727 980
727 244
727 749
538 499
538 187
538 820
538 485
538 495
538 357
538 392
538 638
538 870
538 373
538 821
538 412
322 295
322 994
322 366
322 69
322 588
322 373
322 763
322 993
989 937
989 486
989 312
989 350
989 300
989 235
989 587
989 176
989 316
989 754
989 955
989 571
989 198
989 262
964 77
964 246
964 185
964 316
964 884
964 160
964 385
964 76
964 94
964 495
964 479
964 299
964 248
964 88
964 344
964 78
964 293
558 612
558 630
558 260
558 296
558 137
558 911
558 773
558 143
558 261
558 956
558 78
558 182
558 370
998 469
998 654
998 587
998 856
998 722
998 127
998 186
998 761
998 21
998 502
998 990
931 803
931 49
931 84
931 6
931 959
931 323
931 174
931 359
931 822
931 688
931 326
931 744
931 208
931 179
931 141
931 181
931 748
931 967
931 252
931 774
931 53
872 260
872 703
872 436
872 921
872 468
872 29
872 294
872 656
872 291
872 392
872 892
872 369
872 669
872 178
872 35
872 575
379 418
379 660
379 635
379 179
379 626
379 197
7 803
7 573
7 574
7 699
7 776
138 635
138 173
138 885
138 688
138 110
138 63
138 377
138 601
138 870
138 926
138 507
138 437
823 306
823 280
823 117
823 448
823 119
823 362
823 849
823 276
823 539
823 425
823 344
823 928
823 506
823 693
651 401
651 31
651 70
651 866
651 772
651 605
651 34
651 339
651 914
651 555
372 362
372 453
372 814
372 149
372 392
372 230
372 510
372 426
372 182
242 556
242 226
242 264
242 849
242 366
242 179
242 94
242 194
242 482
242 19
242 223
444 383
444 579
444 70
444 898
444 218
444 539
444 788
444 471
444 501
444 194
444 515
444 696
114 499
114 483
114 573
114 789
114 754
114 89
114 996
114 75
114 710
114 325
114 588
114 903
114 776
114 928
114 519
114 202
114 509
114 265
289 302
289 142
289 486
289 783
289 297
289 572
289 849
289 219
289 26
289 930
289 425
289 858
289 947
289 942
289 356
937 448
937 900
937 250
937 359
937 447
937 276
937 473
937 343
937 268
937 467
937 695
937 251
937 437
418 612
418 306
418 288
418 237
418 149
418 858
418 834
418 710
418 652
418 774
418 334
418 269
803 454
803 657
803 886
803 722
803 814
803 930
803 425
803 479
803 52
803 669
803 843
803 765
803 19
612 164
612 57
612 881
612 36
612 527
612 387
612 561
612 203
612 237
612 465
612 976
612 643
612 778
612 182
612 506
666 215
666 132
666 701
666 643
666 848
666 574
666 470
666 339
666 500
666 706
666 502
666 207
660 187
660 871
660 979
660 882
660 109
660 235
660 722
660 281
660 377
660 574
660 956
660 462
978 142
978 280
978 29
978 250
978 126
978 65
978 832
978 92
978 663
978 140
978 857
978 999
978 879
978 74
978 691
978 894
475 401
475 172
475 290
475 381
475 962
475 774
475 693
475 251
302 411
302 882
302 290
302 754
302 371
302 876
302 832
302 710
302 604
302 236
302 545
302 775
302 606
302 375
981 132
981 783
981 280
981 238
981 445
981 18
981 744
981 551
981 848
981 588
981 842
981 157
981 785
981 706
890 409
890 294
890 30
890 219
890 802
890 274
890 699
890 410
890 16
890 159
890 568
890 997
890 301
383 499
383 405
383 902
383 329
383 218
383 985
383 126
383 160
383 704
383 786
383 832
383 74
383 228
986 979
986 483
986 435
986 637
986 129
986 521
986 453
986 814
986 200
986 638
986 857
986 982
986 269
401 531
401 614
401 214
401 704
401 221
401 471
401 153
401 870
401 652
401 489
401 842
401 370
320 767
320 158
320 14
320 688
320 811
320 487
320 855
320 223
320 93
499 521
499 603
499 779
499 922
499 143
499 489
499 178
499 74
499 575
662 657
662 458
662 329
662 614
662 359
662 288
662 65
662 493
662 768
662 914
662 16
662 691
662 896
662 251
142 164
142 312
142 994
142 846
142 464
142 969
142 388
142 208
142 92
142 200
142 261
142 842
142 810
142 356
777 556
777 108
777 319
777 561
777 858
777 90
777 148
295 556
295 745
295 485
295 323
295 772
295 299
295 369
295 568
295 980
12 151
12 409
12 577
12 425
12 141
12 213
12 535
12 626
12 712
556 429
556 117
556 943
556 856
556 281
556 495
556 773
556 855
556 535
556 684
556 806
556 874
556 443
556 207
556 259
958 31
958 226
958 656
958 381
958 219
958 904
958 471
958 194
958 877
958 437
40 307
40 173
40 280
40 985
40 115
40 304
40 648
40 513
40 186
40 175
40 410
40 843
40 791
40 894
205 243
205 323
205 900
205 570
205 103
205 561
205 136
205 63
205 742
205 684
205 373
205 810
205 166
205 262
348 312
348 909
348 469
348 888
348 237
348 465
348 786
348 669
348 197
348 370
348 265
77 387
77 844
77 168
77 832
77 140
77 228
77 982
77 412
31 164
31 350
31 718
31 672
31 264
31 378
31 201
31 353
31 426
31 324
31 393
187 312
187 453
187 739
187 353
187 543
187 365
187 230
187 588
187 157
187 481
187 244
630 902
630 448
630 583
630 895
630 293
486 921
486 445
486 895
486 69
486 130
486 785
486 505
599 172
599 703
599 146
599 681
599 188
599 913
599 597
599 661
599 229
599 947
599 965
599 181
599 922
599 148
599 261
307 591
307 57
307 554
307 316
307 179
307 141
307 685
307 536
307 734
307 507
80 847
80 676
80 237
80 136
80 967
80 19
80 695
80 505
80 437
871 572
871 152
871 458
871 760
871 316
871 856
871 128
871 965
871 748
871 510
871 373
871 696
871 193
871 613
716 409
716 909
716 893
716 717
716 65
716 688
716 115
716 69
716 876
716 452
716 140
716 684
716 857
716 42
716 509
164 176
164 25
164 398
164 90
164 778
164 545
164 515
164 23
164 351
635 909
635 277
635 29
635 697
635 201
635 221
635 76
635 551
635 967
635 648
635 512
635 78
635 202
635 990
635 613
305 975
305 378
305 387
305 875
305 996
305 634
305 324
305 810
305 159
260 376
260 882
260 747
260 158
260 521
260 697
260 281
260 331
260 470
260 90
260 21
260 91
260 821
782 132
782 419
782 910
782 457
782 34
782 935
782 947
782 479
782 234
782 53
975 745
975 117
975 14
975 798
975 856
975 75
975 648
975 252
975 751
975 166
975 691
975 926
975 301
975 667
49 703
49 881
49 893
49 653
49 677
49 985
49 970
49 465
49 501
49 810
49 482
49 78
49 91
49 53
376 296
376 13
376 435
376 654
376 113
376 910
376 577
376 704
376 377
376 720
376 392
376 181
376 571
376 148
376 604
376 426
376 652
376 175
376 669
376 694
376 314
376 507
173 637
173 300
173 592
173 477
173 501
173 834
173 245
173 337
173 421
173 896
794 232
794 573
794 250
794 972
794 69
794 186
794 980
794 314
411 681
411 459
411 561
411 814
411 710
411 685
411 175
411 751
411 595
411 590
411 463
411 613
172 152
172 898
172 748
172 230
172 236
172 842
591 572
591 637
591 468
591 174
591 811
591 565
591 935
591 479
591 757
591 544
591 604
591 166
591 894
591 896
591 443
151 483
151 454
151 469
151 294
151 639
151 955
151 967
151 892
151 763
151 691
151 502
979 199
979 117
979 103
979 385
979 741
979 668
979 773
979 669
979 515
979 481
979 500
979 370
312 881
312 469
312 629
312 697
312 283
312 281
312 761
312 118
312 853
312 693
409 158
409 300
409 174
409 969
409 250
409 779
409 170
409 281
409 465
409 34
350 882
350 483
350 388
350 539
350 487
350 684
350 544
350 659
703 303
703 158
703 362
703 319
703 69
703 120
703 763
703 957
703 328
703 500
745 158
745 637
745 959
745 238
745 876
745 75
745 903
745 792
745 74
745 564
745 462
57 280
57 522
57 353
57 542
57 420
57 705
57 339
57 526
57 74
57 262
57 500
215 485
215 84
215 611
215 718
215 603
215 856
215 576
215 814
215 757
215 646
215 590
436 934
436 246
436 238
436 521
436 603
436 676
436 465
436 92
436 545
436 775
436 694
436 23
436 526
436 984
59 488
59 243
59 577
59 798
59 814
59 581
59 741
59 325
882 820
882 898
882 570
882 856
882 739
882 493
882 377
882 802
882 536
882 791
882 393
882 926
296 84
296 681
296 288
296 11
296 704
296 578
296 652
296 482
296 463
296 269
405 881
405 952
405 657
405 313
405 174
405 677
405 966
405 913
405 961
405 661
405 542
405 710
405 1000
405 571
405 261
405 21
405 118
405 262
405 507
405 370
405 502
670 579
670 129
670 165
670 816
670 185
670 103
670 293
670 462
670 509
881 820
881 795
881 893
881 779
881 597
881 347
881 947
881 933
881 512
199 70
199 726
199 681
199 329
199 447
199 970
199 457
199 285
199 236
199 32
747 553
747 816
747 233
747 642
747 723
747 245
747 392
747 153
747 669
747 595
747 421
820 108
820 652
820 857
820 536
820 810
820 785
820 984
820 793
835 488
835 893
835 250
835 822
835 970
835 847
835 605
835 976
835 120
835 93
13 277
13 726
13 576
13 11
13 18
13 427
13 855
13 663
13 892
13 571
13 23
13 421
13 265
109 994
109 735
109 798
109 875
109 605
109 571
43 885
43 484
43 448
43 760
43 217
43 447
43 25
43 597
43 865
43 336
43 75
43 148
43 864
43 669
485 237
485 648
485 696
485 821
485 443
15 303
15 579
15 718
15 119
15 185
15 697
15 676
15 63
15 420
15 64
15 695
909 329
909 353
909 565
909 494
909 229
909 638
909 175
909 386
909 462
921 677
921 814
921 343
921 858
921 748
921 536
921 928
921 157
921 843
921 774
921 395
332 554
332 654
332 629
332 587
332 653
332 25
332 69
332 347
332 634
332 551
332 933
332 489
332 993
332 980
332 337
332 228
332 193
332 564
952 146
952 886
952 108
952 65
952 291
952 331
952 757
952 255
952 463
488 277
488 70
488 158
488 126
488 786
488 470
488 980
232 767
232 84
232 795
232 329
232 294
232 656
232 201
232 380
232 269
232 53
232 667
767 243
767 70
767 657
767 169
767 614
767 653
767 677
767 972
767 576
767 365
767 247
767 477
767 730
767 785
767 505
767 463
243 483
243 866
243 587
243 884
243 739
243 366
243 407
243 494
243 271
243 52
243 967
243 373
243 293
483 36
483 129
483 238
483 44
483 291
483 427
483 452
483 501
483 111
483 236
483 699
483 568
483 712
483 984
483 91
483 32
483 259
303 306
303 422
303 313
303 380
303 757
303 261
303 166
303 691
303 990
84 168
84 647
84 537
84 357
84 194
84 157
84 393
579 531
579 218
579 160
579 493
579 271
579 19
277 726
277 174
277 359
277 898
277 331
277 947
277 245
290 359
290 371
290 955
290 373
290 64
290 21
290 53
290 509
290 613
36 422
36 521
36 362
36 701
36 371
36 597
36 960
36 626
36 182
36 244
36 328
644 313
644 362
644 798
644 457
644 976
644 261
644 351
429 759
429 264
429 576
429 76
429 638
429 489
429 301
429 506
429 265
885 362
885 798
885 466
885 704
885 888
885 494
885 427
885 768
885 42
885 785
885 223
885 421
132 323
132 886
132 527
132 702
132 366
132 34
132 471
132 858
132 128
132 705
132 748
132 802
132 855
132 768
132 515
132 775
132 32
132 462
934 994
934 313
934 378
934 888
934 705
934 544
934 489
934 765
435 994
435 323
435 960
435 555
435 64
435 568
435 314
435 375
435 480
435 462
454 634
454 858
454 947
454 336
454 88
454 321
454 712
454 244
454 193
454 564
531 969
531 570
531 115
531 141
531 452
531 984
531 74
531 691
531 262
531 395
759 904
759 744
759 247
759 141
759 328
759 223
759 502
759 251
226 818
226 108
226 844
226 676
226 168
226 347
226 63
226 574
226 544
226 648
226 843
226 118
226 301
226 334
783 469
783 522
783 183
783 643
783 349
783 776
783 482
783 980
783 506
783 797
6 594
6 126
6 970
6 371
6 895
6 237
6 111
6 574
6 544
6 571
6 761
6 993
6 980
6 91
270 458
270 596
270 974
270 551
270 962
270 200
270 339
270 344
270 244
270 500
270 564
70 929
70 246
70 521
70 972
70 135
70 786
70 200
70 64
70 194
594 760
594 512
594 667
306 959
306 760
306 605
306 34
306 843
306 361
306 734
306 193
158 264
158 388
158 779
158 543
158 904
158 110
158 535
158 648
158 730
158 993
158 791
158 228
929 201
929 160
929 495
929 933
929 802
929 148
929 408
929 134
929 321
929 393
297 280
297 422
297 697
297 201
297 128
297 955
297 832
297 842
297 441
297 337
572 294
572 388
572 875
572 11
572 139
572 930
572 647
572 457
572 425
572 922
572 198
572 334
572 706
572 251
611 642
611 44
611 453
611 739
611 283
611 72
611 426
611 467
611 821
994 217
994 757
994 993
994 93
902 726
902 103
902 701
902 983
902 137
902 479
902 23
902 301
902 375
902 265
573 846
573 258
573 127
573 648
573 626
469 113
469 233
469 89
469 168
469 638
469 819
419 672
419 802
419 778
419 197
419 251
637 264
637 362
637 168
637 110
637 663
637 234
637 646
637 157
637 397
637 982
38 388
38 237
38 34
38 106
38 64
38 421
718 866
718 900
718 362
718 677
718 849
718 214
718 493
718 347
718 858
718 230
718 268
718 993
718 463
718 728
718 207
718 259
468 14
468 339
468 21
468 397
468 251
280 298
280 570
280 288
280 283
280 682
280 723
280 200
280 956
280 669
280 879
280 193
146 448
146 822
146 702
146 567
146 69
146 955
146 56
146 375
908 654
908 276
908 673
908 137
908 495
908 786
908 92
908 819
553 592
553 94
553 285
553 349
553 638
553 120
553 715
553 694
657 387
657 966
657 581
657 811
657 493
657 141
657 398
657 75
657 153
657 922
657 555
657 694
657 734
657 564
846 543
846 473
846 495
846 868
846 667
846 207
866 152
866 521
866 359
866 365
866 704
866 139
866 69
866 487
866 452
866 268
866 870
866 261
117 672
117 422
117 656
117 875
117 930
117 976
117 876
117 748
117 855
117 536
117 775
117 694
117 481
117 91
117 228
117 193
117 207
672 466
672 814
672 371
672 870
672 715
672 42
672 854
672 437
129 201
129 477
129 398
129 544
129 604
129 314
129 262
129 255
129 868
554 893
554 185
554 217
554 365
554 139
554 596
554 519
554 627
554 896
422 447
422 543
422 45
422 597
422 139
422 137
422 876
422 786
422 571
422 182
422 386
422 421
165 847
165 493
165 682
165 120
165 810
165 854
165 728
246 189
246 817
246 283
246 473
246 930
246 200
246 984
246 437
654 816
654 772
654 688
654 704
654 551
654 92
654 52
654 544
654 194
654 223
113 448
113 108
113 168
113 639
113 634
113 601
113 230
113 328
959 300
959 681
959 11
959 247
959 285
959 460
959 776
910 561
910 930
910 494
910 465
910 643
910 892
910 914
910 926
910 774
910 259
264 221
264 377
264 120
264 604
264 928
264 74
264 480
152 966
152 347
152 75
152 392
152 874
152 21
152 78
152 984
484 189
484 183
484 11
484 26
484 605
484 331
484 955
484 848
484 568
484 393
726 717
726 960
726 470
726 774
323 527
323 522
323 722
323 647
323 661
323 347
323 868
323 437
323 749
300 319
300 25
300 865
300 510
300 993
300 314
300 627
300 693
629 844
629 935
629 699
629 159
629 984
629 412
14 677
14 581
14 420
14 877
14 351
14 506
14 821
14 706
816 201
816 522
816 847
816 720
816 392
816 52
816 626
816 393
816 749
448 681
448 250
448 634
448 420
448 855
448 90
448 234
448 999
448 91
448 821
448 462
448 35
448 990
795 221
795 291
795 643
795 922
795 715
795 373
189 325
189 198
189 734
189 728
169 366
169 203
169 281
169 933
169 955
169 965
169 262
169 500
169 575
235 970
235 913
235 639
235 420
235 111
235 535
235 571
235 88
235 868
235 463
235 93
235 265
458 849
458 884
458 875
458 326
458 127
458 63
458 349
458 652
458 956
458 669
458 78
458 356
458 896
458 506
458 749
29 561
29 326
29 744
29 479
29 922
29 914
29 56
29 234
29 259
464 30
464 966
464 798
464 597
464 567
464 285
464 723
464 72
464 268
464 648
313 521
313 378
313 639
313 452
313 111
313 90
313 519
313 691
313 412
893 656
893 527
893 543
893 911
893 976
893 470
893 140
893 763
893 695
893 334
893 269
174 673
174 18
174 208
174 895
174 137
174 425
174 128
174 646
174 321
174 696
174 749
681 298
681 814
681 811
233 858
233 1000
233 140
233 236
233 178
233 819
233 896
233 437
238 970
238 701
238 457
238 32
521 653
521 576
521 904
521 149
521 592
521 742
521 892
521 604
521 194
521 244
521 506
521 462
717 804
717 561
717 701
717 741
717 336
717 230
717 321
886 453
886 65
886 420
886 75
886 181
886 441
886 999
886 734
886 613
329 760
329 814
329 343
329 327
329 407
329 465
329 471
329 544
329 130
329 248
329 159
329 763
329 791
329 957
329 507
900 76
900 127
900 519
900 321
587 567
587 380
587 768
587 42
587 606
587 821
587 53
587 412
119 218
119 772
119 576
119 465
119 947
119 274
119 776
119 512
119 321
119 351
603 343
603 136
603 425
603 487
603 501
603 720
603 148
603 568
603 627
603 193
362 811
362 34
362 63
362 942
362 432
362 502
294 168
294 535
294 301
294 412
577 653
577 160
577 597
577 494
577 574
577 773
577 638
577 513
614 697
614 722
614 381
614 371
614 537
614 141
614 682
614 349
614 792
614 550
614 984
614 228
614 853
656 139
656 148
656 699
656 550
527 972
527 127
527 94
527 63
527 601
527 467
30 969
30 798
30 170
30 542
30 46
30 299
30 321
30 375
188 570
188 385
188 935
188 495
188 479
188 153
188 441
188 606
969 359
969 291
969 661
969 742
969 715
969 571
969 339
969 489
969 500
969 982
818 160
818 237
818 903
818 148
653 570
653 772
653 258
653 961
653 567
653 137
653 928
653 568
653 197
653 23
653 397
653 982
642 137
642 136
642 285
642 933
642 186
642 236
943 366
943 365
943 465
943 261
789 201
789 110
789 974
789 947
789 551
789 723
789 181
789 148
789 481
250 583
250 459
250 581
250 904
250 407
250 63
250 477
250 482
250 157
250 23
250 481
250 463
250 443
735 217
735 811
735 996
735 94
735 452
735 186
735 914
735 785
677 11
677 365
677 398
677 638
677 421
677 53
760 271
760 34
760 933
760 420
760 500
760 693
176 688
176 183
176 983
176 741
176 960
176 536
176 74
185 570
185 895
185 933
185 668
185 802
185 432
185 590
185 695
185 712
185 728
217 208
217 786
217 46
217 892
217 993
217 821
217 397
217 463
359 895
359 63
359 495
359 128
359 339
359 712
359 301
378 966
378 26
378 858
378 646
378 337
378 93
378 509
445 459
445 561
445 219
445 179
445 605
445 1000
445 489
445 791
898 722
898 779
898 955
898 90
898 768
898 957
804 447
804 381
804 213
804 999
804 791
804 223
804 228
44 447
44 108
44 722
44 983
44 962
44 669
44 223
387 366
387 168
387 643
387 130
387 712
387 204
447 754
447 581
447 691
447 507
849 813
849 856
849 583
849 229
849 723
849 470
849 207
316 605
316 127
316 63
316 111
316 460
316 588
316 64
316 810
316 749
813 561
813 179
813 336
813 715
813 344
813 202
388 970
388 643
388 130
388 857
388 223
388 793
388 259
108 779
108 88
108 519
108 957
108 244
108 667
298 276
298 218
298 814
298 581
298 179
298 213
298 64
298 774
298 507
276 844
276 127
276 106
276 489
276 369
276 204
276 706
754 592
754 457
754 331
754 663
754 792
754 842
754 182
754 207
754 412
319 739
319 647
319 237
319 304
319 786
319 960
319 1000
319 892
319 993
319 193
966 576
966 811
966 271
966 935
966 94
966 551
966 398
966 574
966 555
966 699
966 761
966 182
966 91
697 381
697 160
697 168
697 291
697 427
697 477
697 775
697 393
697 386
218 407
218 186
218 64
218 515
985 327
985 592
985 495
985 245
985 604
201 11
201 326
201 567
201 94
201 420
201 470
201 967
201 349
201 892
201 854
201 691
201 500
201 575
798 539
798 380
798 565
798 495
798 997
570 576
570 704
570 741
570 63
570 663
570 768
570 482
570 659
570 412
884 493
884 452
884 197
884 997
884 481
884 244
856 539
856 21
856 78
856 712
856 370
856 667
583 381
583 974
583 723
583 198
583 42
583 810
583 659
583 32
288 347
288 110
288 334
453 778
453 715
453 857
453 776
453 462
453 667
214 183
214 673
214 45
214 432
214 792
822 673
822 331
822 236
822 252
822 467
822 321
126 477
126 942
126 663
126 261
126 482
817 961
817 336
817 230
817 408
817 857
817 810
817 182
817 957
772 904
772 365
772 271
772 634
772 643
772 186
772 652
772 751
772 23
772 386
103 537
103 377
103 324
103 842
103 21
103 785
103 763
103 993
103 397
103 412
970 353
970 380
970 661
970 106
970 601
970 802
970 757
970 768
459 219
459 221
459 115
459 663
459 248
65 457
65 198
65 42
466 283
466 380
466 336
466 879
875 371
875 304
875 452
875 56
875 712
875 926
875 204
875 706
875 412
875 613
522 183
522 702
522 170
522 229
522 106
522 452
522 568
522 255
972 592
972 194
25 705
25 46
722 353
722 779
722 493
722 465
722 106
722 200
722 857
722 19
739 365
739 221
739 110
739 92
739 248
739 775
844 353
844 494
844 596
844 94
844 842
844 369
844 16
844 774
844 505
844 564
844 251
844 613
576 811
576 398
576 111
576 432
576 337
576 375
576 797
381 911
381 537
381 876
381 742
381 588
381 874
381 344
381 23
381 93
847 744
847 271
847 682
847 325
847 646
847 410
688 996
688 751
688 785
688 375
561 385
561 930
561 136
561 596
561 321
561 314
561 443
561 207
160 904
160 115
160 179
160 661
160 832
160 669
219 457
219 668
219 646
219 482
219 568
353 34
353 347
353 501
353 892
353 536
353 361
353 204
814 203
814 567
814 377
814 757
814 855
814 806
814 792
814 604
814 408
814 262
183 581
183 139
183 634
183 501
183 643
183 751
183 437
183 509
701 229
701 858
701 962
701 892
701 578
701 874
701 134
701 999
701 667
702 592
702 457
702 786
702 467
702 993
702 395
702 251
779 811
779 203
779 776
779 78
779 393
779 734
779 443
283 647
283 34
283 501
283 426
283 441
283 78
283 506
283 370
581 208
581 786
581 682
581 432
581 88
581 575
11 89
11 281
11 974
11 135
11 452
11 111
11 588
11 791
11 314
11 896
11 749
543 64
543 467
543 696
543 691
543 734
673 208
673 933
673 705
673 742
673 555
673 166
673 868
673 505
673 659
673 667
473 170
473 933
473 574
473 200
473 685
473 914
473 550
811 366
811 170
811 64
811 489
811 797
811 693
371 537
371 477
371 186
371 956
371 500
343 377
343 858
343 933
343 410
343 519
343 351
45 895
45 331
45 336
45 299
45 268
45 361
45 500
45 868
326 369
326 193
904 865
904 947
904 128
904 604
904 373
904 202
904 500
904 437
18 69
18 42
18 502
385 63
385 834
385 111
385 852
385 857
385 843
385 19
385 502
366 365
366 271
366 106
366 46
366 892
366 248
366 512
366 19
327 874
327 595
327 502
983 137
983 111
983 810
983 482
983 21
983 575
493 281
493 996
493 268
493 157
493 821
493 437
913 407
913 996
913 357
913 111
913 1000
913 778
913 148
913 761
913 765
913 328
26 271
26 465
26 274
26 903
26 236
26 956
26 251
89 69
89 957
89 412
676 141
676 470
676 685
676 928
676 854
676 23
676 314
170 229
170 933
170 75
170 181
170 52
170 274
170 186
170 857
170 505
168 127
168 141
168 128
168 965
168 646
168 575
258 380
258 42
258 928
258 590
258 785
258 159
258 421
258 868
258 706
258 575
597 208
597 895
597 788
597 643
597 574
597 684
597 460
597 408
597 545
597 843
597 993
597 228
597 506
539 365
539 930
539 291
539 705
539 245
539 325
539 90
539 186
539 585
407 930
407 261
407 512
365 911
365 768
365 999
365 321
365 879
365 314
365 728
365 502
744 601
744 46
744 515
744 223
744 269
247 501
247 810
247 730
247 606
704 864
704 166
704 896
704 564
704 251
203 208
203 741
203 213
203 285
203 942
203 53
208 930
208 347
208 555
208 321
208 691
208 505
895 757
895 914
895 91
895 262
895 819
895 395
139 127
139 198
961 380
961 110
961 551
930 865
930 63
930 78
930 321
221 149
221 148
221 695
221 506
647 741
647 661
647 935
647 477
647 324
647 515
647 159
647 734
567 452
567 392
567 761
567 397
115 76
115 565
115 487
115 634
115 848
115 710
115 325
115 460
115 685
115 512
115 706
115 35
639 281
639 465
639 574
639 578
639 626
639 980
639 997
639 301
639 797
888 427
888 470
888 460
888 236
888 293
888 395
788 537
788 643
788 181
788 544
788 515
788 627
788 251
137 495
137 613
76 974
76 914
76 765
76 361
76 74
237 834
237 792
237 42
237 351
237 868
237 334
237 93
237 412
237 793
237 575
741 149
741 947
741 768
741 198
741 842
741 694
179 858
179 213
179 773
179 512
179 462
605 892
605 370
911 452
911 410
911 730
537 470
537 776
537 761
537 482
537 410
537 463
380 723
380 398
380 696
865 477
865 505
291 16
291 879
291 74
69 457
69 285
69 88
69 515
69 585
69 397
69 32
281 465
281 245
281 768
281 864
281 776
281 463
281 35
136 427
136 544
136 638
136 64
136 194
136 88
136 369
996 494
996 42
996 957
996 659
565 574
565 694
565 159
565 894
494 706
494 207
271 974
271 181
271 544
271 120
271 892
271 23
271 301
271 819
127 149
127 213
127 339
127 369
127 19
149 604
149 489
149 252
304 551
304 775
596 661
596 111
596 585
596 182
596 334
596 462
596 93
661 542
661 668
661 460
661 120
661 426
661 408
661 21
661 356
661 255
661 821
661 793
465 792
465 369
465 410
465 627
592 141
592 1000
229 802
229 186
229 88
229 166
229 667
457 501
457 432
457 349
457 166
457 375
457 728
34 834
34 268
34 684
34 134
34 928
34 507
34 395
34 693
347 213
347 684
347 652
347 956
347 321
347 23
347 821
347 35
935 134
935 595
935 843
935 896
935 505
935 502
425 588
425 870
425 604
425 53
110 542
110 933
331 604
331 182
331 118
331 421
331 749
94 551
94 398
94 88
94 204
471 544
487 198
487 408
487 894
487 223
487 93
487 575
634 230
634 792
634 344
634 585
634 223
634 269
63 452
63 852
63 64
63 393
377 21
377 386
377 706
377 480
377 749
427 135
427 336
427 705
427 143
427 248
427 765
427 691
427 926
427 223
427 269
427 667
858 467
858 182
858 32
858 206
141 90
141 186
141 626
141 252
141 78
974 106
974 870
974 536
974 467
974 590
974 481
976 993
213 299
213 153
876 135
876 720
876 806
876 685
876 903
876 761
876 854
876 712
947 942
947 46
947 773
947 821
947 749
477 588
285 106
285 463
285 728
106 551
106 357
106 482
106 91
106 502
551 955
551 960
551 230
551 980
551 659
551 259
495 955
495 643
495 889
495 375
495 395
135 792
135 914
135 536
135 626
135 351
135 793
942 778
942 810
942 202
942 16
942 223
942 564
786 111
786 864
786 159
786 853
357 715
357 590
542 757
542 967
542 42
542 234
542 763
542 314
542 691
542 228
542 774
542 259
128 460
128 197
128 293
128 262
128 255
128 35
933 652
933 178
933 393
933 375
452 194
452 489
452 134
452 730
452 712
452 421
452 207
668 519
668 763
668 356
668 507
682 510
682 903
682 626
682 879
682 606
682 774
955 960
955 157
955 785
955 896
955 564
336 544
336 922
336 877
723 601
723 742
723 1000
723 578
723 130
723 507
723 193
398 571
398 118
501 802
501 432
501 806
501 877
501 926
501 821
965 470
965 230
965 685
965 198
965 175
965 515
965 999
965 178
965 774
965 35
601 578
601 56
601 879
601 91
601 328
834 236
834 134
834 32
834 93
420 52
420 140
420 274
420 198
420 78
420 159
832 590
832 21
832 506
960 111
960 663
960 626
960 134
960 197
960 500
960 206
111 889
111 757
111 515
111 868
111 32
111 193
705 56
705 21
705 585
705 462
245 140
245 268
245 775
245 207
245 793
643 773
643 857
643 175
643 695
643 606
643 505
643 462
643 206
889 663
889 685
889 999
889 393
889 351
889 255
852 773
852 544
852 369
852 301
852 575
742 802
742 92
742 535
742 482
742 506
742 990
848 663
848 72
848 186
848 515
848 21
848 877
848 197
848 957
848 375
75 92
75 230
75 369
75 761
75 512
75 896
479 685
479 344
574 663
574 274
574 91
470 299
470 571
470 236
470 626
470 252
470 467
470 765
470 728
46 922
46 441
46 695
46 74
46 328
46 516
46 207
46 206
720 588
720 914
720 193
720 265
720 990
299 757
299 513
299 32
299 502
962 802
962 663
962 21
962 606
962 505
962 35
181 194
181 751
181 202
181 207
710 252
710 328
710 251
748 325
748 64
748 512
748 386
802 261
802 536
802 252
802 175
802 564
802 443
773 855
773 325
773 699
773 515
773 791
773 118
773 223
773 982
773 53
92 588
92 857
92 393
92 259
432 870
432 712
432 91
432 982
432 93
153 555
153 482
153 957
153 706
855 510
855 23
1000 19
1000 293
1000 667
52 922
52 236
52 512
52 696
52 926
52 728
52 982
535 325
535 510
535 244
663 236
663 545
663 23
663 314
663 853
663 575
230 870
230 877
230 91
230 774
230 265
72 21
72 74
72 351
967 870
967 627
967 255
967 93
140 842
140 515
140 410
140 879
140 506
140 667
140 412
268 512
200 339
200 175
200 166
684 513
684 914
684 395
349 175
544 134
544 19
544 853
544 193
544 206
325 578
638 513
638 864
638 751
638 774
638 693
90 652
90 42
90 88
90 626
90 314
90 328
90 255
922 373
922 595
922 202
922 997
922 481
922 926
922 819
778 182
778 980
778 984
778 356
778 982
274 373
460 578
460 262
588 510
588 197
588 265
648 369
648 509
806 571
806 328
120 870
120 555
120 16
120 997
120 774
768 178
768 696
768 301
768 421
768 564
768 575
870 715
715 555
715 159
715 879
715 223
715 262
513 510
513 659
513 575
510 516
510 462
892 337
892 706
571 186
571 159
571 791
571 627
571 93
186 695
186 480
903 765
903 421
792 761
792 669
792 843
792 16
792 159
792 868
148 791
148 118
339 604
339 344
339 228
339 443
914 730
914 19
914 361
604 500
604 896
604 659
604 93
373 810
373 730
578 408
578 545
578 712
578 314
578 696
426 130
56 351
555 761
555 441
555 244
143 42
143 646
143 791
143 463
143 269
864 536
864 928
864 957
864 819
864 397
864 437
864 613
198 536
408 785
652 356
652 35
64 489
64 223
64 334
194 236
194 130
194 134
194 441
236 489
236 467
236 694
236 301
236 437
236 93
261 730
261 182
261 505
130 877
857 775
857 695
324 482
324 695
324 564
489 248
489 509
248 175
248 894
536 202
536 197
536 223
536 500
42 410
42 463
42 412
842 356
88 321
88 269
88 53
88 575
369 159
369 223
369 480
626 255
626 412
626 613
699 730
699 337
699 93
344 999
344 730
810 370
252 550
252 393
252 204
134 507
776 763
776 706
776 667
776 990
467 223
467 506
467 259
175 761
175 157
175 182
175 791
175 853
175 982
761 765
761 568
761 728
669 421
550 182
550 997
550 853
515 157
515 182
515 23
515 691
515 575
928 19
928 361
928 337
751 337
751 613
441 512
441 19
441 244
441 421
234 321
234 695
234 509
234 793
646 19
646 166
482 606
482 749
512 157
512 691
512 375
512 706
512 207
21 410
21 301
21 397
21 251
21 749
854 506
854 334
854 613
410 259
410 613
157 712
157 393
157 91
157 193
585 443
877 695
877 879
78 519
78 159
78 980
78 505
78 728
999 775
999 694
999 361
999 606
730 984
730 696
730 691
730 223
730 853
730 93
775 516
775 412
843 74
519 659
519 53
765 197
202 462
202 53
202 259
16 301
16 659
16 412
694 386
178 265
182 32
159 695
159 821
159 505
763 728
763 207
993 568
993 712
993 509
695 197
695 356
695 693
695 990
695 613
568 791
980 500
980 207
712 328
712 659
712 462
197 957
197 370
23 314
23 223
23 228
791 193
791 53
361 506
879 606
997 356
526 223
526 613
957 462
957 667
481 853
481 370
481 93
393 386
393 853
393 693
74 894
74 443
74 206
314 351
244 166
244 421
244 375
244 251
91 693
91 269
91 206
328 375
328 35
696 293
696 659
696 728
118 462
691 386
691 301
691 797
691 516
386 728
351 613
337 262
337 868
734 693
627 793
255 516
255 265
774 395
301 395
421 896
421 659
421 443
204 334
204 93
204 53
819 334
500 35
506 728
506 667
821 706
868 93
507 53
659 728
397 375
397 693
397 412
397 206
797 502
370 93
516 206
251 53
462 259
269 575
53 412
207 35
35 575
