10000 10000 2 4000
3676 5814
5391 14
5391 7889
4206 5698
7567 8926
7567 9720
7567 8798
7567 2432
3562 693
3562 4809
3562 4679
1383 5991
1383 2257
1383 3120
3556 2329
3556 4966
3556 5350
4144 8988
4144 2303
4329 2780
4329 1561
4329 5803
5841 3356
2471 4371
1277 3303
1277 2285
1277 9325
3490 7588
707 4615
3803 1388
4626 4836
4626 7772
4626 5382
3911 9093
3821 9140
3821 1400
3821 302
2749 9940
837 2275
117 2157
117 4429
5002 180
5566 6504
5566 2008
5566 3677
5566 2263
813 2480
813 2358
4768 4174
4768 1827
6983 7951
644 1053
644 1045
34 8161
7532 2302
3628 4348
8222 7457
7556 9046
7556 5889
7369 4393
7369 3123
3082 6199
3082 3832
3082 3930
3082 6973
9816 7964
9816 5508
5883 4225
5883 5859
8124 6060
8124 7513
8124 8569
8124 7069
8124 4515
8124 8623
6485 3788
6696 3968
6696 2617
6696 695
6696 4113
7653 315
7653 1066
7653 8177
7653 7332
6877 143
6877 3938
7799 9462
7799 2734
2726 6335
5552 1755
8537 1949
8537 2151
8537 1154
8537 9837
6576 1196
5663 4072
5663 9186
8621 81
8621 1754
6971 9536
6971 524
4998 2748
4998 8637
4998 9814
4998 6574
5793 924
5793 4058
4948 7850
812 9898
812 9032
1334 8658
1334 2150
3302 5157
3302 61
3302 1048
4797 5755
4797 1599
4797 447
5291 4015
1371 2542
1371 7657
8947 4436
926 1583
926 491
926 4812
926 1446
3422 9914
5100 451
5100 7493
5100 3623
649 8649
649 6040
9860 7707
9860 6946
9860 7470
404 7956
404 1984
404 2075
3647 1249
3647 4975
6682 4381
6682 9803
6682 7889
6682 6727
6682 9260
9778 4204
9778 632
9778 4848
9778 1703
188 5286
188 9108
188 3006
3972 2265
3972 2900
983 1330
983 5744
983 6492
983 5069
7751 5725
7751 2364
7751 2231
3030 5649
6012 571
6012 6020
6221 6928
6303 696
6303 1899
9765 3333
2157 2197
2157 7080
4398 2875
9047 1940
9730 3057
3538 5557
770 3293
770 8092
770 2544
7941 2081
3474 2990
3474 1644
3474 907
3474 4421
3197 3242
3197 1698
5093 7701
5093 673
5093 1435
4524 5001
4524 3802
5777 2908
5777 9465
5777 9903
8593 5843
8593 4052
8593 943
6148 5692
6148 1552
6148 7992
6148 3595
6148 6287
2450 3219
2450 6786
2450 248
2450 6351
2450 7419
4977 2831
9873 1852
7073 9122
7073 10000
7073 7967
3701 3013
1283 2489
1283 5378
1283 4576
6937 1167
6937 4409
246 809
246 8937
246 9493
6423 6033
9469 5946
1265 229
6589 3769
6589 2976
6589 5204
8540 4263
8540 3405
8540 8307
5001 2765
5001 3828
5001 2989
5001 943
5704 467
4207 6775
4207 4996
9534 2345
3591 5976
3591 7126
3591 1628
5013 9421
3270 2332
3270 4842
3270 5364
7191 2824
2413 8718
2413 9783
6537 2415
6537 7578
6537 9694
6585 7638
6585 929
909 7188
909 7498
1114 4941
1114 7925
2937 6181
8468 1139
5235 8937
5235 4058
3 7980
3 6760
3 9074
3 3922
3 4718
3 1214
3029 5808
8405 2217
5534 5745
5534 4233
3282 1902
3282 5590
5917 3530
5917 6698
5917 541
5917 2664
6085 737
6085 2497
6085 6014
2983 1647
2983 1611
5286 2492
3042 5423
3797 2699
9412 9638
9412 6241
9584 4729
7153 2190
1285 5627
6074 7201
7819 8607
7819 6233
7819 9684
7819 4421
663 3982
663 4184
663 9313
3461 7069
3461 6819
3461 7671
1422 7400
1422 3522
1422 8725
5637 3044
5637 6470
5637 7704
5637 4202
4916 2658
4916 4148
9638 4960
9964 462
3094 3177
3726 3657
3726 6439
3726 8966
6107 9264
8526 3363
9598 6166
9598 8558
9598 7221
9598 8429
7928 7658
7928 9085
5816 595
5816 8516
8506 8925
8506 3580
8506 39
8506 8721
6001 8026
6001 4427
6001 406
6001 8116
6198 8501
6198 2998
6198 2311
6198 7282
8495 3782
5706 1241
5706 920
5706 6812
4769 492
4331 6253
4331 1389
4331 3289
4331 9942
7335 5832
7335 3951
7335 1587
7335 2783
7840 1707
7840 1365
3729 8243
3729 8002
3729 2357
3729 2673
3729 6910
9142 9709
9142 1253
9142 6856
4758 5671
4758 4341
4758 8857
4758 4021
4369 976
434 6273
5135 9306
5135 2089
8093 9979
8093 4353
8093 9798
3379 6410
3379 2862
2795 1545
2795 3996
7723 4749
1192 5576
1192 6969
1192 5240
1192 7490
1192 5629
9947 8282
9947 305
9947 3853
2980 2645
2980 6289
2980 3636
143 2486
143 2023
143 5815
143 5488
5193 3276
3366 5689
3366 701
3366 1066
6401 1519
8102 4188
5072 6174
5072 7299
5072 9017
5072 4244
5072 3435
9583 6154
8306 1826
3308 4553
3308 7001
4209 7390
4209 423
4209 6084
5679 6736
5679 8721
3486 3503
3486 835
8555 6791
8555 4165
8555 9574
2555 1149
9735 822
9735 1906
9735 2823
9735 1419
9735 6806
2532 1997
2532 6674
6490 1704
6490 9260
6490 5107
8862 4403
8643 127
8643 9715
8643 9679
2255 9955
4633 3443
4633 8876
4753 980
4753 466
4753 9465
4753 9487
2278 322
3271 5157
7376 2944
1624 847
1624 159
7655 160
7655 1653
8808 2916
8808 2767
8639 4244
3105 7214
3105 9513
3105 438
3105 6605
3105 1620
3105 3290
5214 6062
8773 2424
8773 1926
3557 1863
3557 2336
3557 9600
9801 6608
93 8525
504 7601
9800 9133
9800 809
9800 1790
9800 1495
9800 6685
4349 3173
4349 9063
4349 4085
4967 2382
624 8162
7041 8065
7041 5073
3370 7804
1317 1691
1317 759
1954 6489
9149 9573
9149 3629
11 4831
11 6132
11 6700
7559 4150
7559 480
6676 2976
7394 4353
4875 5978
8564 5132
4646 4766
4646 6910
4646 4703
4646 3382
7006 5567
7006 2606
7006 4029
7006 3373
765 8297
765 7950
765 9245
765 1228
765 6785
2291 9271
2291 3641
2291 4258
2291 9258
4391 8310
4391 1170
5675 8453
5675 3773
6349 5558
6349 9632
6349 9663
6349 9555
6349 1950
6616 6486
6616 4029
6616 1013
6993 7050
6993 4577
6993 3752
6993 8407
4216 8812
8085 6502
1858 5147
2321 4198
2321 3900
1842 5788
5430 6594
5430 4130
991 7232
5255 3944
5255 5195
5255 8517
5255 4151
5255 5727
9276 5275
8800 3923
8800 1296
8800 7052
8800 6044
5251 4432
7321 3137
3512 9393
3512 6069
9713 9030
9713 2477
9713 3350
9713 7173
9713 2659
5830 2446
5830 1689
5830 1836
1532 8179
1532 929
5124 8520
4606 7885
5200 3597
5200 8923
5200 5276
5200 8254
395 2755
395 9233
3662 8557
3662 3145
3662 3217
3662 8314
645 3078
645 8315
9680 66
9680 5427
9680 4521
5536 3267
5565 1104
838 6247
7156 1299
3884 6119
7386 1706
7386 6907
8456 8463
8456 1174
4513 4017
4513 5732
9080 617
8156 6674
8156 3807
5264 8178
5264 6836
5264 2854
5264 7460
4185 2853
4185 4337
8097 9909
4430 1032
4430 7340
4430 9761
4430 1677
4430 8630
9159 9279
9159 7328
8271 8309
8271 1565
8271 6544
8271 5670
2141 7462
2141 4887
2141 3013
2141 3758
2141 7828
2141 3448
2362 5082
2362 4643
2362 753
3687 207
3687 901
3687 6486
3687 555
3886 1279
1175 195
1175 2445
6300 5287
7378 6243
7378 3862
7378 642
1053 9528
9608 1269
9608 8068
9608 8879
1266 9271
1032 3027
1032 4632
2515 2076
3991 7327
8235 756
8235 3664
297 9287
9122 7866
9122 4055
4431 9526
4431 7145
7199 417
6841 9146
6841 2646
7435 8538
7435 8895
7435 6549
4672 6598
4672 7397
4672 886
4672 8255
4672 5859
9156 1901
9156 3335
8460 9362
8460 8883
9366 51
9366 4345
4590 7173
8127 7738
8127 806
8127 3398
4689 7876
5037 5512
5037 9233
8600 3885
8600 5107
8600 1635
5075 7562
5075 842
5075 5161
5075 2032
5075 4367
1405 3204
1405 413
1405 8849
8115 1255
8115 8656
6746 3012
6746 8794
6746 6168
6746 8896
3252 7355
3252 8884
3252 4292
1654 9744
1654 7707
6429 6982
2683 7531
2683 2735
2683 6131
2683 1477
2598 2898
2598 7935
563 306
563 3693
563 5795
563 1736
1094 7753
1195 9839
1195 6634
1195 3344
1304 1703
8868 8406
8868 1484
8080 2101
8080 8490
7 9781
7 6762
7 8939
3558 4260
6791 5739
6791 7039
7987 7845
7987 3202
7987 841
1814 503
1814 8278
1814 525
7336 3021
7336 2670
7336 6548
7336 1833
1186 9620
1186 2728
1146 515
1146 3152
8833 8433
8833 4137
8833 937
8833 9769
8833 4550
9744 7766
9744 1796
9039 1062
9039 6564
9039 3435
9039 3260
2630 9395
2630 5067
2630 1203
9033 6051
9033 1136
9929 7486
9929 2115
9929 2013
4275 6615
2087 6248
2087 6266
7733 9305
743 9195
743 5407
743 5058
507 2337
507 7080
507 619
3683 4169
3683 7131
240 6030
240 2506
476 9646
476 790
476 4393
2578 6097
2578 39
8523 1076
8523 3034
8523 8415
3500 1206
3353 7021
3353 6409
8439 6116
8439 8937
822 4402
822 1180
822 3093
313 5531
313 2893
313 7197
9404 4049
9404 251
6823 2974
6823 9014
6823 9888
1202 1086
1202 8071
3124 2866
3124 8930
5780 2042
5780 6549
4041 7867
4041 6052
4783 3882
4783 2277
4783 2119
6274 2204
6274 4954
9169 7214
8130 828
8130 5527
8130 1223
7597 6230
7597 3810
7597 8123
7597 9998
7597 9454
3336 4401
3336 9549
3336 6028
3336 2094
1459 764
3568 9781
9526 4164
1623 9508
6666 8951
1505 2223
1505 1978
4250 8216
1204 4384
1568 64
1568 2097
4503 6137
4503 7802
8620 4240
4832 8650
4832 9717
5462 7212
5462 6073
8175 9222
8175 8221
8441 2363
8441 6771
8441 5750
8441 4228
8441 8851
6614 8442
2455 6408
2455 5654
2455 442
8145 9481
2675 3616
2675 7757
233 6999
233 1983
8626 4387
8626 2050
8626 8116
8626 4728
6280 3583
7289 6849
7289 8901
7148 5576
8932 9008
7463 1255
999 398
999 5289
6199 3079
6199 9267
1536 6928
1536 8270
1536 4818
7388 8813
7388 9507
7388 8485
3882 3436
3882 2915
6060 3418
6060 9746
6060 1835
9794 9157
9794 4878
6936 9928
6936 4579
9365 6166
9365 9403
9365 6960
9365 9547
8687 4248
8687 5460
9943 7609
9943 9764
9943 9483
2026 193
8334 5870
1476 6142
1476 4625
2995 6745
2990 8946
5575 5692
5575 2666
8880 375
8880 5161
8880 6885
5502 8732
5502 2771
5502 5517
639 9243
2395 3542
2395 7736
2898 1155
2898 2333
6149 40
6149 2323
6149 6245
9763 1678
9763 2801
6167 5940
6167 924
8885 556
6083 4892
6083 1407
4889 8607
4889 5587
8026 6366
8026 4151
7480 9388
7480 8237
190 3085
190 1013
488 445
488 1676
9449 8167
9449 7022
9449 5262
3130 3504
3130 2692
3130 7056
6722 2996
6722 8303
6722 4743
6722 9739
5143 8070
5143 7334
5143 5191
5143 555
5143 4196
9341 7142
3425 3399
3425 6596
7805 2310
4963 1616
4543 5537
3060 7506
3060 8231
3060 2728
3060 697
9336 643
9336 8435
9517 9865
9517 6606
4426 3161
4426 9595
4426 1328
3061 6305
3061 6608
3061 895
5083 9451
5083 6646
5175 7866
8821 173
8821 496
8821 4877
5457 2483
6545 8986
2812 2673
8815 4980
535 1161
535 5184
436 6218
436 3132
9734 4074
9734 5681
9734 6035
3131 8839
6204 9567
6204 589
8545 7248
8545 7448
8545 4811
8545 4145
8545 3147
6037 5690
6037 7147
6037 6803
9528 4799
4599 3885
4599 7413
4599 6258
7218 9041
7218 2697
9046 9102
9046 679
9046 4780
6130 6368
7130 8070
8527 4370
8527 6161
8527 5578
464 1085
464 8844
464 1824
5581 830
781 7606
781 8785
6513 107
4069 3101
4069 4347
4069 4876
6583 8499
9893 3953
9893 1851
9893 4837
9893 7064
7265 6952
2288 4706
2288 5055
2288 1172
2288 7323
2288 5401
4457 1059
4457 8749
4457 229
2329 3471
2329 7627
2329 4699
5658 124
5658 1782
6110 4627
4156 4598
4156 3742
3383 1132
3383 5931
3383 4199
6766 7136
6230 4411
6230 1144
6466 7687
9167 9212
9167 1576
6881 170
6881 3312
5554 32
5554 4034
5554 1027
5380 5129
5380 6685
5380 1353
3725 3534
3725 6684
3725 2445
4913 5751
3354 2796
3354 7912
4575 2091
4575 2488
4575 2318
6526 2526
5567 5012
6974 3026
9130 3079
9130 4453
9130 4268
2203 8182
2203 9339
316 1057
316 7009
316 4012
316 924
458 3129
458 1610
458 4104
458 1774
1884 5559
1884 420
7738 8875
7738 1469
6687 4750
6687 1749
6687 3635
6687 7151
9747 4954
9747 2580
9747 8929
9747 6316
696 5969
22 8169
22 8663
9692 5041
803 778
803 484
803 4316
3974 5433
9610 4546
9610 7005
9610 6669
9610 540
9610 715
9411 2863
9411 96
9411 6759
9411 8897
894 1310
894 1387
894 5612
1132 6538
1132 4113
2433 3671
2433 4138
4110 4893
7554 3065
7554 9088
7554 2377
7554 9480
1 5973
1 3065
1 5691
1 5094
283 9867
283 5148
283 4342
2885 3759
8925 9440
8925 5544
8925 6296
8925 8378
8925 3395
6600 7196
3272 2810
5576 9034
5576 1948
5576 1445
3597 9313
4713 5062
4713 9789
4713 7065
5454 6354
1263 9742
1263 5440
8503 7630
7882 6767
8233 7918
7879 9565
7879 3218
7879 989
7879 2491
7405 5802
7405 9256
1116 5003
1116 638
104 5864
104 6553
1985 4461
12 3533
12 3743
12 8826
8016 3607
8016 8760
4484 8884
4484 4473
2017 9710
5692 596
5692 5420
1436 74
1436 3412
1436 7784
1436 4291
7201 9921
7201 5219
7201 1430
2632 9599
7379 5732
7593 2827
7593 9474
7593 2906
5865 3319
5865 7823
5865 2779
4981 4147
4981 3806
6977 5210
6565 8401
1343 2155
1343 6794
1343 5299
4090 1411
4090 7271
4090 4885
4090 3632
4090 5481
6880 2483
6880 4864
9011 9220
9011 3386
9011 8372
9011 5963
9011 4028
261 2754
986 9256
986 1148
8428 3503
8428 9646
8428 234
1648 4091
3867 7420
3867 4729
3867 2411
3867 2699
3867 891
5339 7114
5339 2522
2078 9342
2078 5976
2078 5615
2078 5556
1486 564
3657 3634
4100 4193
4100 3187
4100 7500
130 2249
2171 9355
2171 3312
2171 8502
197 5257
197 9304
197 4808
6630 5258
1987 5611
4075 7913
1341 5003
4105 5019
4105 8652
3876 6179
3876 2165
3876 1130
3876 9675
3876 3673
1671 7877
6805 836
6805 9113
6805 213
9458 8650
9458 2825
9458 8543
9458 3513
9458 4177
73 6810
73 2242
3661 6084
4134 9841
4134 9302
4134 777
8658 3068
8658 7665
6138 959
6138 9823
4169 3671
4169 8754
8438 9963
8438 5875
9259 7953
9259 1976
9064 4962
3452 6741
3452 4050
5665 5799
6643 4852
6643 3980
6643 1298
6643 2445
6643 8219
2267 1288
2267 5521
5122 1050
8546 7884
5253 2755
5253 8510
9615 8609
3459 665
5257 2458
5257 4814
4088 2122
4088 114
308 3312
308 8680
308 7613
6780 6451
6780 449
6780 7154
1456 1984
1456 5926
151 2220
151 2510
151 6533
151 861
151 5215
8046 6965
8046 4956
8046 8681
826 2402
2914 9263
2914 2337
2914 2452
2914 7940
1234 4793
1234 679
1234 4885
1234 3998
1234 3903
1234 4576
2855 5046
948 6516
948 5768
1810 7778
1039 470
1039 5008
1039 1899
315 7716
315 3496
6619 1529
6619 5892
6619 936
6619 8934
6619 6577
6619 8224
8292 3841
6491 7521
1390 3875
8732 3554
8732 8525
8732 3743
8732 402
1051 6579
1051 5626
1558 3766
1558 3455
1558 8149
1558 4444
8950 4990
8950 9068
8950 8580
6535 855
3584 314
3584 9738
4466 3128
3554 8601
3554 872
2935 393
2935 1619
2935 8078
7516 4871
898 3087
898 6044
898 8824
898 8429
9255 2161
9255 3036
9255 9667
4873 3612
4873 8812
4007 9440
5662 709
5662 2019
8396 5559
8396 8196
8396 4525
171 7052
171 6405
5416 9812
6143 5831
6143 8975
6888 5015
3926 3985
3926 774
776 2679
7355 279
6137 4658
9683 5035
9683 6017
9683 6439
9683 6528
9683 5647
126 4719
126 1016
5838 555
5838 4765
1490 8507
1490 9205
1490 4167
1490 4390
7070 5603
7070 2215
6739 6071
9192 7776
9192 9577
9192 6747
9192 3114
1507 8202
1507 2080
3923 6711
677 7778
677 8068
4280 137
4280 1716
2514 5983
2514 6578
6582 653
6582 3750
6582 2289
6582 4460
6582 7152
3408 6793
3408 7701
3408 3110
3408 9499
3408 3897
1688 6662
1688 936
2832 627
2832 8715
7141 5624
7141 8141
3588 3078
6844 7830
6844 9480
208 9059
208 555
208 4386
9642 3613
1915 3023
1915 9007
1915 7828
5256 8461
7625 5670
3017 5003
3017 6987
3017 9239
3017 5246
3017 9325
6109 5730
5306 6338
3230 4096
3230 5052
8288 9955
8288 9599
5035 6086
5035 3813
5035 8714
4128 8041
4128 1732
4128 3977
4128 9981
2608 9862
2608 6550
2608 9792
7346 2830
7346 8075
1064 5303
1064 6912
1064 7046
7024 6363
7024 6441
7024 601
8317 8764
8467 9489
771 357
771 2803
771 1871
771 1975
3655 5110
3655 7845
3655 5315
4817 5310
4817 2147
4817 4472
6995 8297
6995 9792
2382 8246
2382 7831
2382 365
2382 4642
2382 2130
2382 8513
8682 4921
9957 161
9957 6690
3757 6617
3757 1763
9195 4300
9195 8835
4111 4937
2454 8642
2454 1912
2454 802
1658 3537
1658 2594
6502 9136
6502 2080
6502 951
6793 6542
3774 7303
5743 8873
5743 4043
9034 8013
9034 5133
9034 2111
2106 3895
2106 3887
2106 6316
258 4960
129 7510
129 2253
3722 6298
3722 8761
3722 6363
3722 2292
357 5432
357 7706
357 9287
357 9432
3330 7865
3330 1150
3330 1924
7883 3686
7883 6333
7883 3495
8703 7095
8703 753
6478 6422
6478 5854
6050 7769
6050 1296
6050 2025
6050 5960
6050 4809
6050 1929
6050 3391
7606 900
2713 8906
2713 6270
2713 9345
4060 6114
4060 6833
5270 3877
5270 2020
5270 8798
7553 521
2509 7826
9708 7949
9708 6007
1557 4623
1557 7080
5330 2415
5330 793
6103 9109
6103 8374
5764 4095
5764 1332
2122 5207
2122 4168
2122 108
2122 1419
3318 4754
3318 656
3318 4654
9581 6904
9581 6390
1117 7158
3968 4078
4401 8763
4401 7295
4401 5781
6298 9758
6298 1440
4542 6592
4542 7970
4542 9484
4610 2802
4610 8751
4610 4819
3815 8208
2756 4118
2756 9949
7727 8057
7727 8681
1424 9056
6015 6843
6015 213
6015 7472
6015 6232
8165 174
8165 6375
8165 5657
6443 9093
6443 1711
6443 2508
1423 8034
7668 6879
7668 4051
7668 3918
7668 5742
7668 3742
7668 8934
7668 3249
518 13
518 4888
518 1870
1831 7397
1831 3000
9106 9629
6399 985
6399 1284
4549 4823
3150 154
3150 7590
3150 4778
2840 2531
2840 7531
2466 59
2466 6935
2466 3488
6302 2025
6302 7617
6302 5525
2609 5609
8828 756
8828 132
8828 348
954 8174
954 3363
1965 8544
3637 6032
4828 5928
3659 1475
4601 8314
6108 6778
6108 6886
6108 5724
3902 5132
3902 4548
915 1727
915 2617
915 4807
915 4416
915 4040
915 8106
5741 1574
4847 6250
4175 3362
4175 9318
4175 8173
834 4241
2475 2239
2475 9220
2475 4726
5849 3285
4211 6220
4211 3401
6839 6740
5720 6308
5720 1578
8753 2323
3064 586
5538 437
5538 7621
925 8029
925 1279
925 3153
925 9758
925 7922
925 5636
6663 6479
6663 8629
6663 351
1081 4078
1302 2796
1302 8476
4826 2460
4826 485
7902 5891
7548 1252
7548 5010
7526 3834
7526 8260
7526 4739
7526 9394
2612 78
2612 683
2612 725
6246 2868
6246 2953
1024 7117
1024 243
1024 3571
6744 2186
8025 8101
8025 3603
8025 9352
8025 2889
8025 6076
2342 4999
2342 5198
7462 3189
1952 6227
1952 3289
7222 9468
7222 5293
9527 7144
6758 805
7932 7986
7932 1148
557 5798
557 8475
1582 6836
3027 2131
3027 7551
3027 1318
3027 2831
6650 290
6650 7527
291 307
291 1348
8549 2661
8549 542
8549 584
5593 2579
5593 810
3216 5749
3216 5060
3216 1757
3216 354
3216 533
1706 3095
1706 3928
1938 9208
1938 7036
6497 9222
8769 320
433 9242
433 5085
6413 5763
6413 5984
2090 263
2090 8376
6721 4833
6721 9655
1552 9485
2848 1982
2848 2355
2848 7037
2848 3155
4004 4497
4684 5267
4684 5335
4684 783
4684 7544
4684 856
4684 8623
586 3888
586 516
586 1245
586 5772
7680 5206
7680 6964
7680 4560
7680 6188
7680 9269
6159 5608
6159 9906
6159 744
2112 3054
4127 6023
9297 6141
9297 3609
9297 89
7050 1946
7050 5604
5994 5133
2058 7228
2058 6831
2058 5652
9071 3707
9071 6781
9071 7930
3642 118
3642 9849
3014 1216
3014 9922
3014 1782
3014 4458
6702 9664
4374 457
4374 2842
9043 2881
9043 6089
6283 7421
6283 7375
6283 2506
6283 5873
5664 4857
1829 2733
1829 2080
1829 3025
451 8512
4872 9506
2916 5078
2916 736
9254 2035
9254 8449
9254 6157
7077 6534
2669 158
5216 7918
5216 9445
5216 4337
7728 8044
7728 7341
7728 6493
1595 7177
1595 7054
5850 5079
5850 9487
5850 2839
6811 7307
6811 8515
6811 2692
8338 5983
9077 7611
904 6775
1043 6859
4505 5831
3065 9337
3065 8942
3065 2920
2993 7240
1100 8436
1100 3175
1675 3338
1675 9147
4441 5338
4459 4591
2176 5811
5455 7693
7900 5609
7900 6505
7900 1189
3829 1468
3829 8380
3829 9477
124 8217
9099 3934
7513 7367
7513 6536
7513 515
3561 4892
4531 2504
8006 4621
8006 8817
8006 4726
8006 9189
8006 6164
7387 4081
7387 5337
7387 6454
7387 9587
7387 8151
8167 1716
4346 9993
3686 7508
3686 4777
3686 5034
8353 9193
8353 2114
8353 3288
8353 6079
8500 7330
8500 382
8053 4867
9592 8223
9592 1026
9592 8472
1346 6863
1346 56
9541 8074
6837 4212
3161 8569
3161 8847
8155 6121
2490 3675
2490 4478
2490 7945
7998 1699
7998 9493
8673 5133
8673 3472
8673 7470
8673 3279
3237 2317
3237 4592
21 1420
6562 3894
6562 32
6562 4362
6142 5986
6142 1022
848 5382
848 2718
1674 8963
9510 193
9510 9323
9510 4679
9510 8855
4658 5695
4658 79
4947 3948
4947 263
4947 8162
815 8957
815 1845
815 6711
7865 2252
7865 9056
7865 6789
8060 2316
8060 7901
4636 6278
4636 4498
7144 4319
2489 9307
5948 8273
5948 4945
172 1324
172 1499
172 2470
172 1074
3842 5867
5672 7157
6632 9717
6632 465
264 8795
3449 4858
6243 2170
4921 6047
4921 8751
2391 7243
2351 8547
2351 8646
5150 2056
5150 9351
5150 7198
1708 7131
1708 8395
1708 9003
1708 9076
1708 4385
1708 9344
3413 6634
3413 6444
3413 1587
899 9206
899 525
8037 2195
4539 4103
4539 3386
4539 3205
562 9343
562 5796
562 2107
5730 8690
8004 3403
8004 6750
1802 723
1802 5029
1802 4736
3010 9367
5714 7352
5714 9958
7351 9921
7351 6769
471 2950
1646 7488
1646 8010
1646 3828
9948 5671
9948 8455
9948 6850
9948 9317
7441 9092
5863 1514
9231 1123
9231 71
9231 6660
2922 5882
514 8344
6904 6982
6904 4210
6904 7090
3192 6487
3192 2054
3192 2973
8282 7689
8282 314
8282 976
3547 4877
836 499
836 9591
3100 7444
3100 615
8387 9069
8387 1164
8387 6855
2860 4181
2860 371
2860 3077
7255 2486
7255 9531
7255 1589
7255 6299
6662 5341
7438 5155
3843 2330
5156 6760
5156 2998
1816 9318
1816 1278
1816 1694
3969 4290
3825 4737
7468 3022
7468 3260
1470 1264
1470 2569
1580 6184
1580 6346
5217 5497
5217 7977
5217 731
9636 430
9636 6044
9636 5856
7042 9962
7042 2470
5951 6916
5951 3162
9840 3604
9840 4131
9846 3445
3915 2162
487 8608
487 1859
487 6884
7447 3930
7447 3417
394 3393
2426 6098
5432 4161
1124 2335
1124 5970
7181 321
7181 2476
8413 53
8413 7418
8413 8888
4738 3203
7220 5615
7220 2336
7220 7241
9939 3415
9939 8677
6201 731
6201 5027
5745 8228
5745 1118
5967 33
5967 2487
5271 7285
5271 9915
5271 6620
2271 8991
9110 8611
9110 1735
9110 7696
9110 8879
751 4821
4014 4910
2240 7766
2240 955
2240 3928
2240 3654
6520 8276
6520 1734
6520 1950
9202 2565
9202 8915
1702 7497
1702 5594
9839 4664
6804 1248
6804 3857
7632 3717
7570 1677
7570 6831
5729 4724
6672 3971
6672 4000
9133 551
2671 9291
2671 6896
3621 7630
583 7014
7612 7796
7612 3975
7612 1679
9887 4435
463 6324
463 3139
463 8774
463 6435
8935 170
8935 9749
6253 7846
6253 1058
3129 2354
3129 1093
154 3454
4118 5207
4317 6849
5835 7775
5835 1023
5835 331
5835 1929
3643 8666
3643 2524
3643 226
913 7180
913 9166
2338 1048
8905 3964
8905 6833
2623 9166
2623 3958
8463 3670
8463 1836
4263 337
4263 9321
2589 5874
2589 2310
3102 3234
3102 1181
3102 498
3102 4579
3102 6378
7086 2634
762 9625
762 3122
762 8385
7673 1768
4381 7334
1249 8442
1249 8993
1249 1093
499 1550
8642 8590
8642 704
8642 2111
8642 3937
3126 1068
5908 3266
2892 3352
6058 3960
6058 7349
9613 5191
9613 4182
5975 6028
6146 4643
8252 4222
6588 5719
6017 3952
7309 7833
1562 9804
1562 7943
1562 4670
2494 8693
2494 38
141 1575
2469 9310
5445 2536
5445 7429
5445 3511
4559 4462
3984 2653
3984 2674
2293 1967
2293 1262
2293 9759
4861 5492
4861 4681
4861 5541
7307 4866
2239 7005
2239 2679
2239 4841
6128 7426
5532 8257
5532 6188
5532 4662
2340 1411
2340 6878
2340 6392
2340 2285
9565 430
9565 9832
9565 6934
9565 619
9565 7926
9565 5261
9565 9339
4744 8416
8584 1853
8584 175
9002 5723
9002 1664
9838 3938
1945 3634
1945 8242
3775 865
7817 7828
7461 7325
7461 7904
3238 7956
3238 3175
6235 6690
8916 2161
8916 7716
8916 4736
6579 9165
5573 4126
5573 6409
5573 1553
5573 6533
5573 7971
5573 7785
3837 3912
3837 5916
3837 7152
3837 39
710 8563
710 4171
710 8040
710 4025
4649 3242
4649 6162
4649 9496
9936 5443
9936 2383
501 3585
501 8162
501 6951
7638 5949
7956 9471
7956 6633
7956 8747
2156 2135
2156 1691
5547 7735
5547 5812
2405 3455
2405 8157
2405 821
4799 3645
4799 9556
4799 5958
4799 9249
412 4770
412 5577
412 1782
412 1637
8562 4501
3020 7174
3020 8038
3020 4305
3326 1034
3326 847
9471 5243
9471 7522
9471 5784
9471 1684
9471 896
9471 8940
8737 606
8737 8958
1559 1783
5718 7755
5718 2491
2936 3388
2936 5438
8041 6527
8041 4561
8041 5940
5904 4570
5904 3946
8100 2529
8245 919
8245 163
8245 4210
7165 5542
7165 8336
6954 5520
6954 4142
4033 9654
4033 6271
571 1644
571 7939
5078 5976
5078 3211
5078 5553
8437 3613
5439 6799
5439 5628
5439 3016
5439 7795
6433 118
6433 2761
4523 9407
4803 1358
4803 7054
2415 7089
4667 6051
8457 4840
8457 4521
2658 6498
6701 5691
6701 7428
6701 1042
3342 2847
1705 6163
2717 7664
2717 2744
2717 1718
1479 5290
6087 9766
2014 8890
3087 9760
3087 5980
5710 4262
5710 4364
1948 5843
1948 3942
1948 8532
5510 9105
7060 3570
7060 2943
1809 9048
3179 5326
3179 9745
3179 966
3179 7402
3179 5428
4265 8727
4265 793
4265 7243
4265 9725
7252 8187
7252 3475
2347 6566
2347 1207
2347 8827
2347 9720
6571 2791
4494 3890
4494 6988
9420 9185
9420 1895
9420 8926
9420 2648
9420 4333
284 2463
284 8208
8574 7765
8574 4775
6836 6787
1326 715
1326 419
1326 6986
6568 9963
6568 1410
6568 7601
5484 8047
2065 7741
2065 263
2065 347
3934 9508
3934 4116
3934 9890
3934 749
3934 7162
3934 617
8210 6116
8210 57
3874 3663
8884 8129
8884 2357
4879 8200
4879 4376
7183 7003
9293 6461
9293 8158
9293 1185
9293 9776
2600 3471
3888 3409
3888 260
3888 60
7421 5170
7363 7651
7363 6652
2586 2911
2586 9245
7320 1761
7320 7005
4706 5681
4706 6615
3317 5650
3317 3700
7360 4586
1292 6207
1292 5239
8507 993
372 9052
372 18
4235 2248
2638 5549
2638 7325
2638 5517
9916 8384
9277 8992
5178 7826
1566 2637
1566 7925
7486 7217
7486 3914
9176 2966
53 2805
2160 8002
300 5933
300 647
4942 6454
612 5165
612 8807
8450 3429
5047 1980
5047 4645
5047 3038
1621 8137
1621 2197
1621 9994
1510 6118
1510 9429
1510 7869
6638 234
6638 9999
4508 4920
4508 9930
6011 7667
6011 7714
1697 7072
1697 9204
301 4464
301 213
7729 9566
2314 8871
1158 718
1158 136
7232 2961
2611 2484
874 9241
874 6335
5957 3243
8384 1046
5280 2495
5280 7302
5280 1244
5280 8897
2202 5290
8970 4199
8970 2481
9281 4013
9281 7537
1105 3198
2353 111
2353 742
450 7291
450 4571
6025 6055
6025 9892
6025 9703
6025 3861
5899 5088
5899 7010
5899 8478
7096 3681
9448 1587
2378 4722
4522 1553
4522 8351
4522 2920
4522 8579
7651 3146
8597 1059
6448 6878
6448 7535
6448 9171
1163 6909
6301 5697
6301 8234
3695 7642
3695 683
211 2079
7125 1261
7125 3278
6179 595
9489 5458
9489 3854
7214 3186
6879 5617
6879 1502
6879 9013
6879 2533
6879 8861
6879 3110
6879 116
809 7488
809 704
809 857
809 2977
6772 9485
5506 281
5506 175
7465 60
7712 7802
7712 1187
7712 6624
6496 4763
6496 9797
8892 60
8464 9658
8464 5263
5498 5136
5498 4112
513 4353
513 1067
653 2339
653 4073
4898 4198
4898 5724
4898 7079
3936 2091
3936 7505
3936 5287
3936 5525
8013 9522
8013 6519
7529 4711
7529 8373
3727 9306
4148 5559
4148 5229
9595 6773
3044 5003
3044 806
3044 1272
3044 9681
6013 8215
6013 1785
6013 6553
6013 374
3605 3250
3605 7121
4133 1300
7115 9520
3013 5648
3013 3603
9095 9421
9095 1372
9095 2791
6439 4140
6439 2237
6439 1353
321 9193
321 2211
4449 1261
444 9577
444 42
444 8552
444 5203
6024 4051
6024 3635
6024 2842
6024 9705
8894 3548
8894 7954
6370 4951
6370 5236
5801 9935
5801 1415
5801 4469
7724 2198
7724 8680
7724 6873
5617 5752
9264 6465
9264 9995
2053 9164
2053 8148
2053 2120
5388 5993
5388 7365
199 3378
199 6810
199 3777
4950 3931
6320 8893
6320 6767
3689 935
8831 7791
8831 9968
9030 1280
9030 3202
9030 5184
9030 4461
4607 4837
4607 2806
4607 6456
811 1363
811 4808
3362 4342
8498 1677
9105 5225
9105 9861
9105 2652
2103 5105
1535 1649
1535 5649
5695 1848
5695 7245
675 9179
675 4502
675 9677
675 4945
5790 6020
5790 1213
5790 8854
7494 3739
9678 2615
9678 8627
8014 4565
5786 1898
5786 8035
5786 9008
577 4866
577 9008
4757 3924
3719 5925
3719 5089
3719 6740
5464 5514
5464 1894
5464 3132
5915 293
9772 5196
9935 7995
9935 2474
5518 5453
5518 7406
5817 5032
5817 4008
5817 7696
9179 3714
9179 3401
949 6609
949 5648
949 9171
949 7267
9191 9667
6010 4534
6010 1020
6010 3965
6010 3921
6010 1581
2902 2028
520 945
6644 8921
6644 9981
8585 9497
8585 7290
4630 4528
9997 695
9997 6989
6790 4396
3384 7015
3384 134
718 9562
718 8069
718 7419
9494 1713
9494 5919
9494 4968
4123 6852
4123 9060
5619 9697
5619 3467
5619 8852
8718 3766
7769 5768
9193 6266
9193 3092
6372 6020
6372 1154
6372 6374
8650 2679
8650 680
7035 8588
8563 7306
8563 7721
8563 8801
6220 7923
6220 3592
1728 8027
9247 8591
415 9699
415 1099
415 4385
2031 8748
2031 3206
1034 6341
9940 3482
9940 3200
4379 9549
4379 1351
9045 7557
9045 1178
4001 6605
4001 4031
4001 6789
8011 5804
8011 7551
2711 2374
998 8462
998 4856
998 9933
9290 4729
9290 2295
9290 2826
9290 4506
3483 7145
3483 1089
3633 6123
3633 1071
3633 6925
3633 7043
4150 9993
4150 2285
8324 9857
1149 7171
7776 1274
1596 236
1596 572
1596 2284
6411 5507
6411 1082
6427 1977
6427 4579
6427 7095
6427 3906
8634 831
5139 6445
5139 7919
9061 4347
3756 4261
3756 1446
2180 8761
2180 8286
8908 9227
8908 9103
8908 713
4165 597
4165 628
694 1590
694 6223
7131 9897
7131 4057
3598 3070
4754 6872
4754 734
4754 9396
6949 6172
6949 9767
6949 6819
1586 6404
1586 184
6421 4624
6421 3631
6421 1450
3234 5383
4602 7087
5365 503
1168 9348
5669 7524
5669 5661
9357 9965
6601 282
1063 7837
1063 9903
1063 6390
1063 4724
9835 3879
6251 3393
6251 4190
1426 183
1426 3981
6655 5152
2225 2963
2225 6381
2225 9473
2225 9396
2225 6921
4081 9579
4081 8125
4081 2139
1160 9750
1160 5352
8074 2791
1264 8608
1264 6040
9031 6450
2070 2590
5941 4233
3608 6673
917 5354
9704 5157
9704 9577
9704 938
272 202
272 9928
272 7182
9342 3186
5210 556
9236 3018
9236 8162
2507 7518
2507 7459
3638 9629
9508 3715
9508 950
9508 6674
9508 4976
9508 6646
1970 4245
1970 9530
1692 912
1692 1660
1692 6855
48 5694
48 3432
7577 3423
7175 2295
7175 7464
7175 2585
7667 5596
5799 8484
5799 5490
3834 4383
3834 4465
4711 9658
4711 5220
54 326
54 9775
3374 3457
3374 1876
3374 8677
6278 5531
6278 9512
6278 546
3251 8435
6594 6584
6594 1817
6612 4193
6612 2043
2098 8811
2098 8140
2155 378
306 3859
2949 2276
2949 1065
3258 8417
3258 7508
3258 8853
3258 2688
8764 2030
8764 1716
3503 7525
912 74
912 2614
912 5287
3617 9632
3617 9693
4220 9109
4220 251
9774 8534
5016 6382
5016 7646
5016 423
5267 3537
9574 9311
9574 4035
9574 5628
2079 6341
2079 8822
3378 7783
9307 7875
2332 5145
2332 4059
6735 2862
7988 4679
7988 9096
5533 5935
4960 844
4960 9403
1631 2599
1631 4017
1631 4985
8276 1274
8276 4999
8276 7383
8276 5277
576 511
1340 8357
1707 9170
1707 4357
4332 2319
835 721
3526 7215
3852 9323
3852 3040
3852 2729
8199 5045
7566 6290
7566 8957
9444 497
3518 6852
3518 5910
4310 782
4310 7995
4310 2498
8055 9271
8055 3101
8055 5881
8055 9083
292 3559
1545 3896
4096 9153
4096 5488
7927 449
7927 2777
2096 9560
5611 4731
5611 5258
2909 643
1921 6858
1921 6540
1921 1308
1921 9275
1921 5239
4568 9263
4568 2724
4568 7813
4568 3680
4568 3565
7209 6397
5878 7473
5878 3122
5878 6194
1955 2667
1955 7023
7685 6093
7685 6855
4489 3836
4489 7273
9131 4360
9040 8672
6958 670
6958 6909
6958 1673
4074 9318
7082 5636
7082 1200
3646 637
3646 5397
3646 9571
3646 5803
3646 7967
298 9375
298 8118
7488 883
7675 359
3196 1666
1844 2295
1844 3737
1844 5604
4577 8303
4577 9166
4577 7862
4663 5106
4663 946
6864 2874
6864 4600
6864 8774
2092 6437
2092 3823
1590 6174
9362 3188
9362 7610
9362 6067
9362 5444
5456 782
5456 3115
5456 2975
5374 4451
5374 6652
5374 5073
3104 1966
8956 307
8956 4352
7306 6980
7306 4205
8466 8502
8466 8039
830 7398
1319 5761
1319 4337
103 9559
1128 5524
1128 4681
3869 7428
4937 8856
4937 7917
4147 5725
4922 529
4922 6819
3482 114
3482 532
140 7109
140 9157
140 527
140 1937
2866 5288
2866 3653
2866 1230
2866 9837
5171 3508
5171 9010
5171 9976
5171 9604
4282 9879
4282 944
4282 1643
4573 5218
4573 333
4622 2645
4622 8254
1891 9911
1891 2012
1891 8154
1891 7957
9742 9347
9742 2915
5307 5774
4093 4412
782 7268
782 4487
2135 7772
6498 7452
6498 9703
5798 8566
5798 3780
7944 9108
7944 8938
4052 5424
4052 7938
4052 872
5461 5026
5461 8312
5492 1045
7847 6906
7847 7973
8019 5829
8019 7375
8019 8890
8019 3357
8019 9070
8019 6734
8019 7820
3111 4394
3111 9675
1974 8426
337 6610
337 1856
4116 6922
4116 3982
4116 4359
4116 9724
3858 4137
7249 2419
7249 6424
5055 3508
5055 5195
5055 9171
5055 4487
4456 217
4456 2140
4456 1174
4456 2036
2244 8514
9646 3679
9646 4926
8357 673
8357 4528
8357 1475
8357 8867
1655 9743
8820 5926
6461 8914
1085 6531
3394 253
3394 6021
3394 6602
3545 1687
957 3520
957 440
957 6202
6150 768
6150 8857
7275 9063
8328 5585
3168 9041
3168 8393
3168 6713
3168 5602
4639 305
4639 3307
4639 8211
2444 3817
6248 5168
6248 254
6248 1005
6604 1826
6604 465
9989 7469
9989 8219
1229 9543
1229 1838
2074 7026
2074 7067
2074 8795
1846 4685
1846 5252
1846 2054
1846 1239
1252 1496
3710 4289
8742 3193
8742 1183
9280 6653
1061 8366
7440 4058
2743 9214
6389 6127
6389 1711
554 2027
554 673
6763 9511
6763 8120
7739 7196
7097 8134
7097 5220
7097 16
7726 2174
7726 7167
7726 9158
8214 3713
8214 613
2765 2346
7730 8948
9580 2811
9580 8107
9580 7454
655 6504
655 5972
3079 3945
3079 1687
3079 2961
6634 1922
6634 5810
6634 6959
6634 3754
9513 5161
2760 79
9931 4408
9931 4407
1260 9740
1260 161
3847 8266
3847 2933
3847 422
3847 2566
3847 1608
5656 1420
5656 2579
905 509
905 6903
5876 483
5876 4420
3076 1932
3076 5674
3076 8596
4774 5064
1098 4215
1098 6942
4648 1723
4648 9152
4648 7409
7422 4822
7422 8954
8425 5188
94 8845
4562 8680
4562 360
6924 1428
6924 9326
5558 6229
5558 8219
1044 32
1044 9
1062 724
4596 6845
2430 2950
2430 4809
2430 6342
9343 1895
2199 6707
2199 5323
2199 4039
2199 6342
505 1452
8907 1131
8907 993
6116 3477
6116 9348
6116 1717
6116 9322
2876 8915
2876 8401
7160 4941
7160 889
4943 7330
1139 173
2006 2511
2006 9927
2006 3213
4958 1525
5088 5712
5088 2109
3698 1786
3698 1908
5335 6186
202 5362
202 7211
202 9060
1045 9716
1045 7382
4842 852
1755 3193
1755 8841
1755 1776
2306 895
2306 744
9771 8204
9771 7019
7418 282
7418 8990
7418 478
5180 2223
5180 2988
5180 2113
5180 6289
1037 1188
1037 4925
1037 6948
9220 7473
9220 7330
9220 3744
9220 8241
9220 5670
8565 8269
8565 6003
8565 1875
8565 6157
1961 7496
1961 9385
1518 9591
1518 929
7504 3908
7504 7210
1354 3808
5316 2442
5316 7810
5316 7396
1799 9166
1799 5312
7471 8059
2681 8123
7949 9998
7949 5238
1901 5155
1901 4039
1461 5095
1461 9741
1461 9153
4403 8706
8719 2019
393 3307
393 9339
45 8909
45 947
45 895
5531 6380
5531 3706
4327 4685
4327 5615
4327 1089
9136 248
9136 4472
9579 3650
4584 7992
4584 6027
1818 786
1818 3294
1106 383
1106 9976
6609 1325
6468 224
8739 8312
9059 3739
9059 8664
9059 5717
516 139
516 9490
516 4037
1480 3377
1480 9406
719 2197
9436 2766
9436 847
9436 5657
1137 2889
2245 1284
739 1660
739 7188
8920 3688
8920 5784
1279 2060
1279 1845
6006 2138
6006 1058
6006 5073
352 6263
352 4616
352 7002
7083 4315
7083 2360
2486 8502
2486 5371
2486 1757
2486 1350
4685 332
4685 325
4685 7339
6214 1127
3031 4131
3031 6927
9292 7936
8767 87
8767 1749
8767 8824
1786 2823
1786 8602
2299 4283
8070 9706
8070 5107
4624 9659
4099 8906
4099 5158
4099 7792
656 5562
656 2545
656 6046
8632 2129
8632 1295
8632 7402
8632 8133
8632 1394
3059 4650
3059 4406
2751 2481
2751 9378
2751 7066
2751 5325
2751 3796
7449 5234
7449 1300
2750 735
2750 1178
5057 1699
5057 2926
5057 7654
438 1041
3851 8921
3851 3047
3851 635
9461 9296
9461 1287
9461 8333
332 1757
332 1522
8843 3573
9296 9648
9296 486
4476 2072
4476 8217
4476 7065
4492 1514
4492 7535
4492 286
2345 7779
2345 6293
5450 3616
5450 3062
5450 7436
5450 7925
5450 2563
5450 7863
2174 4705
8034 9932
8034 8059
8034 7154
6064 3610
5063 2352
2480 5398
2480 5756
2480 2552
4582 9320
4582 2950
5986 8056
5986 4047
4192 9754
4192 6913
3315 9032
8946 8618
8946 5254
8946 9970
1431 5797
1431 9270
7372 5232
7372 4182
7372 6941
4833 3423
977 203
977 1496
8281 9870
8281 156
5296 2038
5296 8474
5296 5266
941 4874
1509 9922
9645 4383
9645 422
9645 7294
6002 9473
6002 6089
7965 8809
7965 7745
7965 3488
6820 8770
6820 1040
3148 6853
3148 8223
8050 4002
8050 6668
9257 965
8128 1286
8499 7911
8499 8794
8499 2527
7016 7778
7016 9429
7016 7997
3407 1578
3407 9132
3407 9316
4944 5947
4944 1932
4944 3660
4944 7705
2456 6518
544 7413
7744 5700
7744 8474
7248 7257
5696 4154
5696 6271
3564 9886
3663 971
3663 8325
3663 6285
4829 9250
5562 4245
5562 389
5562 7503
7793 3215
7793 7758
5252 6678
5252 4085
928 5376
928 5909
8514 2764
2084 3180
2084 32
2084 780
1236 9256
1236 1911
1236 744
7506 8715
7506 2018
1281 1999
1281 2158
1281 1641
1501 6268
6664 2511
6664 6939
6664 5647
6664 9217
6664 7241
8724 1749
8724 3700
8724 8876
8724 3966
9803 8534
9803 6249
9803 2764
1357 7581
1357 7003
2483 5893
2483 9556
2483 7173
5170 3771
5170 4885
5829 2420
2564 3188
7557 829
892 4924
4871 4629
9178 173
9178 3904
9178 4472
4788 5618
4788 8802
4788 9937
9740 1711
9740 1391
6952 6045
8878 4044
6965 2768
6866 7025
6866 213
1029 789
1029 5343
364 1956
364 1554
9088 2735
9088 2961
5377 5153
4318 7268
4318 4707
3242 9025
2184 9129
2184 343
2184 4130
9424 7958
3372 9949
3372 489
7510 4793
7510 3424
5225 5979
2559 4005
2091 8901
2091 2838
6724 1769
6039 9248
906 5110
906 6132
2963 3996
2963 6940
9408 7048
9408 4115
9408 7267
8550 4279
8550 6414
9004 2221
9004 793
9004 3737
5353 5097
2221 3907
2221 9476
2221 2814
7959 4893
7959 3546
1524 9496
1524 3034
3804 497
3804 8738
3804 6362
121 1718
121 2311
121 7757
384 7801
384 3181
384 133
384 3524
384 16
8270 1389
8270 734
2927 1746
2927 8126
6999 3221
6999 243
5497 4707
5497 222
1052 97
1052 4569
2335 1194
2335 1270
4538 1187
8592 1578
2666 3204
2859 2659
8702 3066
7698 1725
7698 9937
7698 4724
9075 638
3426 1221
3426 7062
2597 3627
5924 2261
8848 7994
7256 7239
3215 8627
3215 2891
3215 4061
7155 8406
7155 4910
7155 6315
9361 1668
9361 2075
5900 9671
5900 3721
5900 6830
3188 3941
1598 4507
1598 9094
2651 6529
4193 6709
9263 4800
2129 6828
2129 9933
5746 7330
5746 7635
6510 371
6510 4486
6510 6035
4141 8911
6528 963
1325 4334
1325 358
3462 9147
2230 4661
2230 8924
1588 1629
1588 4811
1588 8871
1588 4615
6847 7108
6847 4924
9310 6745
2874 6313
8134 7642
8134 4339
8134 6640
8134 6951
789 1338
7412 7645
7412 3301
9497 6343
4032 3528
4032 6606
8581 1709
7142 183
7142 1540
6055 1989
3338 1876
3338 4982
8999 3005
4164 5234
5903 3786
5903 3260
6270 1355
6270 276
6270 7399
6270 3045
75 7093
75 1847
2170 587
2170 1686
268 28
268 9392
2628 4325
2628 6970
664 9700
664 7857
664 8308
3018 3265
3018 457
1086 6833
3739 6799
3739 275
3739 7134
9890 367
1922 5785
1922 407
6254 517
2967 701
2967 4822
2967 7338
2967 8108
2154 8169
2154 9766
210 5428
210 1820
688 7972
8941 7381
8941 3289
8941 1994
8941 4563
5321 4623
3156 8186
3156 9779
3156 105
7794 3744
7794 5091
282 1016
282 1214
6994 3178
6994 281
961 6902
961 9309
2803 5686
2803 5508
3871 9750
3871 4493
3871 1934
3871 3957
3871 8472
1418 4382
1418 3446
1418 4619
4917 193
8299 7339
8299 6390
5336 5259
2027 6009
2027 3467
7018 6406
7018 8625
7018 6348
8152 9109
8152 4858
8152 1465
5103 3743
5103 468
5103 368
5979 285
6651 6153
6651 2953
5405 2677
1565 2930
326 6605
326 8983
5564 9743
5564 8262
5472 7903
7890 7543
9522 7022
9522 5680
166 5372
3221 6331
3221 9212
5386 9938
6451 6464
6451 7253
6451 9627
78 8069
78 5428
90 3096
90 7624
2337 1447
2337 3654
7014 7116
7014 2263
8911 5651
9659 1224
9659 2768
9659 1333
7969 8376
1295 4894
1295 5795
5603 7287
5603 5011
5603 4595
6708 3582
797 6077
797 6445
797 6705
3186 4245
3186 4931
6471 4546
6471 4368
1592 5218
1592 1076
1592 8170
9282 1986
9282 9101
8065 6807
8065 6794
5748 442
5748 9360
7702 3711
7702 1380
7702 9748
7702 3841
4297 51
4297 9888
4380 841
4380 9560
5702 4270
5702 3249
1573 7402
1573 8791
2443 604
2443 1118
6703 4819
7898 6768
3909 6800
3909 5415
6 7732
6 4045
6 4467
9635 5223
9635 1522
110 2216
7293 3109
7293 3601
4795 178
4795 4424
561 8952
561 7370
561 989
561 1833
3005 5970
3005 8653
2846 2485
1542 2594
1542 604
1542 902
1542 6567
1542 6269
727 9452
5990 9473
5990 7202
9682 2049
9682 3145
9682 6442
6091 7276
4035 30
4035 9693
1883 4821
1883 5279
1883 9960
3137 5925
5113 1788
6774 3893
6774 7243
6774 9380
8024 4763
8024 5466
8024 6631
8024 4225
8024 5202
8547 9852
8547 3514
8547 5682
5142 3435
5142 7818
5218 854
5218 1800
5218 2015
5218 7091
1274 8256
2374 4200
377 7273
377 6115
377 8069
377 2273
377 863
377 8561
8202 6337
8202 6754
8202 604
597 3140
597 5861
3109 7194
4108 3622
4108 6863
1747 1393
1914 9227
579 1022
4181 1220
5348 4460
4862 6290
4862 1794
4862 8087
1730 8490
1730 6209
6944 7475
6944 2341
6944 1184
6944 8696
9573 6388
9573 360
9750 4187
9211 407
7117 3776
7117 3162
7117 2187
7117 7699
7117 1664
790 3259
3167 7277
3167 7945
587 9036
587 919
587 8992
4697 9543
4697 2928
2118 483
2118 2886
2118 2401
2118 8902
2118 3071
5168 6830
8383 2616
8397 446
8397 4688
8397 8138
1619 1822
1619 9710
1619 9482
238 4418
238 2010
238 107
238 7472
4516 9474
4516 4291
4516 9331
8005 3185
534 6798
3720 3301
9506 538
8759 792
1956 7297
1956 1801
1956 4261
1123 2972
1123 8258
8803 547
8803 8314
5867 1917
1613 6359
1613 175
1181 2276
8528 420
8528 7357
8433 8321
8433 7834
8933 9668
8933 182
1218 9942
6032 2411
6032 8743
6032 1205
2220 6436
2220 846
2220 3732
2220 7558
7453 8717
6784 7977
6784 8700
132 6262
7963 5207
7963 2805
6356 2195
241 3211
241 1004
6472 3392
67 7948
980 2441
980 6624
9284 2039
9284 721
4341 4361
4341 230
4341 5358
4341 55
4341 7541
4341 2800
3850 1125
8110 937
8110 9129
8279 4338
8279 7445
8426 9438
8426 5318
8426 4710
8426 5561
7206 9870
7206 5238
6437 7872
6437 1031
6437 3363
6437 4271
4747 2913
80 1641
4730 7718
6584 4891
6584 2684
6584 8888
5630 83
5998 5982
6610 738
2942 2464
2942 7467
2942 5887
9337 209
6009 2988
6009 374
5012 6133
5012 6518
5012 4820
5012 1506
5012 3521
5933 8628
5933 496
3713 870
5326 8611
5326 8007
9503 5453
9503 122
9285 2788
9285 6182
5997 4891
5997 6874
5997 4334
5997 7247
3389 8599
3389 2002
4354 1257
7946 853
2164 405
2164 9852
2164 548
2164 1625
2164 9990
2164 7399
7219 2410
7219 6768
7219 8254
6290 4450
6290 7455
6290 1548
1404 5473
8493 7617
2719 6761
5090 133
5090 4328
974 1179
974 8953
8572 8059
9164 5922
4087 2349
6633 2645
9021 8629
9021 5109
7693 7407
7693 3970
40 8748
1179 1863
1179 182
1179 6185
482 2262
6984 6915
8331 6832
7920 7345
7920 5913
7920 6442
3414 2499
1380 4993
5151 108
5151 8183
5151 5332
5151 9779
234 1413
234 3734
7899 1133
7899 7226
5022 96
5022 3881
4030 9845
4030 8174
4030 5148
3581 6542
3581 2183
363 4632
363 8636
7268 6670
7268 6184
7284 7872
7284 6297
3563 1871
3563 3919
3563 2071
3563 1609
4215 2667
4215 398
4215 1992
9637 2193
1766 8945
1766 746
1766 6932
1766 1832
510 2357
7872 6979
1626 2022
1626 7885
1626 6194
1556 7195
1556 5212
1556 5584
8179 7234
8179 1515
8356 3194
8356 3549
6172 4029
1141 6257
8424 3976
8424 5071
2446 690
2446 4936
2446 7127
9391 8002
9391 8641
6474 4231
6474 8853
2785 6688
2785 2533
2785 5645
9841 6769
9841 5182
2049 1187
2049 7017
4260 7604
4260 7907
4260 7975
4260 4724
256 1166
256 2402
256 4541
256 5568
3627 3537
3627 5319
3627 9901
7860 3650
4554 1257
4554 3578
6743 6181
397 2858
932 793
932 759
932 9452
2101 5195
6709 5301
8971 8794
8169 1660
8169 9857
7706 652
7706 6180
7706 7258
7706 2754
6741 286
1243 9388
1243 7338
1243 2461
1243 8327
3670 7895
3670 378
3670 3200
3670 4487
9146 9097
4254 6967
8204 5066
6719 224
6719 9665
4338 3559
4338 1600
9767 6865
6828 6625
6828 5661
2472 6431
2472 9753
2472 3781
6598 92
4869 6945
9426 7774
9426 114
9426 8994
9426 4394
9426 1477
1468 6960
3068 2989
3068 680
5512 8694
5512 2274
900 2563
900 81
900 7821
900 2620
7430 179
4798 8484
4798 2660
2786 3420
8240 7614
9459 8479
9459 3864
7266 7589
7266 2499
7266 6807
9542 5026
9542 3103
9542 8867
9542 946
6575 5260
4990 705
8129 5453
8129 8819
1819 7905
1819 6577
2561 4611
5048 3275
4772 7905
4772 9402
4772 2754
4772 1801
984 7415
1668 4034
1668 8370
8638 1539
1227 7543
1227 6785
118 9035
2957 6605
2957 2
2957 8697
8850 1743
8850 9629
8850 617
9805 8470
95 4915
95 5006
8762 8471
8530 9141
8530 2918
8530 3782
8530 2809
8530 5434
3747 9384
9918 8195
9918 2479
7432 4335
7432 5783
7432 7834
2577 7027
2577 6883
2577 731
2577 4715
7027 7312
8031 4219
7493 155
5688 7339
5688 6951
5688 2552
6695 9126
6695 825
8367 672
8367 2319
5110 7395
5110 7894
484 1375
484 5585
2126 3846
2126 7482
4617 4525
4617 8409
3809 1165
6963 2998
6963 5351
711 749
711 156
5633 4490
5633 5556
5633 439
5106 9249
5106 3716
7992 3468
7992 359
6133 9246
5681 6182
6527 7721
7391 5607
8531 8708
2700 6072
6861 1775
6861 5301
4241 5480
4241 8304
4241 8845
5322 8619
5322 5809
1529 5690
8811 6395
8811 1935
6605 7143
6605 568
6487 3093
6487 5183
5797 4256
5797 3636
8002 4704
8002 3866
8002 7621
8002 4386
4279 2806
4279 703
4279 4781
9148 9621
9148 7523
8910 3254
7528 9653
7528 6956
7528 9056
7528 1384
8083 9214
8083 1600
8062 9304
6539 8260
6539 2636
6539 7755
5606 4544
5606 4429
5606 5673
3420 5215
3420 7542
3305 98
7511 8380
7511 9092
7511 8186
2218 6420
3741 7830
3741 5355
3741 9575
5402 524
5402 5333
5402 4159
6813 7194
6813 9554
6813 6132
6813 3269
299 5855
299 1537
299 3417
3144 7187
3144 2258
4091 5846
2350 5067
2350 8990
3520 628
4844 7850
4844 8211
4844 2403
4844 3077
9389 4179
9119 4996
5477 4224
5362 1825
5362 2979
9938 7361
9938 2249
7081 2232
7081 5872
7081 791
5363 1604
5363 2013
1949 8217
4139 2487
8695 7942
1305 1261
1305 5141
1305 5444
4745 4138
4273 6665
9902 3498
3731 5894
3731 2576
3731 8146
6595 139
6595 1547
2793 390
2793 3208
9515 9941
9515 3310
9515 5774
9515 2153
701 1990
7316 602
7316 2158
7316 2808
7316 3114
6849 6441
6849 6831
508 9055
508 3919
8864 861
8864 2560
8864 7049
236 9073
236 5369
305 7413
137 3537
137 224
8923 1339
5482 1902
5482 2836
8641 184
8641 1512
9668 311
633 1321
633 698
633 4551
7719 379
7740 5205
3015 4067
3015 885
7562 3116
7562 2256
7562 4352
3043 8071
3043 3798
3043 3170
9044 2642
9044 8568
9044 7647
5487 8133
2348 9022
2348 9319
7866 5372
3469 1432
3469 1088
3469 8652
3469 8360
7274 5925
7274 478
2022 816
2022 8601
2022 6519
387 6381
7259 5918
7259 3456
9015 5185
3502 2250
5493 5433
2222 7749
9127 6305
4204 2501
4204 8861
4204 5803
2500 4918
2500 1382
2500 5496
2500 7833
2500 5195
5763 250
5763 6961
5763 3220
1497 4050
5129 1856
5129 4929
3329 52
3329 3997
3329 2642
4078 7099
6691 3157
6691 5448
5313 5819
3107 7747
3107 5701
3107 7568
3107 229
3107 2552
3107 857
1686 7043
866 8187
7343 3706
7343 5481
8842 204
3128 3098
3128 929
3136 2758
8952 8346
8952 2437
446 7398
446 7084
446 8667
9397 757
9621 3080
9468 4138
9468 3019
4836 6593
5947 2739
4546 3626
4546 2402
4546 7507
625 6825
625 6129
625 3873
4375 6680
3702 1008
6692 2567
5977 8469
2653 3401
2653 777
1115 96
1872 2431
1872 2211
883 7574
883 1196
5149 7834
5149 4707
5149 9298
5149 9439
3463 8608
3463 971
3463 3249
5274 6345
5274 5523
9304 473
9304 1222
2766 2549
2766 525
8674 7782
8674 2069
595 5172
595 4986
595 1427
595 4784
595 6258
8901 2142
8901 6457
8901 1681
2177 7550
2177 808
6018 2925
6018 13
6018 4049
4443 2861
4443 1615
4443 8207
5592 7023
5592 9856
5592 3780
6206 6456
6206 9770
9185 868
9185 5465
9185 2354
4641 3634
4641 4232
4446 1261
1585 3118
4763 5491
4763 9226
1457 322
9648 1376
9648 6548
9648 8768
9648 7196
7748 6403
1188 3007
1188 1907
1188 6053
1188 55
1188 1645
1188 8919
1188 3349
9965 5577
9965 6263
670 6896
9748 8250
9748 1781
9748 6492
8486 4600
5157 2759
2821 2417
2821 5240
7375 2539
7375 2522
5892 7778
5892 4037
5892 4812
3964 4734
2569 3174
2569 9439
4020 2531
4020 5105
4020 7621
4020 9585
4020 3114
4020 6898
3992 3567
3992 3166
3992 6415
9920 842
9920 4025
7250 9256
5466 5930
1594 4022
1848 1709
8509 8088
5699 6131
8380 9881
2046 1090
2046 1729
4326 5261
4326 6951
9865 2124
9865 8099
9865 2473
1411 1913
1411 2059
1411 6267
1411 1397
267 5818
4969 4715
4969 946
6715 8608
6715 4710
2972 8260
2972 1897
2972 1923
1389 8804
1389 9107
2820 8244
2820 8575
2702 3056
6757 9187
459 6324
459 9994
9498 4423
9498 4359
9498 2520
4749 9402
4749 1318
6177 480
6177 6306
1863 1165
2127 2695
2127 5858
5542 4961
5542 3169
5542 8077
295 9092
295 9548
2357 7552
1695 6522
1695 7491
1695 6378
6252 5869
2281 3349
7864 4729
7864 8748
7864 9842
1068 2260
1068 1772
1068 2012
6693 491
1984 2270
1984 9242
1984 5960
1984 4628
2599 6340
2599 3786
2206 1071
8125 7871
2417 6460
2417 2086
2417 4205
6810 8837
6810 7859
342 3116
342 7137
2422 2522
1208 8635
6834 4008
6834 8913
174 2276
174 8578
3855 4290
3855 3003
8381 2367
605 8092
605 2418
605 5995
605 5703
605 8972
5609 7150
7931 8305
6174 6903
9781 4350
9781 3149
9781 9376
9781 2926
6814 7896
6814 9834
6814 2858
498 3583
9525 6281
9525 503
9525 7594
4240 3081
4240 6723
4240 3139
6762 3832
6762 1860
6762 2915
4994 3813
4994 5644
1723 5910
6367 1345
6367 3037
6367 1539
6367 7873
4983 1250
9632 584
9632 6232
8974 3261
8974 3517
8974 3899
8974 951
3404 555
3404 5068
4051 8297
4051 271
4661 9345
4661 8675
8790 2344
6019 7676
6019 8223
6019 1434
6019 9546
6019 1007
6019 9612
4572 8721
6518 4050
5399 7887
5399 6264
5399 2093
973 5598
2667 6407
3457 8168
3457 245
3457 9103
3023 1607
3023 4481
3023 946
4319 6770
5293 7338
1794 6378
1794 3712
6412 3142
7120 5988
3380 3169
3380 4485
2511 8619
2511 3397
1873 6097
2323 30
2323 6067
3667 7905
3667 3448
6409 4671
4951 4765
4951 6425
7299 5367
8775 8265
8775 6256
5749 1172
5749 7849
5749 3927
6122 7850
3143 2051
6266 9878
6266 7951
6266 9484
4490 730
1316 7804
274 9501
274 8262
274 8967
4748 6621
4748 5183
6326 634
4708 9256
3749 5516
3749 4863
1738 1288
1738 7896
2277 5713
2706 486
2706 8314
4453 6826
4453 4786
4453 6501
4453 1294
9081 1929
9346 9092
9346 9243
9346 519
9346 7630
3491 1489
3491 6346
1784 1365
6361 7561
6361 9115
6361 2620
6361 7677
1428 77
4762 7803
2813 2847
9979 8173
9979 5673
8978 4270
8978 5039
8978 6026
8978 6269
3611 7509
5379 6040
5379 2792
5373 600
8898 6714
2283 6041
2283 2969
2283 7434
2732 6935
2732 2499
6445 2173
6445 9851
7048 752
7048 8036
8917 2539
8917 1553
8917 8813
8917 169
8917 1793
6408 4009
1868 7985
1868 3250
2054 3967
2054 1503
2054 4906
2054 9467
3442 5422
3442 7425
6410 3533
8137 4256
8137 6980
7915 3895
8872 9317
2406 2327
3893 185
3893 322
7852 5585
7279 7621
2139 8406
7426 8113
7426 7952
7426 7674
7426 5949
7426 478
5897 3948
7763 1412
7763 1903
7763 8770
7763 757
2911 5130
2911 1740
2911 8567
9605 1296
7031 2925
7031 9378
9278 7884
9278 1487
9351 550
9351 9853
9351 6106
9351 3988
8447 4213
8447 4722
9944 2534
7603 5311
1734 2178
9111 1463
686 4405
6522 8176
6522 4966
6522 9990
4042 1925
4042 3229
9639 8395
9639 3257
2784 5860
6331 5925
6331 4372
6331 5283
9092 1352
9092 1293
9092 3032
1276 7561
1276 3177
868 8851
868 1554
5298 3523
8678 8475
7040 5412
7040 3277
8616 3485
8616 8854
8616 5735
1583 3492
1583 7609
1583 6857
1583 4895
4121 6769
8957 4669
3918 9866
3918 2764
3918 7176
3551 3746
3551 641
3409 8683
3409 6948
3409 5325
4949 3435
4949 8776
2865 4966
2208 2744
2208 8490
2208 3754
7178 1608
2325 8782
2325 1788
2325 2032
5486 7246
5486 3038
1225 8481
1225 6052
1255 4061
1650 2251
1650 6832
6377 4227
6377 5099
2694 9387
2458 636
2458 9813
783 4586
783 7147
1415 3549
1415 4878
963 4588
6070 5922
6070 9008
6070 6544
9962 3297
9962 2853
3755 3341
1743 4259
1743 7282
2462 5956
2462 5680
3341 590
3341 2904
3341 2003
179 6052
179 2421
179 3705
4450 9205
4450 2211
4614 1666
9135 4604
4704 2094
4221 827
4221 4029
2452 7345
2452 9627
511 3570
8139 9904
8139 3333
8139 4359
4558 3095
4361 8615
4361 7634
7791 8903
9048 3569
8948 1451
8948 6371
2 4339
2 944
7416 7066
196 1004
493 6136
493 3522
493 4445
521 8063
170 7045
3297 1021
3297 9784
643 1741
643 4857
637 5407
6020 7574
5754 2481
1713 3239
1713 4017
1713 1370
2194 6602
937 1269
937 9082
4787 4080
4787 702
7061 9553
7061 5064
4264 4409
4264 891
6890 939
1378 6034
1378 8706
1378 3781
4650 3205
4650 1339
4820 8656
4499 967
8841 8744
4463 2147
4463 4261
6404 9467
5884 2412
2279 7868
2279 4421
9356 4407
3477 3957
3477 9295
3477 9827
7905 5776
7905 629
2939 6819
9568 6640
773 5437
773 4095
773 8814
773 3887
773 5911
773 5383
1698 5435
1698 3601
4719 1375
5352 4270
5352 8969
5352 8886
5352 6371
2828 8257
2828 2540
4152 530
3419 5333
3419 1099
2023 9240
2023 2064
2023 9977
4114 638
4114 8660
4114 2094
735 3122
735 9787
735 7665
735 5898
8342 376
8342 1526
1396 2138
4397 2699
4397 8108
5545 1321
5545 8411
3332 1963
6939 2721
4473 9616
4473 3704
1272 5544
5189 4767
5189 6956
5189 4002
7676 9862
7676 6309
7473 2042
7473 271
7473 8571
98 4370
4166 7262
4166 1460
9037 7482
8481 5761
8481 2309
8481 8469
9369 4312
2137 6981
2137 7547
3925 8985
3925 2219
4657 3207
7637 5474
7637 9743
7637 5418
7637 69
8273 203
2361 7499
2361 4289
2307 8839
4920 6802
4920 9993
547 4244
5384 5260
5384 9194
5288 7361
5288 5458
1498 8766
1498 3571
413 8177
7854 8996
7854 9718
7854 6094
3963 2856
184 4421
7374 9984
5647 4135
5410 5207
5410 3454
8944 6269
7092 6870
425 5127
425 9108
425 3762
425 2977
425 158
9488 5959
1790 68
1790 2121
1790 7454
1851 9998
1851 8224
2191 2276
2191 29
2191 9008
7305 7519
7305 7150
8176 9975
3466 1434
8431 7519
1906 7301
4890 6215
9349 3877
9349 5471
9349 4857
3943 4470
3688 7106
9963 3232
9963 6184
4911 1066
3539 5008
2040 8180
2040 3763
3057 9279
2312 570
7390 8260
7390 7216
7875 9115
7875 439
74 7700
3999 4807
3999 4044
3999 8867
9616 1704
1059 4478
1059 2041
9020 829
1363 1140
1363 18
1363 2080
7448 5
7448 8225
5615 2903
296 8391
9371 1489
9371 6593
1543 62
1543 692
1543 8765
1543 310
8809 9891
3444 7831
9829 646
7937 8797
7937 2036
7937 7064
8390 4901
5082 4414
5082 6538
6699 2794
6699 7254
6699 3796
2811 6829
1047 1887
1047 4037
4301 8538
4301 9317
138 6915
138 5096
138 7056
5207 4810
1096 4382
5734 8761
5734 8157
5734 2676
5412 3782
5412 198
5412 780
5412 4437
7616 6046
1817 8649
1817 5085
1097 858
1097 2377
1097 2508
9975 379
9975 3430
9975 4356
9975 4996
9975 2688
9140 9348
9140 4424
3210 766
6626 2684
5625 8266
5625 919
6125 1966
6125 4157
4053 9881
4053 692
6587 2708
9229 2414
9229 5553
8937 4923
8937 149
2970 1980
2970 3970
2970 3521
5943 3937
7340 8876
2317 3236
3048 956
3048 3623
9980 4721
5007 795
5007 4079
5007 3185
6473 6247
6473 6508
1420 8451
1420 8613
1420 8012
5869 228
5869 2764
7801 5120
7801 3577
8189 1113
8189 4037
9729 9653
8250 4975
8250 1998
8250 5616
8250 9799
9766 302
9355 9439
7599 2385
5854 7652
572 6669
572 3177
572 6925
572 3077
9898 9388
1900 4755
1900 6893
6876 9701
6653 4292
6653 879
6653 6380
5023 5784
6799 7159
1647 8727
1647 944
9073 237
9073 8943
6383 320
3962 5094
3962 1090
9266 9206
9266 8310
9266 8591
9205 8606
9205 6829
168 2643
5158 2151
5158 9955
1312 4814
1312 7604
1312 3765
1312 1368
1329 567
3091 2082
7870 5851
7664 9256
7664 388
5465 7517
5465 9666
5465 1779
5465 3728
5465 5058
9240 3171
8722 4357
9591 2204
8461 1801
8461 4957
9486 5893
3666 7715
3666 465
6381 9949
6381 4731
9213 5393
8685 6486
6590 4961
5851 967
5851 8551
9029 3668
9029 2146
9029 7948
9029 9316
1444 4086
1444 1273
7005 3325
769 7862
8484 4502
8484 922
7135 6667
2679 3880
2679 5034
9187 2665
3441 9049
4168 4383
3587 993
2696 9831
3960 2140
7652 5496
8745 7815
8745 6123
8745 4161
2539 8113
3693 5026
4734 8404
3832 6281
3832 3325
3832 9243
3832 192
5356 7844
5356 198
3995 4376
3995 9124
2796 7780
5825 8219
5733 1939
804 5959
3024 886
4197 4493
4197 927
4197 9379
3039 2145
287 4868
3181 9585
2457 3674
7420 49
7420 2186
7420 57
7420 8263
7420 6789
7420 4742
5569 5160
5569 6574
3766 6380
3766 8073
4702 8918
1000 6449
9261 6371
9261 7654
6625 3745
6625 4812
6625 495
9134 7980
7104 596
7104 6519
6870 2878
430 3509
430 3385
1849 1462
1849 2829
273 9068
273 3593
273 9053
6305 1964
6305 3818
2673 9113
2673 8096
6347 6363
6347 8332
4382 9329
4382 9502
646 7359
4243 3791
4243 7036
4534 275
4534 2465
83 5935
83 4229
6420 6119
4729 1506
4729 9221
4302 6660
4302 5651
1155 8854
1155 3603
4015 1607
7496 2601
7496 417
4176 4019
6858 1773
6858 3816
2727 6450
7581 4900
7581 8919
4939 4532
1167 2551
1167 951
1167 7760
3996 9553
564 4628
5520 6088
497 1246
5130 7824
8846 4912
2626 3475
2626 8902
2626 6932
7827 5338
3153 2372
3153 9529
6355 4389
6355 100
62 3540
62 6463
1913 122
1913 6720
1913 7110
1504 5526
6919 4231
9219 8079
9219 1335
2712 8332
5712 9295
440 5556
334 4660
334 1540
4447 7404
1239 4062
1239 2333
6975 9879
2287 7533
6275 8576
7431 858
7431 638
6500 7045
3985 4115
3985 8327
2151 8136
2151 5736
4705 1246
4705 5586
8637 598
2178 3820
1455 8044
1455 6035
1455 1931
5540 8714
1021 4222
1021 6003
1021 8578
3312 704
3312 8860
2908 8882
2125 3844
2125 2940
5961 4535
5961 6343
5961 4414
6926 5172
6926 8496
6926 6285
610 5188
610 982
3653 881
3653 1767
3653 7467
9934 9198
9934 1625
3083 4896
1330 8352
7540 5272
7540 1793
3604 5559
3604 2048
3604 8513
6765 6505
6883 6843
4593 823
4593 6966
4593 2847
7984 5308
3753 9352
2385 5802
6151 6063
3941 8305
3941 717
5081 8536
5081 3678
5081 6613
2270 7818
2270 6387
2270 810
2270 8377
203 6970
203 9144
1890 2867
1890 1716
7524 9709
5197 2484
9390 2540
8188 2670
8188 9861
9283 9796
1296 9741
1296 4789
1296 6711
7782 7907
4918 8871
8462 7774
3537 6564
1230 3674
1230 480
1230 4979
8837 4313
3337 5242
7109 4066
7109 713
7109 5898
9904 9359
9904 5544
9904 8733
9904 6232
6969 4770
1765 2389
1765 1311
9017 6065
6895 9269
6895 5738
6895 7297
7756 8779
8804 4883
6190 1850
6190 8866
5893 1221
5893 4106
5893 9491
5309 668
5309 4771
2769 1856
2769 7795
2769 2620
2769 8623
6127 9852
6127 8277
6127 5856
9544 8218
9544 7085
9544 1082
1958 5039
1958 7001
3602 6139
2925 4373
2925 9403
609 5398
9032 7023
9032 6907
9032 5596
2878 7187
2878 581
2878 5015
2878 5182
6386 5724
2687 2776
4086 2289
4086 5553
1231 6237
1231 3070
3455 9928
3455 8007
8081 8360
2102 9685
2339 2906
2339 8544
2339 7152
669 6364
669 7038
865 5691
865 9658
9760 2648
9760 3249
8226 8551
8226 738
8226 6541
3671 8605
3671 6874
6726 6288
9663 8573
288 2488
288 807
4290 4136
7437 1845
9519 6618
9519 3047
9519 5281
2198 5398
2198 9712
1101 9706
5559 6564
5559 359
3901 8121
3901 159
1925 8656
8664 4999
6842 759
578 6901
2740 9831
1108 4294
1108 779
1108 4528
2987 9386
2987 4017
2987 8679
2987 7654
1072 7404
1072 1764
9027 3296
9224 9218
9224 878
9224 6851
9224 5054
5372 5509
9862 3533
9862 6925
3533 7361
3533 2473
3533 761
3533 3243
9028 2912
9377 4432
9761 8321
9761 3349
1310 7783
2722 8854
3209 8479
3209 1258
85 2370
85 8215
828 7001
462 7475
462 9019
462 68
462 1587
462 5626
1997 7757
2850 9647
6093 9330
6093 4634
6093 2371
6325 5041
6325 5038
6325 5584
7980 5108
6464 9182
6464 2819
6464 5467
1462 6786
6467 8400
6467 902
8605 6160
8605 175
8605 9612
2140 5378
9500 9065
1977 7681
8607 6309
8607 8361
8607 9101
6648 4585
7303 5500
7303 6397
9466 8305
9466 6194
1866 4907
5344 6145
5344 2375
5344 3980
6773 9961
237 938
237 5862
9932 1813
6783 7536
8260 6580
7313 1251
5690 9856
5872 594
1492 232
1492 939
1492 2182
4103 5889
1918 4162
4923 418
8606 1256
8857 6351
2762 2438
2771 2986
2771 5331
5120 6812
5120 855
3445 5337
4251 1625
4251 8079
4251 952
4442 2085
4442 55
4442 8017
672 6065
672 8672
7977 1513
7334 2777
4183 7749
2173 7230
2173 6479
2173 2618
8502 8601
8502 4080
9928 7427
9928 6989
6878 8721
2358 5204
2358 2678
2775 3536
2775 8248
8748 5041
8748 5148
1020 6707
1020 1058
2617 7068
3101 7596
9552 5345
7348 5327
888 6258
8666 3280
5026 5212
823 7708
9068 8419
1828 5769
1758 523
1758 1917
1758 9776
3894 7644
193 7868
193 7207
8266 8078
8266 9827
249 4956
1854 5785
1854 3460
6887 7398
6887 6802
950 7707
950 2753
1506 6942
8818 359
2682 6730
2682 2380
2682 5091
1259 4272
1259 6341
1259 4843
2975 3946
5725 8459
5725 1311
845 3820
8651 4155
8651 642
5516 967
2047 4733
6906 4266
2257 145
2257 1618
9578 944
127 362
3350 9172
3350 6196
4822 7301
5993 6353
5993 4399
3405 9712
3405 340
4866 1860
4733 7323
389 832
389 1937
7561 3831
7561 2960
6365 4083
6365 5064
6365 4514
1693 401
3007 3155
5521 8479
3580 8258
4292 5154
4961 8010
9058 1599
1376 232
1983 3844
1983 3956
1983 7527
7771 8533
5936 8995
5936 7312
6023 4191
1740 2201
1740 5246
5052 7129
3229 7235
230 9546
230 7091
5480 4850
7741 9129
7741 8291
7741 3885
7741 5065
5165 5550
7885 9114
5981 4800
596 2780
596 7093
8914 2571
8914 4652
8914 9493
483 1370
483 1406
7180 7626
8020 1527
8020 1127
5127 8716
5127 3355
4973 6538
4973 8542
9686 7832
4191 1187
5112 8223
5112 3236
9533 2002
7780 6268
7780 9091
7780 7371
2882 5276
2882 8830
9386 8992
8228 1824
3586 8322
3586 1080
3586 7904
9177 7287
8455 7843
8455 4737
8455 7126
8455 8981
8455 5238
3733 4696
3733 2219
477 1159
3492 2175
3794 8365
7319 4019
7319 7101
7319 6089
4850 3844
6964 8406
6964 4956
6964 3395
8229 3848
2119 5958
2119 9724
6915 6548
6915 4424
4353 4284
4353 8912
4353 8792
4353 6247
8442 5014
4321 9306
4321 6075
4321 9375
7045 8363
7045 3266
7045 9617
7045 225
275 7500
5172 9227
6536 3694
6536 6185
764 1377
6345 7884
7389 8052
7389 2580
5815 8516
3883 4021
3883 5800
3883 965
3883 9478
1907 9884
6141 8308
8508 9685
7475 9429
2116 9656
7766 5065
2223 4940
7749 9764
9867 4877
9867 7030
9867 2698
7692 5226
1328 9971
1328 2693
1328 9548
4140 3692
4140 8048
4140 3288
4140 485
737 7948
737 8756
737 5076
4677 3142
4284 5368
7370 460
7370 7555
7370 38
1971 3086
1971 8535
2463 3615
2463 7629
8844 14
772 7128
772 5613
5574 2620
8064 7921
5176 1349
9162 8943
4938 6567
920 7901
920 3745
1991 945
3375 6236
2730 1213
2730 1434
2730 472
2730 8677
1746 8007
5194 2252
5194 786
5194 7121
3844 7578
3844 820
3844 9629
2824 5049
8534 9300
492 2929
1382 7691
1382 354
5249 7828
460 4536
3319 8173
3319 4427
5713 4807
7759 8172
9566 7342
9566 8691
1889 9958
7800 5608
7800 6385
2890 8725
2890 2445
1750 7916
1750 1191
8504 8368
4992 4278
4992 2085
4992 1235
4992 8827
2001 473
7111 204
7111 9507
1737 2627
8755 6185
9758 3287
9758 1111
8735 6225
8735 7579
7452 1627
7452 5796
2476 6054
9577 5342
9115 1135
4046 9662
2988 5039
2988 6212
9446 775
9446 2966
9286 4841
9286 59
3481 55
3481 3609
4502 3187
4656 5068
1412 6438
1412 7093
1412 9171
5146 5624
5146 4395
4238 2109
4238 565
785 2284
785 5507
7116 5833
7116 6362
8008 4804
990 3813
990 7223
7228 9248
7228 6835
7958 1701
7958 1995
4986 7241
7072 9624
7072 1300
6273 7253
6273 9499
3668 341
3668 8548
3668 588
1028 9651
1951 6441
5600 1183
5600 7545
7778 2037
7778 1209
7778 9417
7778 1709
6309 3615
6309 5147
3498 5912
6733 2544
1512 7684
8393 5186
8393 1339
4837 8780
3692 5985
9921 3956
1895 9693
7123 3205
7123 7753
7746 1008
7746 7039
7746 8834
494 3360
108 807
108 8847
668 6210
668 221
9248 9374
5902 2419
8890 7717
8890 4058
8890 9215
6718 5421
7499 5434
7499 9334
8694 5160
8518 4660
8518 6729
8518 615
8518 1209
8518 9396
7836 2705
2369 4106
7071 9082
3040 7239
4246 3227
6978 3585
6801 7350
6801 4621
6801 7643
5992 568
3485 9251
3485 3641
3485 3650
1611 4807
1611 8879
1773 6417
1224 6913
1224 9951
8269 7138
32 8048
9244 2844
8995 1894
8995 9634
8995 4933
2360 5183
1273 987
6200 266
6200 4092
2386 7842
9941 6740
7159 3037
1213 5604
1213 2535
7026 7152
9302 1005
8056 1964
2868 3780
4475 2715
4404 6131
3896 8538
752 2838
752 4533
1546 1193
931 9764
6282 4793
386 2621
2179 1508
2179 4085
7518 3331
7518 5594
7518 6007
9926 8746
2862 6908
2862 787
9306 4277
9974 9237
3219 6872
3219 8421
6670 1770
6670 9909
6670 7100
9108 5650
9108 3279
6129 4864
6855 4620
6855 2033
6333 6136
6333 116
831 569
2948 5859
3116 6955
7234 8511
7234 5880
2869 2011
2869 3250
978 1739
1275 4715
2251 972
7240 1593
7240 3583
390 8715
390 3748
5496 6807
5496 4045
5496 9599
9273 8149
9273 3819
9273 5107
9273 6830
2731 9410
8101 4846
8101 7145
8101 2777
4393 5443
4393 1616
7317 4574
7317 2581
7317 1574
8854 7171
8854 2776
901 584
4409 8327
6533 4692
6533 1587
6533 4210
6674 7172
6674 8938
6674 8704
723 1627
723 4864
2999 5068
2999 3640
2999 8203
2999 8871
2999 2005
4651 1680
4214 339
4214 5042
448 7925
7397 6362
8318 5594
2042 8619
8021 7517
850 5913
8256 4868
8256 8451
8316 2247
2404 6480
2404 5852
6979 1749
7815 3723
5358 5000
5358 7610
5358 7688
266 2648
266 7602
4358 4532
4358 3399
2167 9447
2167 1539
2167 8409
2167 9561
602 1171
602 9001
6782 2280
6782 2487
673 2839
9208 6289
9208 3625
9208 7004
4278 4910
8539 4825
1103 8173
1103 8652
1103 3610
1103 4098
9671 9869
6517 6792
6764 7484
6764 4975
6764 5098
9358 8479
6101 9624
4277 7478
4277 1826
5328 5381
4874 8554
4874 7821
1216 2585
1216 8009
1216 8744
1216 1847
6145 3049
6145 2356
97 1931
4846 4570
4213 3606
4213 7824
9335 6902
9335 4794
6661 5441
536 7384
1843 956
7407 5698
7407 279
2207 4359
2207 9908
2207 4813
2207 1797
7830 7848
903 5000
903 4451
903 7584
1400 724
4574 9313
9196 8668
714 5560
714 7767
714 9189
4807 8035
4807 9596
3283 8087
3967 6075
6826 3166
7167 9410
7167 4883
5260 4068
5260 2576
8285 4979
795 17
2085 8044
2085 8571
5033 3823
4259 6134
4259 5870
4259 3654
3256 421
3256 2498
3078 419
2354 6477
2354 9057
2025 7909
2025 4526
683 1033
3402 6315
9556 41
5742 7221
5753 5404
1057 2334
8054 5525
2661 6636
3401 2045
3401 5709
3401 6161
8297 5
8297 340
8297 4190
7138 2100
8301 7731
8301 943
3331 1142
3331 9626
3331 3198
2252 9714
5950 4778
5950 7960
3947 2419
3947 7472
2411 2247
2411 2625
1019 8567
6853 8339
385 8723
385 5428
1927 4644
7735 7950
7735 1071
7735 1575
7735 5546
4095 4022
4095 1235
1939 9022
3086 9260
9141 4968
2767 218
2767 4777
2767 5591
7190 33
7190 5770
2605 9917
2605 289
8142 7069
5827 8793
5827 1075
5827 2420
5827 6690
1916 6123
7633 6550
9084 741
348 6560
2276 330
2276 2920
5222 2076
5222 9348
5222 3231
3916 7283
33 7989
33 7824
33 6446
6546 3142
919 6136
919 3022
919 9960
2381 4804
2724 7076
2724 2315
1741 503
1741 5703
1741 1271
1741 2071
3618 2286
293 793
293 7888
293 766
293 4928
293 8401
1898 9600
1898 1007
1898 4741
1898 9265
42 8838
4892 8617
4892 879
4892 2280
8594 2768
2051 1503
2051 2316
2051 582
4891 2614
793 4666
793 6260
724 3737
724 355
7573 8625
7867 3531
5761 3062
5761 7986
5761 8756
5761 9143
2867 4322
2867 4591
2867 4809
2867 7575
6118 7534
6118 3266
3328 9557
4360 5548
5014 6761
9843 8966
9843 9787
9843 7960
9843 2261
9843 8714
1269 4611
1269 2186
1269 3253
9227 6338
9227 700
3616 2968
7246 9018
454 947
454 5586
5618 5796
5618 4804
5618 7758
2247 7689
3396 9482
2838 4044
2838 2186
4256 5017
4256 8287
4256 7233
6862 9353
1161 8320
6134 7953
8403 7823
8403 2992
8403 689
8403 7318
1495 3615
5640 9225
847 4311
8713 3360
875 102
4027 252
242 8734
242 5594
5272 1926
2082 9876
2857 7099
4470 5347
4470 8598
4470 1666
6329 3945
6329 9915
7512 6260
7512 3754
6657 7976
6657 7929
6657 6139
4930 2519
4930 5601
630 7774
630 9799
2685 3776
2685 5011
232 3324
9000 2148
9000 8257
8927 1861
8927 7251
3510 6095
3510 3690
3510 416
8375 2499
8375 3306
8375 6316
7069 281
7978 1050
7978 9152
2947 746
2947 1121
2947 4440
2947 9158
1280 6770
1280 5655
1850 4564
9203 8071
9203 6649
9203 6921
6677 2468
2149 6607
6819 3067
6819 3680
6819 8012
7368 556
7368 1005
7892 9403
123 5400
6234 6946
6234 1757
4886 4408
1770 4976
1770 3472
1770 8448
4416 911
3624 9429
3624 4585
9350 2019
1201 7132
396 2083
4532 1337
4532 8141
4532 7665
4532 107
473 3073
349 8111
9051 3654
985 1257
606 867
606 8286
9094 2918
8538 248
8538 5131
5858 6065
6860 8902
6860 600
4976 9274
9090 3289
9090 1487
2701 5787
8963 5297
8963 2373
4598 7039
4598 279
8754 1366
7831 3849
2161 227
9019 7068
9019 4210
1513 7507
9209 4688
1857 9453
4594 5305
4594 8116
6312 7707
9521 6529
9521 6245
5346 2768
1947 7121
61 5651
5338 87
5338 8501
2780 6835
7950 6327
7200 3257
7200 897
9129 7184
9129 5882
4272 2427
4272 1262
6902 6263
8406 1602
8406 6016
3792 5427
3792 1002
1980 8902
1980 79
1980 3505
1980 6911
1980 9499
6916 3434
7555 2234
2768 1768
2768 8801
4415 3724
5205 3859
3049 9225
3049 748
2148 1785
6622 5027
4696 5940
4696 6171
4696 9912
8092 1909
8092 1610
8092 9987
7128 8926
7128 8416
7128 5956
4811 3709
3240 2645
4092 439
7179 3596
7179 9238
7179 1235
842 7688
9147 4978
9147 4838
5155 2826
2427 3799
2427 9367
8089 3473
1607 7205
9706 8705
9706 3289
9706 5246
2496 4322
2496 7036
7922 581
7922 7210
3596 4928
8617 6224
5494 7829
5494 4864
1238 314
4900 7481
4900 8453
4900 6802
6688 9658
7658 1013
879 7629
2562 122
4076 1932
4076 6176
1251 5345
7750 7364
7466 9702
7466 1058
2397 1392
2397 8084
7361 1447
7361 1942
1640 9475
1640 6577
7650 1121
832 1368
6922 323
7381 7608
7381 3906
5162 3489
5162 3235
2282 1744
2282 3820
7287 2854
7287 4868
7287 6524
4645 545
4645 4266
678 7975
9793 9828
7404 4486
7404 221
7404 6414
7404 6168
9971 3823
9495 6755
269 3781
5930 145
5061 1691
8873 1339
1173 4312
4405 5787
4405 5417
5691 2234
5355 4055
5355 6931
5508 1651
5508 8215
5508 9339
5508 9753
6669 1113
6669 9347
6669 2392
3830 7384
7261 7783
4435 1136
2978 4975
667 7358
667 3735
5925 9725
2531 7428
4488 4440
4488 4472
4488 5561
323 4537
7715 1812
7742 7568
7742 8343
1502 3066
1502 9308
5191 6519
9065 441
139 7645
139 3841
9049 7725
6098 1388
6098 8776
8071 705
8631 7185
8631 4294
792 3898
9086 4995
9086 9483
2363 4428
9653 8832
9653 9585
4448 7344
4448 5424
4448 5632
4448 8177
3639 6242
3639 4710
3639 4467
6343 2010
6343 1753
4500 375
4500 4779
2076 119
2076 82
6036 2346
6036 4996
6036 381
708 89
1174 4328
1174 4929
4469 992
330 2036
4956 6046
8382 5017
8382 7247
7172 1957
7172 700
7344 3097
7344 9806
7344 4671
7344 6602
4643 5740
4643 5594
4643 5411
2805 8900
6713 9553
2388 4980
2388 1469
2797 9172
421 7656
421 6710
6438 8902
6659 9819
9407 1526
2473 1395
2473 2639
6750 4621
9218 2050
162 9923
8291 2383
8132 3848
1113 1967
3202 2465
5796 7417
5796 3368
5796 1487
2951 9241
2951 9968
2951 6344
2951 821
2951 105
8307 219
8307 6996
5864 3836
6817 4481
6770 3092
1008 2541
8604 8090
1467 5775
1467 1638
9098 6048
9098 5969
9098 3070
6852 8453
6852 8875
2622 9287
2622 8886
2622 155
6444 4793
6444 7598
1055 2493
7732 7725
7732 886
2647 86
7270 8866
5588 5982
204 2015
4336 700
4336 7100
4336 1776
7186 7825
7186 3779
1677 320
3989 9419
6872 4755
6153 4333
5227 5585
5227 7100
5227 2073
7009 5137
8926 9103
1615 2932
1615 3163
9372 3433
5523 4179
9183 3120
1321 3619
7627 7868
7627 2217
7627 6962
7826 9992
9251 527
8609 2005
8023 695
8023 5605
8023 885
4855 5195
9807 3306
5974 1451
5974 9005
2774 5038
2425 4485
3559 3619
6028 7239
9787 5980
9787 5015
5229 805
6295 7609
2886 1060
2886 457
2266 6797
2763 8489
2763 1074
4721 161
647 3746
647 9319
6835 3218
4135 1370
4135 9539
8197 7484
5095 8660
4536 4512
4536 5154
9754 1441
9754 5118
2585 780
2585 6593
1365 6671
1365 9338
3948 6209
4371 3002
4371 1782
5236 3247
2565 3373
2565 962
2565 4098
8588 666
8588 6789
6865 2758
3606 5084
3606 5719
3606 7365
2260 5188
2260 2057
9087 3675
9087 5308
7007 6193
7007 6470
7007 6046
7007 2379
2631 9731
6434 3567
7689 7684
19 1808
8223 9797
8223 4736
2209 7020
9318 3905
4739 7417
4752 417
4752 8108
4752 3185
8949 2438
3577 9991
9593 9173
6368 218
6368 9757
6368 4631
4179 3680
4179 1768
7764 2431
7764 7444
7764 6492
7764 1936
4194 6736
4773 7292
4773 7918
6169 8912
6169 2787
1537 2368
1988 7300
4793 8669
6359 5678
6359 3567
6359 7012
223 9751
3473 9624
3473 7164
3473 3625
3473 7013
4760 3583
4760 1712
6436 7337
5392 9520
5392 5064
5392 8472
5392 4592
5392 7371
5392 6236
8173 9600
2757 227
2757 4896
2757 8106
3430 7646
5009 7583
5315 6506
2274 8647
2274 1170
6998 399
1246 4804
1246 6189
2394 4151
1025 3745
8683 317
8683 7623
1822 8615
1822 5299
975 4693
5089 4699
981 6072
981 9260
4770 7308
5920 4067
30 1254
30 7690
8359 761
8359 5233
8359 5320
3877 3880
3813 1299
3813 8119
3813 3227
3920 6306
844 9976
844 3565
3050 8113
3050 1210
9586 2753
7843 4578
2581 7734
1237 7985
1237 5393
4785 613
6685 4372
6685 742
8007 1879
9798 5921
5635 8853
7589 6934
7589 4481
7589 5693
8248 3799
6194 4023
6194 704
3930 9379
3164 6592
3164 1778
9504 9432
5503 9315
5503 6315
4054 4701
543 2540
4253 9464
3390 2412
9891 1973
9891 2130
884 1038
788 7043
9093 4021
9093 3071
7358 4895
7358 8346
575 7194
5560 1003
5560 1533
8112 2991
8445 5181
8445 8897
2284 2961
8048 6337
8048 6618
8048 9652
8048 6704
3697 4084
5757 3634
55 8740
55 4831
55 2776
55 3507
7895 1370
9695 7025
3776 7371
8964 9707
9422 3717
6511 2204
8009 6470
1966 3000
7859 2132
7859 5364
1176 36
1176 1832
378 9112
378 8489
6338 7278
5094 8752
8921 8436
8921 5765
6136 584
4055 1869
4055 153
6564 5940
2210 2130
2210 1642
3908 4120
6859 7143
1395 9125
2590 9762
9658 6454
9658 7445
66 4298
66 6697
7544 5683
7544 8154
3055 1414
7185 9655
7185 6224
5310 5724
7322 9561
324 1417
5427 8320
2596 7238
5479 7790
5479 9174
2822 6930
2822 3037
2822 279
6771 5907
4881 6181
2272 8275
922 5891
7765 5184
3344 7292
3344 5709
3344 5632
1130 600
9340 9249
4746 1742
7352 9907
7352 9
4143 4834
5074 3140
5074 5608
3553 527
7687 3054
7687 5066
7687 9951
10000 9052
2918 5861
7592 6690
7118 5824
7923 3263
7923 697
6238 7807
3836 8723
7802 6942
7802 9679
4378 6364
4378 4063
9222 5889
2204 1722
2204 8535
1934 7841
1934 3157
1934 5634
1934 1824
5041 4576
5952 5887
8665 9114
9465 9876
1903 2851
1903 18
1903 8726
9479 9102
3651 8723
3651 7757
9085 1998
1538 1896
1538 7333
4660 9687
4171 4932
4953 1075
4953 7795
7398 6760
7398 8151
4427 5848
2619 2910
6514 7119
6514 1994
5677 2520
9013 800
9013 7058
9013 91
9013 5501
7829 1140
3310 7454
9262 6328
4021 5667
7253 8993
731 1587
8784 5889
6874 429
6874 2300
6874 5932
971 7640
392 3828
864 6350
7414 1973
7414 9137
749 7065
749 1950
1720 8157
1720 1203
7187 3592
3782 6809
9114 1928
3121 2028
4709 1054
4709 7251
7271 7080
7271 7613
7271 8497
8918 1862
9755 7429
5939 5563
9475 1119
9475 8991
201 4699
4814 6955
4814 9786
2588 7039
7991 1739
7991 2542
4665 6886
4517 2969
4530 6051
4952 9439
6660 6242
6660 9849
2011 7444
5240 79
6225 169
6225 2960
6225 4825
2099 1056
2099 6581
6364 9791
6364 7121
145 7527
145 3198
3358 6991
5739 532
5739 2009
1999 3432
1999 540
1999 4723
8559 2045
8559 2582
8123 3619
8123 1642
8163 4189
7039 1228
3965 9096
3257 7047
7707 7419
6288 23
6163 7537
528 7541
6322 1749
853 6195
4621 4806
7273 14
7102 6948
7604 867
7604 7757
252 839
252 5459
2398 8051
2398 1413
3765 245
3765 5417
3359 8705
3359 6310
7145 2200
2657 3207
2657 1235
4056 8823
4389 1203
1739 3528
1739 4154
1700 3679
1700 4002
6909 3313
6909 136
3487 8610
3487 1023
3487 7087
3487 8789
9723 7705
9723 4580
4695 1732
148 4203
9614 7777
2546 1865
9836 100
5435 7699
9728 9315
9998 5685
9998 4420
8149 8962
8149 8363
1090 2538
1090 3805
1771 4691
3812 9689
8136 7705
2442 2906
2442 6396
8227 3284
1077 4800
1574 5747
1454 3986
1454 7734
1002 9464
1002 5179
7264 692
5366 5860
4547 2921
4547 5622
6730 5108
6730 5769
6730 6158
825 1441
825 2934
825 1107
6075 70
6075 8161
4294 3652
6264 8151
2418 5287
2396 9624
8599 4362
3232 6363
3232 2227
5248 7919
5248 5988
6920 7781
6920 2772
2737 7709
5694 2904
5694 5390
1268 1407
2131 1933
2131 1233
2131 2836
2131 6911
8052 6917
1257 2401
1257 7546
5108 3012
5108 4683
5108 6344
9958 2095
5549 3175
8113 4520
7614 2912
7841 6313
6393 6596
9447 9817
9685 9553
7290 8211
7290 5091
6930 8586
6930 7324
8780 1419
8780 9967
7823 1058
7823 1835
7823 9575
5303 666
5303 8311
5303 824
3000 1271
3890 4199
3890 9050
5579 8785
9238 5447
5424 1701
3552 2380
7913 3528
7229 611
7229 102
369 2020
369 4552
369 4424
5413 9699
1278 8806
1278 3978
6671 2913
4504 4062
8939 3644
8627 1169
3675 5246
6162 6495
6418 7482
6418 965
4821 8679
254 4201
3807 7926
7825 687
9320 953
9320 601
9320 7803
5762 9054
5762 4376
5762 4551
7530 2807
8749 5891
8749 7282
8749 4634
2438 9983
7377 3290
6712 3523
3880 1471
3880 7948
5789 9491
5789 8524
5789 1782
5980 9596
1894 699
1894 221
1614 8969
940 4410
9693 6745
5821 175
5821 4429
3346 1119
3346 5956
3346 924
8414 3507
5962 1075
7487 3184
7487 6348
328 9070
9624 9777
7400 4611
7400 7436
7400 5891
7400 5244
2614 5202
7136 9985
3956 4882
3982 5707
1912 681
1912 4066
1912 2836
1589 4345
1589 1445
1254 5250
2503 740
5263 7960
5263 7434
1088 1450
1088 5726
1333 9909
8601 8430
7133 2573
7108 1056
4356 3524
4356 1499
6228 642
6228 4455
6228 8183
6228 8774
8022 9301
8022 1807
8022 8823
9118 8738
9413 7171
9413 2707
6899 1107
4586 960
9945 8897
814 2542
9752 7291
9627 1481
9627 629
9627 5345
4257 3468
2428 2845
2428 9547
6183 7470
3504 84
3504 9143
6707 567
5870 4638
7223 7122
7223 9152
2113 8635
2113 1792
9882 7481
6905 1182
1030 4323
1030 5163
6260 4732
180 4244
180 3622
180 1348
9154 4296
9540 4394
9540 7349
2484 1736
6210 8042
3208 8174
3208 2873
725 338
1184 1825
1184 2678
9267 9917
8475 153
8577 5347
262 6948
5779 4372
5779 8544
9842 8157
9842 8253
59 636
2544 5607
2544 8891
2544 4385
7962 9509
1601 3831
1601 8521
1601 5921
3321 5894
5396 2057
918 7298
918 4289
1464 5044
1464 2977
5406 4040
5406 6840
8094 8012
9888 5783
9888 8198
8416 5232
9745 4159
9464 2197
1425 807
3669 7617
3669 6509
9418 6968
5953 9784
5953 5614
1855 8251
3951 8548
3951 8378
8832 1313
8832 8496
7417 160
581 7409
1593 6720
6578 8517
6578 5921
3203 2568
3542 2907
9930 1499
4276 9107
2401 1035
4237 9063
4237 1871
6460 6698
6752 8205
6752 7717
5771 4778
5771 9547
9995 1079
7656 9561
555 2913
5408 2003
8992 7755
5128 6751
5128 9373
5128 5277
7609 6419
5881 3511
5068 3191
5068 2808
8813 852
8813 6335
8813 6755
4323 705
6095 3873
6095 2052
9514 3513
1183 1443
1183 9849
9797 8578
1606 1963
4083 6375
8590 9104
1313 9569
2166 43
4414 1307
4414 4631
3436 56
1964 6788
2250 1372
2250 8203
8166 988
8166 4224
8166 6306
4228 8649
5728 9886
5728 1070
3811 185
3811 6391
1969 5314
3735 4827
3735 3614
9684 6357
1856 5409
1856 780
761 8721
1398 9741
4978 3285
4978 8875
4978 7151
6523 2005
1484 9124
2670 4316
2670 9512
8648 3945
4145 4802
4145 8714
5381 8889
2147 4800
405 2197
405 5614
4678 6941
9606 8986
375 8067
8782 5960
2518 7762
2518 2412
1503 1998
1503 8741
7188 3567
7188 541
1788 4870
9332 5756
9332 1178
9332 7078
2370 3166
2370 3546
281 9082
2735 2920
2735 6152
2735 2543
3067 760
2830 8217
169 212
5783 7832
5783 8343
5783 1709
9245 4452
9245 5008
8419 6636
5773 303
8205 9376
7235 9572
6369 8707
6832 7089
391 7539
391 8030
3265 8476
3265 7785
3265 1005
3211 209
995 1066
9881 8644
7062 2875
7062 5297
9892 1307
8458 2188
1933 6734
1933 6759
1933 5501
7281 3191
245 7409
7906 383
5890 1862
5890 1165
5890 6816
8761 5125
6647 1244
6647 8107
1109 1301
8961 2915
8961 2213
8961 6189
3508 4863
8157 9903
8157 4368
5509 2150
3432 6933
3432 9717
3432 3084
3432 582
128 873
128 2497
6417 2497
4827 6076
8779 15
5965 4408
5965 6242
5965 4742
336 6187
336 7629
336 6549
4411 6330
4411 7722
5314 2960
5931 7798
5931 9478
5931 2512
9491 7054
9491 4686
9491 7033
411 2133
411 9138
411 6789
8799 1680
614 9815
9553 9538
338 5084
338 8151
9274 1748
2964 7147
2964 6550
4316 8476
4316 818
4464 7089
9112 4269
9347 2734
9347 962
1022 1261
1022 9808
9741 5553
8272 2734
6350 7787
5223 9234
5223 9012
908 5882
4481 7066
5117 122
5117 5261
1528 2039
524 3734
2304 9596
7212 8521
1177 5144
3912 6800
3912 3521
429 9305
429 2094
7736 620
3218 6896
3218 5907
5265 622
3470 1678
3470 8888
6507 9884
4692 6534
5483 662
3681 1121
858 7833
3147 4570
6931 4571
6931 4178
6931 23
14 1887
9182 5668
9182 8867
15 5596
7300 2448
7300 1696
6450 9072
3386 1232
3885 9946
3885 6554
3885 7028
3054 1701
3054 5299
3054 1300
8817 7945
6376 5765
7032 4551
1897 3899
1897 7121
6065 5119
9217 213
4852 1910
4852 2954
4852 8891
569 5443
3063 136
1050 3578
6797 279
6797 8376
6029 469
8557 8323
8557 1448
122 2533
235 3980
2906 590
2906 63
2906 5369
6357 8494
3287 1435
8061 6492
8061 9194
7198 5984
1449 5232
3751 6022
3751 1078
5602 2852
2280 8636
2280 8578
2280 6135
9250 9403
9250 767
6324 8583
6324 9428
4701 3799
9877 4172
5431 7095
5628 5066
5628 9379
1511 519
1511 780
2235 8487
2235 1166
2235 5448
699 8652
699 1447
699 2512
652 8802
6850 8998
6850 7521
6850 5409
5654 3534
5654 5121
1689 3721
1689 6596
1689 2772
7725 9618
7725 8311
7725 6845
7725 7785
7725 6577
9719 3839
9788 5131
7611 5896
7611 4970
9972 6775
9972 613
9972 7329
9972 4218
4451 3239
4451 4642
4451 8756
9206 9016
2674 4376
8633 7743
7844 455
9477 5485
9477 7894
9477 893
3089 8889
594 4818
6788 3517
6788 2777
2809 5601
5775 8988
7023 1306
5944 1049
3583 7812
2992 1803
1867 6927
1172 8017
1172 3700
8323 3699
8323 119
9010 4082
9010 9551
9010 3791
9010 4933
9520 3699
4300 638
4968 4959
5934 6187
4199 185
4199 7251
7832 827
7832 687
3092 3198
3092 435
7877 1294
8802 1570
8148 8725
3895 3987
3895 4485
2910 4124
2910 5911
7774 1742
7774 5765
480 8465
4491 9425
4491 1409
4491 6181
8487 8336
8552 4975
8552 4789
8552 6059
8087 5401
4851 7066
311 3927
966 5911
1308 198
1308 5428
827 6929
6392 3952
6041 2758
219 3861
219 2513
7583 2089
3863 1960
3863 3340
7622 8473
3239 4597
8017 6896
8017 4780
9773 728
4959 3748
4959 6378
6988 1046
942 6559
9326 2485
6495 8657
6495 6170
2316 9137
3986 9249
6195 3172
3261 5888
263 3489
8902 3489
8902 6561
8902 5772
7519 9212
679 1996
6642 231
6642 6054
910 1795
7122 2893
7292 2583
7114 7124
1060 3235
1060 271
1060 5351
7952 2613
4907 4422
4907 3519
8313 8454
8313 6716
1290 426
3173 6972
3173 1036
3173 1154
1248 183
8190 8972
5623 2302
5623 2234
7406 2060
9884 9879
9884 3910
9660 9946
7880 3468
7610 144
779 5058
7918 4388
4339 2375
8436 7945
8436 3525
7670 2289
7670 9925
7670 5731
911 8072
3062 5935
3062 9363
2269 4683
3058 9189
2845 4190
325 8193
548 1301
1742 5555
68 8996
8473 8430
8473 5294
8473 3740
3856 9383
5685 1345
1182 2010
9150 7563
9883 3120
9883 6354
9883 416
4726 5736
4726 2437
4726 4634
3862 2571
5301 4312
2645 9331
726 2100
726 3037
7272 600
7272 2517
8040 4674
5970 4561
775 8543
5505 4627
3066 5862
31 681
31 8104
185 2195
5343 8657
1463 8886
1463 9199
8680 4941
8680 5590
4330 2389
3816 3927
3816 2831
5491 8510
7211 3278
1355 8838
1355 7806
1297 3254
260 65
260 6330
260 9924
4198 7994
4198 7954
383 88
383 5860
2485 7683
9328 1076
5604 8201
1010 2109
1010 5030
9216 489
9216 5504
8668 4342
9825 2201
2684 4927
2684 91
6080 5557
9256 5449
9984 6363
7535 183
7535 5539
9243 6186
3009 2334
3009 852
3009 8777
3009 9235
1744 2431
9823 4962
636 2259
636 1539
2887 183
8524 9830
9594 2834
7808 5397
277 6912
277 2379
277 6446
7401 2387
7401 2960
7401 6279
3290 4170
9228 9107
3285 3400
8796 8073
8796 7231
259 8453
259 7929
1027 2502
8488 1300
6176 8969
7888 5590
8751 2691
3262 7986
3262 9906
4975 7472
6494 7329
6499 987
6499 7502
7385 3708
7767 8681
243 8035
1745 8267
1745 3313
2506 2542
2506 6760
681 6348
5192 6940
4497 9562
4497 5840
4497 1664
3162 8015
3162 9467
4778 5813
4778 4644
7147 455
1434 3585
3106 3274
3106 2192
6479 871
6479 2508
3435 9651
9641 3464
9641 8517
9641 7079
6516 6921
6380 9279
3743 6742
3743 2834
1661 4267
1878 8698
2893 2688
2655 1228
1821 4071
8838 1599
5896 5441
4200 6384
8895 6815
2201 8337
9757 1487
9757 9858
5819 748
7291 2516
7291 3145
7291 8686
6272 8730
6272 6706
322 700
7171 567
7171 4537
1441 2400
1441 8221
5114 8363
6769 7088
6769 1445
6769 469
8440 2296
8652 7971
7690 1670
1018 1940
1018 7328
600 4271
600 3056
253 4703
2571 2431
2571 4669
1731 4600
642 8218
7796 4498
7796 418
7796 1664
9016 9478
1414 9808
3291 7089
1604 3891
7166 1724
4373 9629
3555 5823
3555 4784
5087 2849
5087 294
5087 6435
6607 309
987 2061
7876 5546
160 1632
8454 2324
5125 4834
2034 8239
8010 2377
8073 1362
8073 2461
8073 7691
4712 862
8141 6602
1374 7443
3205 4910
3959 7807
6088 3119
6088 2333
7427 7981
5597 5017
886 9483
3119 4073
929 2563
1694 8258
2789 7752
6985 3300
6985 4037
523 1783
8647 6798
8427 1996
8427 4077
1056 4972
5774 5968
4838 1973
9442 9982
9442 1465
5678 2808
6353 3300
6353 9287
4647 5608
4839 819
113 1286
113 889
113 3572
113 2068
113 2437
3052 7485
7323 5834
2871 6525
5693 8001
27 3929
27 9502
4455 6079
2121 6441
2121 1417
3649 5595
3649 766
3649 6158
3709 2943
7052 3507
7182 8158
3453 4616
2729 5111
6608 4098
4355 1659
4355 8976
4355 2111
4355 4511
9275 5722
7280 9172
7280 5220
6193 7353
9496 2246
7112 907
7112 4023
7112 1394
8051 3622
8051 6247
8051 8076
570 3570
570 8801
468 2075
3763 3632
9879 6548
9879 3849
8215 3267
2197 1110
2197 7541
9268 5185
1701 6917
1701 4334
1152 5769
1152 9983
1152 4790
3047 2557
456 5873
456 9394
6857 1824
5875 9792
8863 3417
2891 2746
1372 6636
1372 1214
7970 8558
7970 4735
4988 2639
4988 9815
7578 70
7578 3400
7578 3762
7578 3185
4980 1235
4063 2907
4063 3250
7315 3754
4831 5238
7455 1972
7455 1048
3904 2213
8543 1756
7737 3523
1293 8192
5398 1499
5066 7075
1144 9537
2364 2831
9949 4437
9949 4742
5595 9911
3300 2649
3300 115
6419 2519
134 2188
9784 4210
9784 7267
7296 7458
7296 9634
3142 7539
70 962
4604 7787
4079 9363
9359 8734
7503 891
1859 4010
6538 3075
376 7482
9717 3228
9717 5196
5101 9005
8434 7079
8434 6690
1944 5243
388 3841
2973 1014
3361 2513
3361 7074
2037 6112
7790 329
862 945
862 4178
3730 5017
2798 1437
4040 7079
638 5204
873 6636
873 3808
873 6405
7792 9212
7792 3294
7671 2966
7868 4224
7868 5364
7868 5053
7868 4996
2580 3266
2556 1643
2556 2080
2128 3253
2128 6884
8819 9370
6950 8057
6950 965
6950 2959
1811 3706
1811 3266
9597 9157
9597 7752
5572 8257
5572 4313
5572 2772
5759 3672
6217 1131
8310 9399
1435 6102
1435 1622
4870 6611
4870 733
6218 1358
2744 2849
8938 2787
3174 6640
3175 9137
9294 7678
3704 4722
4262 2290
2933 8066
1767 5632
1767 740
1807 1902
1322 6428
1322 786
1957 7088
7192 2226
5756 3929
5756 9139
5756 9207
5071 7797
1785 6990
6105 3132
2604 320
2334 4964
2334 9074
956 9603
6154 8421
9345 1803
4629 4098
4629 6552
945 1450
945 2429
6505 2326
6505 6045
6505 3266
1189 8421
4904 4072
4904 1361
2714 9472
7994 4895
4794 5458
8216 1307
8216 7364
8216 3070
2459 3418
1680 2761
2389 5034
2007 8776
2007 4061
4043 5351
8476 5626
8476 5621
9961 2330
9809 270
5289 6296
8453 5403
8158 1681
8158 777
736 4510
7245 87
5060 3791
2736 2094
6440 2721
6440 8903
6440 9858
7684 2616
2481 4229
9861 7654
620 8913
620 3900
9969 7588
1309 8104
1715 5543
341 3309
5607 2254
4627 5877
626 7090
3140 1838
7505 2493
7505 7364
7505 1526
2668 8496
2668 3712
2849 4274
3761 6362
3761 6203
3761 2989
9689 1960
9689 4996
9689 1865
380 9180
8996 7226
2676 6871
2676 2449
3600 1926
8196 9008
728 1749
728 6967
728 7328
7132 3716
2400 8644
8979 9482
2888 8203
2888 8886
2888 7681
9696 5891
6996 6191
6996 1385
6996 1406
6092 3397
2637 7207
5723 8715
5723 7151
5831 7019
5831 3905
5831 1311
5831 8571
4964 7151
8496 8988
8265 7392
8265 1122
9327 4258
3540 8459
3540 6131
3540 7812
8345 2558
8345 5361
13 9212
7436 2858
3191 7682
7842 1976
7842 3171
6124 8429
7919 705
5758 933
9291 7054
9291 399
9620 8402
7446 526
7907 1232
7907 4080
1102 6946
6256 5490
2728 8193
6477 9669
1206 7594
1206 7472
2642 8990
9710 7084
1517 1998
1517 1439
1517 4764
2375 1716
2375 4548
5232 8714
4595 7546
7213 8756
5519 7629
5519 5781
3246 6185
6714 3574
9053 1129
4160 5732
1610 7691
551 2146
1140 8067
1451 2352
1451 8516
5474 8750
8744 4834
8744 7705
7478 1808
8649 7940
3073 286
3073 4098
9221 5383
6173 8667
5018 4172
5018 1489
5018 8982
2324 512
2324 8776
2324 5578
2324 4528
6431 6840
6431 3745
6431 4347
6681 5613
6681 220
2478 4669
8418 4050
431 8255
431 885
9300 7878
6787 6157
5586 9561
1756 1284
1632 5308
2100 5065
9976 1327
9976 1469
9976 2356
7025 1232
5840 1962
4767 7477
2819 8806
8336 4970
8336 4039
6956 7085
5804 8277
6603 6277
8277 8362
8277 3527
2187 4736
6720 4853
6720 1762
2387 623
538 5056
538 8106
4478 7205
4478 2296
1753 58
5282 4544
159 8154
3980 3708
6242 9749
5187 8661
9101 6563
9101 8640
3530 1824
3530 2190
3861 9538
2448 7563
4882 1908
9991 3440
2574 9714
2574 1222
265 1869
265 2019
265 5059
9401 2523
9401 416
4638 4386
3523 939
3523 289
1332 1217
4888 2261
5705 4462
5705 2237
6297 1036
6297 4551
6297 5501
6391 1877
6119 5584
512 7926
512 6640
512 2962
4094 4472
1199 6224
8953 9260
4138 7645
4138 2033
6869 8734
8998 7088
9492 2081
5404 17
7242 5300
6519 4680
2109 8936
590 5304
988 3159
6748 6567
8959 2976
8959 2440
6754 2788
7000 522
3945 4858
3945 439
3464 455
3464 8644
3464 7787
8027 2474
8027 1366
7129 1351
4771 6710
1880 1111
5918 601
5918 2512
7226 1633
6946 5707
6946 8069
2105 7971
2105 4436
2105 3468
8583 9432
8583 6144
5987 9694
7509 3748
887 9990
5188 4472
5555 3966
9113 3250
182 3440
2104 9690
2104 416
1869 7150
1717 1413
1717 6068
8625 1342
206 5578
4908 3570
8404 2303
6072 9911
6384 1005
6900 4525
1735 6284
8003 18
5231 2429
3548 745
2493 6415
2493 3228
1691 7093
4924 4637
6646 872
4905 1967
4905 6328
6636 198
5608 4487
7855 4585
8362 7445
8362 7545
3887 6802
3887 8723
3887 856
1282 9966
6698 6581
6698 6351
3879 6335
8105 5407
8105 5770
6684 4914
1772 4693
1232 5394
8109 9298
703 5535
4654 7262
4654 5161
7217 4728
7850 7382
7850 4552
7850 4357
2380 5812
2380 9827
4659 7818
2773 5345
5273 3690
5273 4625
5273 5912
5273 6197
5273 3981
5273 9319
598 5800
457 5960
1808 5441
3212 6747
8705 3478
1931 6547
1931 6973
5243 4784
5243 9188
7861 4003
7523 9174
7996 4926
7996 7539
7996 5885
4680 546
7636 2616
3680 8991
7238 7337
6560 353
6560 5325
6560 9848
1973 1393
9811 7986
9811 6022
9811 2800
6961 469
923 36
923 4322
923 6711
470 4859
3938 8734
9210 4669
9210 2130
9210 7495
3672 5331
3672 9596
3672 4419
3672 3411
9555 4077
4895 5281
2764 7329
650 4600
650 8982
9241 5966
5064 2610
5064 5795
5064 7225
5707 690
7976 1625
7976 3278
7976 7476
4926 9392
9378 3016
7134 2791
1581 8491
3970 5561
3970 7558
5268 9756
5268 5853
5268 2470
5268 26
5268 7575
7971 4039
9454 4970
5834 7197
5834 6014
7276 6549
6398 1453
6398 2527
6656 1678
1768 8602
3589 3418
3589 4928
3589 4790
1401 810
1473 7936
3032 6727
9831 5701
972 209
972 5719
7754 6446
6449 2758
8788 2294
5199 4084
3254 1682
6063 4285
1358 9537
6815 935
6815 1169
4941 2434
5709 1298
7704 9955
8576 8242
8785 1608
8785 5596
5317 455
9145 3340
9145 9626
2745 7814
7490 5543
9810 8015
9524 3439
3721 6521
6955 3120
6955 2234
2576 2233
2576 4731
4252 6396
4515 5911
3626 5785
3626 7657
9287 3924
1554 9352
1554 3793
1554 5085
9630 807
9630 9509
9630 7067
3253 5800
8400 5814
8400 2296
6917 8830
5722 9473
5722 9679
4569 432
8826 2213
8826 3117
8826 8423
1307 7501
3467 573
3467 9325
6390 7803
3249 3273
9409 1083
9409 9629
9409 4247
2039 7087
4406 2583
671 997
2190 1256
205 3685
8275 6240
2265 7568
4182 106
8195 8520
8195 943
7714 3450
6073 2371
5132 6307
6102 5056
6102 6076
6629 6807
2487 5475
870 8177
5645 8830
1347 5871
1347 9777
1347 2691
7244 5080
939 5134
4471 9604
4471 5467
2402 2782
2402 9383
2707 9753
2707 7409
540 2520
4865 4324
4865 5184
4865 6211
5417 9753
9558 3819
9558 8726
9558 6291
4835 7985
9815 3823
7700 5683
4723 5370
9986 721
7020 5954
519 559
3607 6851
7659 517
6742 2896
6341 346
9091 1331
6972 9923
4422 8777
3585 1327
1521 2261
1521 8378
8371 1812
800 6749
800 8855
5247 1792
4514 3981
4514 3550
6706 8490
351 7308
351 8201
6838 623
2114 3866
2114 1879
1261 5755
1261 7241
4231 286
7960 525
5937 9501
9806 5769
9806 3236
628 5568
7694 9856
7694 560
2326 8986
5038 4765
5978 7648
5978 6824
930 5682
8806 3740
8806 7137
8806 2328
8806 7495
8184 3622
8184 5147
7311 1381
339 7891
3081 4936
3231 6552
3231 1712
1006 4347
1006 3828
3120 3141
3071 5895
7066 3569
5098 1095
4810 3791
877 3690
877 802
2725 8551
2725 7294
2725 7333
4589 584
4023 41
1998 5954
8548 9174
7384 226
7384 72
3565 4352
3135 6508
7666 3019
7666 6328
7666 5070
7666 8118
4825 5452
6654 6667
3095 8369
3095 9623
3446 3448
3446 6830
8174 9727
8174 3946
2538 5814
8517 3905
8517 924
5262 3431
8662 4210
8770 8913
8770 7955
8770 441
2030 6328
8088 4460
8088 1489
5500 1729
7940 654
3641 6492
3641 8860
6914 5601
4031 5553
1445 951
6781 2864
6781 303
6067 2618
6067 559
2920 611
3723 1342
6875 4600
6875 495
8402 6042
3881 7629
759 2718
759 6426
1992 9480
8086 8852
9955 9072
4203 9604
4203 8058
4203 1403
4203 6547
7429 4467
4436 4115
4016 4461
8635 1838
8635 5034
6456 702
2059 7285
2542 2383
6727 522
2231 1760
3113 2311
7617 755
1531 9776
7076 889
7076 573
5959 3975
607 5085
7059 8573
7059 8676
2519 8161
2594 2907
4885 4511
7101 964
7101 6544
6362 1798
6152 9808
6152 6344
9910 5276
9718 5383
3363 5667
3363 8603
3363 2958
7393 8717
5364 746
5364 4
6043 2547
4520 3277
4520 7297
6760 8201
7925 5294
2644 7787
2986 1033
2523 4120
1407 6415
1148 1569
3868 7938
8449 7563
3243 6319
2788 8220
4736 5046
2547 5866
2616 1217
9923 767
9909 3296
9909 3569
3822 1017
1678 1865
1678 2013
1491 2172
8234 2686
7479 5028
716 4376
4080 2610
9999 9509
9999 9467
3622 6016
4984 9097
7231 3826
7231 8469
955 402
1911 3171
8417 4267
8417 6354
2826 1526
2826 721
5333 4784
1331 9856
3656 6509
787 9848
187 8793
6247 2641
3631 7939
6008 9463
6215 1926
6215 8888
9308 9289
6051 8986
6051 2961
3008 9309
6990 9171
9802 9022
9802 5147
7195 1929
7193 4777
7193 2302
7193 1515
3998 9481
6960 7225
8822 613
8326 9777
442 9966
3784 659
3823 5414
9330 4581
9330 2492
9330 3496
6262 7467
7508 3574
3428 6927
3428 1928
1953 5239
5452 5107
5452 589
7543 3578
9180 9571
9180 8903
5768 8358
3717 5204
9427 7227
2233 7536
2233 7760
2075 1561
2075 591
6395 7571
2808 5261
2808 3966
8776 4557
852 3635
5529 8696
3184 2465
4620 9880
6515 8311
4130 5027
712 5433
5935 2308
8882 6807
2393 611
6885 4136
8337 6973
8337 2163
1962 4640
1962 1048
6557 4097
6557 9669
690 3340
690 2958
7993 2994
7630 6241
5871 9655
3658 3294
419 7904
1306 6328
4067 333
1286 2094
1286 3440
1286 7359
4725 8350
7541 4991
3307 1994
1924 6667
2627 9851
4115 3841
1877 3424
1871 7277
1871 1448
691 6689
2834 157
2834 7013
6745 5411
692 1533
7828 1003
7828 5438
1603 8444
1587 340
1587 9
2081 1941
3443 9596
3443 3779
6512 401
742 3274
742 8520
1036 9523
4717 5660
4717 5661
9537 2301
9537 3898
4399 1083
8399 5245
2069 9572
2069 5866
1375 279
3849 3736
611 1928
8793 3866
3866 6046
2579 7221
255 7646
255 23
255 7705
6164 3387
7521 3673
8856 5752
3952 8712
9070 1926
527 7691
527 1833
8035 4878
1442 1196
6941 1499
6640 2548
5490 4059
933 1403
3973 3550
5401 4859
9172 3034
9172 857
9779 7955
9886 1599
9886 1893
9886 8640
8267 777
5190 7443
4564 10
3576 3933
5327 8177
5327 4232
8729 4006
4501 6854
7862 3267
6529 1714
7001 8465
7929 6700
7929 6318
3634 9700
4359 3340
4359 9675
4743 485
4743 6447
4271 3931
7647 3635
5084 8177
9083 9400
319 3369
8494 8489
4281 4720
7643 6414
7643 3260
4324 871
4324 2677
5030 1862
5030 7151
7549 7838
1522 8816
1522 7628
7124 5034
7124 4974
3019 9656
9303 7930
1323 818
3207 3235
3838 5682
2663 8520
1599 6925
63 7710
580 8448
4587 7672
9649 8116
3578 8512
3853 8287
2289 2801
4670 164
8679 5300
8985 7665
6777 7282
8162 9360
9688 3910
9868 8981
1397 5414
1397 6425
7498 8913
9551 5320
9104 4693
320 9600
4460 2356
4460 9795
9460 5475
6686 3660
6686 2373
7254 4830
7485 8117
2290 3228
3770 7004
6792 5467
6792 38
2479 5517
9982 9570
7314 7329
8689 9749
9656 674
8091 7967
4804 8958
4804 194
6328 2229
6328 4631
5250 4591
5250 4631
3574 1993
1066 786
1066 9439
3002 5724
4583 6284
3511 640
1659 7472
1345 4151
5320 4483
3652 5134
7450 5259
9511 3114
7054 8655
7410 4669
4673 3678
2248 6161
2248 3247
2248 1899
7126 7545
4268 3910
4049 3529
4049 2150
1256 4112
1026 4059
3103 5259
7563 1003
2779 6567
3570 2566
3570 2772
2705 9339
841 8603
9453 1815
9453 3987
5724 3685
4334 7169
6054 7795
6054 5300
6054 4640
4097 9818
4576 4914
2182 2734
9385 2817
3339 4006
657 8133
4877 7012
3625 4247
5295 7527
5295 4526
4991 976
5208 6307
4934 432
4561 7501
4561 2894
4819 882
4637 6387
1994 1609
8320 3343
3738 9538
1749 2969
8778 8520
8778 4724
9481 4724
8185 9249
7520 7443
2782 5556
2782 6291
4698 9669
6306 5433
5650 9874
5650 8869
3235 2931
3235 6710
6822 5772
3303 7239
6170 6596
6170 9117
8853 1212
8853 3650
5515 871
9060 8672
3927 9331
3927 6245
183 552
695 660
6970 5447
3274 654
1540 3796
1540 3114
7304 1835
2061 7752
9074 5341
5337 8603
4061 1080
3636 3260
3636 2968
8723 1007
9398 2703
5570 4849
5570 2445
5659 3933
5839 2620
5839 6552
6493 432
1215 1826
2734 5732
5279 9483
7546 1211
81 6354
8298 2237
8078 370
8728 1600
9954 5828
1393 212
178 1633
2557 9872
2557 946
5539 6524
3447 1121
2461 2261
8697 5848
7691 3494
1902 9103
3187 8217
7354 8760
2584 4286
5731 4989
1886 9455
9572 7055
4780 382
1111 3572
8098 6415
7269 7239
5862 29
1127 2229
1127 1571
1127 7893
9564 125
8107 9373
4731 8676
1815 91
8191 3728
8532 525
6191 2858
8975 2761
4428 4028
6414 2620
6414 4368
1367 9100
5043 3056
7154 4858
8116 8075
1095 7382
2787 7208
9993 9631
9993 6245
9993 5859
8049 3839
7547 857
7433 6572
6480 7696
6480 4028
1782 6816
8573 7282
1220 4800
3664 1093
1379 7972
8741 7760
567 3411
4600 7196
5220 356
2229 9665
9509 1803
2110 4458
4159 6637
4003 8147
9571 6046
6751 401
5020 2028
4972 6316
5846 1569
3791 3417
6929 5414
286 6394
2618 1417
2618 8580
5433 6898
6863 6506
3340 6521
616 9738
9144 6081
7786 1709
6871 8491
6871 6621
1350 9265
8111 7019
796 8385
7985 2346
5972 4985
1569 1721
1779 8232
1779 4351
5901 5234
2923 4691
7477 962
1351 1093
4274 2094
4613 8118
7162 4927
7162 8571
780 8976
780 4557
8193 1007
8193 8302
9363 4289
9363 9675
2940 5584
9667 2356
9667 802
1827 946
2560 952
9919 4077
9919 6637
9103 7460
6549 7085
8591 4693
8591 8346
8976 750
8976 2498
4344 6716
6831 3279
5201 3623
1348 7093
1348 2000
7408 9575
7408 7365
1657 5620
3778 8363
5478 3527
3544 7709
9983 9538
9759 9675
8613 4699
546 9858
546 5517
7277 2067
1385 5717
4716 2301
5311 7912
7914 9650
2153 4059
9539 2754
215 6084
1862 7257
4997 9143
5660 1460
1959 9966
1959 8482
9272 786
9272 2073
7613 8012
9022 7948
4625 5601
4818 3975
4818 3716
5294 8640
4688 3373
370 9399
9443 951
791 8845
5717 5928
5717 4919
8147 5905
7085 7881
7085 6534
8108 7241
4113 4927
9714 2041
7961 9874
9400 2847
9400 549
5906 7803
2028 3840
8370 1712
4178 7294
4178 229
5860 4849
3004 5621
7371 7621
8986 946
8660 5221
4906 1923
6216 559
4461 7917
2985 8709
6891 3764
8536 4039
6293 9737
8787 3085
1633 4550
5382 1833
9480 7365
3506 5054
4258 7822
7445 8262
8889 5848
6094 23
9712 7251
6559 1453
5546 1247
1845 6808
8852 3438
9545 2136
9604 3367
5415 359
5415 1712
5441 3279
5467 1541
2390 2738
8794 3630
8794 3840
3752 3269
4775 2328
685 7176
7423 2620
5499 116
2817 2919
6755 4388
958 1736
9927 8133
4217 9575
5601 821
333 5772
7063 1981
8717 3678
4690 2055
6469 7804
4022 6315
2697 7803
5300 2931
9762 2205
3324 5459
4728 8133
4728 6552
3514 4927
3514 1336
7337 8333
4642 8667
5426 5340
5426 7661
4790 1642
5504 9299
5856 5772
4929 591
1194 192
153 5752
5857 8333
5857 6171
962 7090
7743 8230
2641 7804
2641 2432
9410 6532
6046 8474
2665 8066
6716 5147
6716 7806
5237 2965
212 7893
7948 7575
2573 359
7297 2739
5928 2781
9239 2423
9239 6898
2449 91
5042 6938
9538 7760
8332 2068
4362 4742
8913 4229
3334 6620
9467 3839
7392 5182
6112 8120
5803 1311
2610 6613
8422 1489
750 4395
1722 559
1722 1837
8077 2781
8077 9673
3623 1157
9163 8891
3933 5034
5438 9872
1682 3284
2392 7090
6723 9820
2931 3762
2873 6554
1353 1796
1353 3569
5852 8640
7036 2919
7074 6334
2981 9137
2981 9050
5620 4085
2302 532
3288 3696
3288 6667
6007 6785
6007 784
8497 8835
7525 2434
2901 57
734 7091
9791 9880
2192 4703
5646 7871
748 1679
5614 4974
3387 3172
6059 6165
4669 855
5495 9628
3975 3496
8981 560
7681 8170
1136 4269
8170 5781
8170 1336
8170 7251
6596 29
6830 757
5932 6158
5932 6913
8983 5137
4136 3981
4136 1366
4741 6665
5837 4167
8823 9813
8823 7460
8470 1005
3045 2527
3045 4615
5612 9705
1600 3696
9430 9889
213 777
2998 8075
5203 5400
1551 9215
8774 3981
8287 1394
8287 4058
6462 6967
7489 4782
3529 7602
5535 9738
2311 4071
5784 1403
5784 4779
29 5145
6079 5420
7055 9322
3365 8575
3993 4840
6541 7874
4551 5610
8001 6354
8232 2328
1294 7812
2211 9876
7419 5910
5285 3966
7752 5885
713 3369
9753 6192
7938 1408
2136 3977
1539 3806
8520 3356
5880 7049
57 2979
9405 3703
9405 6385
9155 6379
2543 6967
2543 7013
2543 7495
8368 7588
5668 270
4219 9795
9387 1950
9387 1129
9387 2512
3343 2013
8521 641
9585 7457
6572 4597
8684 565
9152 6447
1995 8392
6673 2172
5278 7812
6749 2052
1826 9724
4313 6284
573 6525
1394 9455
3841 8469
9589 4167
23 6354
5169 9096
7678 6796
9751 7208
3301 1118
2286 7857
2498 4511
8712 7161
2761 4703
5807 5673
9776 1736
8444 2979
7454 1963
4957 2894
3269 6667
3525 3839
6307 7917
659 6139
6106 7089
6547 6489
6547 9199
6140 4714
8789 4177
6442 4506
7644 1284
3654 8982
3654 5036
533 5283
8940 9298
8940 8982
2447 9694
5859 6014
6795 6014
2009 3411
7935 8485
9675 2716
9675 8385
8675 2791
4142 3977
4901 5682
5167 4485
3395 1764
3395 7981
4419 2690
2716 435
8377 6313
9188 4628
979 3152
8700 8721
192 6287
91 2965
7839 2818
2195 568
461 2747
186 5655
2465 2451
885 6016
1205 1976
1764 4550
1078 8571
1409 2841
9452 1270
9452 4506
9452 8667
8571 4800
2746 1107
5361 7917
8385 820
5174 435
3309 5159
4421 10
4058 943
2292 7210
1681 8043
7757 7365
680 6016
3360 35
5887 7064
7241 819
2979 2107
4232 1679
6882 4190
3569 8580
946 2968
7495 2234
