4159 2516
2003 1
6248 0
2516 0
5917 1
7277 1
7112 0
1772 1
6885 0
8218 1
2516 1
2516 0
4859 1
2532 1
5885 0
8154 1
5432 0
2544 1
9668 0
3906 1
2516 0
5352 1
2750 0
1151 1
2153 0
9317 0
5320 1
7764 1
3539 1
2346 0
2516 1
3808 1
4030 0
2516 0
4659 1
5812 1
2516 1
2516 0
5221 1
6049 1
1992 1
2876 1
2516 1
5016 1
4386 1
2909 0
8471 1
7955 0
5869 0
2516 1
2516 1
3973 1
6129 0
2516 1
8175 1
1657 1
5355 1
2516 0
2516 1
3863 1
2516 1
1389 0
2302 0
1560 1
2516 0
8493 1
2516 1
2516 1
3693 0
5733 1
8088 0
3240 1
2516 1
1834 1
2516 0
7896 1
6942 0
2700 0
1504 0
4197 0
2516 1
8316 1
8687 1
7791 1
5977 0
7719 0
7154 0
2516 0
7916 0
8420 0
8970 1
2605 0
5976 0
6292 1
8949 0
1917 0
5787 0
2335 0
8054 1
2516 0
1308 1
8159 1
6604 0
4706 1
7112 0
2516 0
6065 0
8204 0
6891 1
4945 0
3230 1
2516 1
9491 0
6095 1
2516 0
2516 1
9262 1
2516 1
2516 1
5400 1
2516 1
4759 1
2516 1
3554 1
2516 1
5809 0
5548 1
2516 0
9474 0
4650 0
7505 0
7137 0
5803 1
2088 0
1994 1
4143 0
2516 1
1944 0
1592 1
2516 0
1418 0
5276 0
2413 0
7216 0
2516 0
8019 0
2516 0
8956 0
3690 0
3632 0
9400 0
9818 1
2446 1
3859 0
7428 0
9436 0
3439 0
2516 0
2516 0
2098 0
4730 0
1482 0
7653 1
2516 1
5517 1
2412 1
8919 1
4445 0
7577 1
8359 0
5087 1
4705 1
9363 0
7143 0
7584 1
3051 1
2516 0
2516 0
4521 0
2098 1
6809 0
8248 1
2953 0
2516 1
2516 1
2516 0
9748 0
9151 1
2516 1
2516 0
2516 1
6300 0
2516 0
1280 1
5493 1
9594 0
2516 0
6112 1
5860 1
5011 0
5302 0
7295 0
3595 0
4273 1
1442 1
7353 1
4037 1
4529 0
2516 0
8997 1
6406 0
2516 0
4539 0
4486 0
2516 1
1556 1
2441 1
2516 0
2516 0
9473 0
6140 0
2683 0
8732 1
2516 1
2516 0
8991 1
4102 1
8656 0
2516 1
1464 1
9897 1
6083 1
1267 0
1856 0
4204 0
8721 0
5084 1
3993 0
3121 0
2516 0
2419 1
2516 0
2516 1
9894 0
9616 1
1303 1
2516 0
2516 1
8372 0
8717 1
1839 1
6317 0
2227 0
8767 1
2516 1
8930 1
5425 0
2516 1
9381 0
2516 1
2066 1
1673 0
2488 1
2074 0
6469 0
8850 1
5132 1
9557 1
9047 0
2497 0
9704 0
2516 0
4194 0
1525 1
6436 1
1114 0
9805 1
5126 1
2732 1
1764 1
2516 1
1456 1
8319 1
2516 1
2897 0
2516 1
1152 1
2965 1
2516 1
1663 1
3053 1
2516 0
8833 0
1288 0
2971 0
3722 1
2516 0
8892 0
2516 1
2516 1
2516 1
2583 0
2516 0
2516 0
1205 1
6083 0
2516 0
9486 0
2978 1
1155 1
2516 1
3508 1
9208 0
1322 0
3458 1
3664 0
8747 0
2516 0
2516 0
6215 0
1873 1
2516 0
4031 0
2516 1
4458 1
9540 0
4443 1
9704 0
7610 0
9134 1
2702 1
3575 1
1225 0
1384 0
2516 0
9507 1
7321 1
2500 0
8475 1
2516 1
2516 1
2650 1
2516 1
2516 1
2516 0
1507 0
9883 0
9390 0
6712 1
5564 1
1391 1
6529 1
4207 1
2931 0
2360 1
2516 1
5214 0
4319 1
6567 1
3514 0
2516 1
2516 1
2262 0
1055 0
1313 1
5611 0
5176 1
9390 0
2516 1
8867 0
2516 1
8971 1
4851 0
2516 1
3966 0
6618 1
6100 0
4333 0
2516 0
3236 0
2516 1
3405 0
6251 1
5421 0
2516 0
4695 0
8166 0
6616 0
1407 1
6879 1
9115 1
4916 1
3266 1
6939 1
2516 1
8642 0
1515 1
2516 1
8216 0
8623 1
5502 1
1969 0
3238 1
2856 1
2516 0
6968 1
5611 0
3478 1
8835 1
6135 1
7711 0
5386 1
9320 0
7894 1
6357 1
4935 0
5900 1
1299 1
9946 0
5161 0
5352 1
7398 1
1413 1
6666 1
2127 0
8033 1
9254 1
2516 1
2516 1
9338 1
1852 1
6204 0
9954 1
1367 1
4385 0
5513 1
9898 0
9152 0
4043 0
2516 0
1145 1
9093 1
5637 1
2516 1
8275 0
2516 1
2516 1
4495 1
2516 0
2516 0
8433 1
2516 1
8485 0
1234 1
5540 1
3448 0
8075 0
7088 0
2516 0
7139 0
8263 0
2516 0
2500 1
7338 0
7572 1
2516 0
2516 1
2516 0
2516 0
2516 0
2516 1
2516 1
2228 1
9491 0
3540 1
5049 0
8869 0
5093 0
7357 1
9828 0
1740 0
2063 0
2644 0
2516 1
8568 0
2665 0
7324 1
3476 1
5769 0
5554 1
3148 0
2516 0
1975 1
2516 0
3084 1
8004 0
9669 0
4345 1
2516 0
6774 1
8765 1
2516 1
2798 1
2516 1
2516 1
2444 1
2468 0
7510 0
8686 1
7153 1
2516 0
1395 1
2516 1
2325 1
2822 1
1647 1
2516 1
4404 1
2516 1
5790 0
6147 1
2348 1
1675 1
2416 0
1093 1
2516 0
2585 1
6081 0
6837 0
5505 1
2516 1
8328 0
2516 0
2516 1
2516 1
6472 1
3917 0
3185 0
9452 0
8811 1
9081 1
7772 0
9923 0
2516 1
2516 0
5156 1
7980 0
1898 0
1435 0
9888 0
6051 0
2484 1
2516 0
4911 0
1635 1
4971 0
8646 0
4984 0
2200 0
2516 1
7560 1
2516 1
2254 1
5778 0
7042 0
2516 1
9670 1
4324 1
3311 0
2516 0
2516 0
8357 0
4671 0
1650 1
2516 1
6896 0
1484 0
1644 0
2516 0
2516 1
2516 0
1104 0
2516 1
4653 1
8324 1
2516 1
2516 0
5188 1
2516 1
2682 0
7862 0
2071 0
1239 1
2516 1
5563 1
2212 0
2827 0
2516 0
2516 1
2516 1
7137 1
9846 0
2516 0
2516 1
8291 0
1103 0
5666 1
4230 1
2516 0
3584 0
4039 0
7019 1
2516 1
4996 1
2516 0
8478 0
6328 1
2790 0
2516 0
2516 1
2516 0
9769 0
1160 0
7179 0
8860 1
1418 1
2516 1
3732 0
9059 0
2516 1
2516 1
9928 1
2516 0
2677 0
3719 1
3177 0
1953 0
6320 0
2516 0
1350 1
7558 1
5747 0
3027 0
9881 0
4878 1
6925 0
8256 1
2516 0
2516 1
2516 0
7650 0
2516 1
1206 0
2516 0
5163 0
5044 1
6274 0
9552 0
5160 1
2730 1
3474 1
1124 0
7443 1
2516 0
3709 1
1489 0
7732 0
4089 1
8037 0
6269 0
7596 0
4700 0
6930 1
2516 1
5614 0
7496 0
2516 0
2516 0
2516 1
8508 0
2992 1
2516 0
3304 1
7004 1
2516 0
9029 1
2516 1
2570 1
5798 0
4111 0
8160 0
7599 1
9659 1
2516 0
2516 1
2516 0
2516 1
2516 1
3568 0
5139 0
7289 0
1400 0
5913 1
9864 0
2516 0
1468 0
2516 0
2516 0
2516 1
4297 0
4005 0
8557 1
7343 1
2516 0
6929 1
6793 1
6317 0
5157 0
2966 0
3733 1
6943 0
2516 1
5070 1
8765 0
6593 0
6704 1
2516 1
2516 1
6238 1
3512 1
5370 0
7877 0
4390 1
2516 0
2516 1
8952 1
3370 1
4737 1
5954 1
8544 0
2057 1
3779 1
2516 1
6162 1
9926 1
9380 0
2891 1
2516 0
4062 0
2516 0
2039 0
9060 1
4999 1
7823 0
3986 1
2516 0
2516 1
2516 0
2535 0
2516 0
9030 0
5398 1
9310 0
2632 0
5085 1
5547 0
7408 0
1184 0
2516 0
6223 0
3147 1
1089 0
4072 0
8078 1
6718 0
1910 1
7172 0
2475 0
3819 0
4454 1
1058 1
3043 0
9427 1
9825 1
2516 1
5285 0
2516 0
2516 0
8110 1
8420 0
1886 1
2553 1
9060 0
2277 1
9114 0
4191 1
2516 0
6108 0
5089 1
5544 0
8819 1
2516 0
8973 1
8033 1
9310 1
2516 1
4495 0
2499 0
7608 0
2697 0
4593 0
9764 0
3664 0
5407 1
2516 1
9186 0
4963 1
3931 0
5079 1
7342 1
9138 0
2516 0
5525 0
5541 0
9949 0
7986 1
5262 0
8267 1
7348 1
7171 1
2516 0
9698 0
8408 0
4111 0
1011 1
4577 0
2516 0
2334 1
9601 0
4301 1
7824 0
2916 0
6437 0
2516 1
4983 1
4994 1
8572 1
2490 1
3209 0
2516 1
9686 0
7510 0
9427 0
2516 0
3208 1
7191 0
2516 0
5045 0
5790 0
2516 1
2643 1
3953 1
2516 0
5020 1
6741 0
2372 0
2516 1
3246 1
2516 0
1134 1
2516 0
8937 0
2516 0
9433 0
9550 0
3243 1
7273 0
8216 0
2516 0
2516 1
9074 1
2516 1
5594 1
2516 1
9695 1
6881 1
4517 1
2516 0
4466 0
2516 0
8857 0
7430 0
4930 0
2516 1
2516 1
6111 1
2160 0
7907 1
6725 1
7002 1
2166 1
7375 1
2158 1
6088 1
2233 0
2516 1
6379 0
2516 1
5435 0
8512 0
2866 1
4033 1
7760 0
2516 0
7674 0
9109 0
6062 1
8793 0
6351 0
2516 1
2516 1
2790 1
2210 0
3224 1
1848 1
2516 1
9322 0
5339 0
9372 0
8285 1
2516 0
6436 1
8226 0
6788 1
9013 0
9861 1
2516 0
6866 1
8557 1
5282 1
3567 0
2553 1
3400 1
2679 0
6070 1
6038 0
2516 1
4692 1
2516 1
9182 1
4464 0
7031 1
2516 1
2516 1
6367 0
2516 1
3438 0
2516 0
3604 0
4648 1
5414 1
5947 1
8791 1
9138 1
2516 0
2516 1
6596 0
8502 0
3150 1
3106 1
4106 0
8520 1
1819 0
6963 1
6101 1
1020 1
7657 0
1584 0
6678 0
1099 0
6605 0
5821 1
6928 0
4390 1
5296 1
2516 1
7193 0
2516 1
8216 1
4895 1
2346 1
5304 0
2516 1
4669 1
6253 1
6560 1
3424 1
6969 1
7441 1
7044 0
7930 1
3203 0
4971 1
2516 0
2516 1
2516 1
3251 1
2516 1
6941 0
3495 1
2516 0
6472 0
4402 1
3958 0
7929 1
4388 1
8168 1
2516 1
2516 1
2516 0
2230 1
6341 1
2055 1
4913 0
8319 0
3873 1
1755 1
1666 1
7755 0
1464 0
7466 0
6964 0
2775 1
2516 1
1136 0
7386 1
8918 1
4837 0
2516 1
2679 1
3143 0
6962 0
3926 0
2516 1
9420 0
2516 1
6474 1
8977 1
9587 1
1863 0
3543 1
2516 0
7863 0
2516 0
2284 0
2516 0
2516 0
7093 1
2516 1
2516 1
5839 0
8730 1
7440 0
3276 1
1139 1
1975 0
2739 0
9275 0
3721 1
1462 0
2516 0
1756 0
2431 1
3002 0
2963 1
2516 0
6111 0
2516 0
2516 1
3165 0
8320 1
2516 0
2781 1
7611 0
6534 1
2831 0
2516 0
6628 1
4201 0
5049 1
4566 0
2887 1
2516 1
2685 1
2516 0
7639 0
4028 1
2380 1
5361 1
8562 1
9963 0
2516 0
9947 1
2516 1
2516 1
2516 1
8184 1
1367 0
2732 1
6784 1
5675 1
3198 0
2516 0
2516 0
9703 1
9555 0
8443 1
6628 0
2516 1
2222 1
8148 1
6787 0
2516 0
2516 0
2516 1
2516 1
2516 0
1773 1
6815 0
9382 0
2516 1
8507 1
1977 1
2516 0
2516 1
3612 1
1116 0
3019 0
8386 1
5552 0
7430 1
1075 0
5934 1
2516 1
3709 1
8744 0
8219 0
6386 0
6204 0
2516 0
3388 0
7171 1
2516 0
4088 0
2516 0
5510 1
5508 1
5470 1
5549 1
2351 1
9187 1
8927 0
2516 0
5913 0
6353 0
3061 1
2516 1
7068 0
2539 1
4440 0
5791 0
2330 1
2516 1
4248 0
6513 0
2516 0
2293 0
2516 1
6430 0
1847 1
3849 1
5000 0
7066 0
7798 1
2047 1
4912 0
4131 1
5411 1
2516 0
2516 0
3519 1
6369 0
2516 1
2516 1
2516 0
2586 0
9985 1
4898 1
2516 1
9995 0
2516 1
1600 0
4119 1
6840 0
4562 0
8350 1
9936 1
7274 0
2172 0
6553 0
2516 1
2516 0
1540 0
2012 1
2516 0
5218 0
2516 0
2516 1
2516 1
2516 1
1776 0
2750 0
2516 1
5805 1
7520 0
2516 0
2516 0
4164 1
5579 1
2695 0
6100 0
6779 1
5982 1
1738 0
3895 0
1415 0
7646 0
8981 0
2516 0
4777 0
8468 1
2990 0
7289 1
4339 0
2516 1
8175 1
5943 1
2516 1
3854 0
2516 0
2516 1
2516 0
2488 0
4478 0
8120 1
2459 1
6666 0
8094 0
4689 0
8117 0
2516 1
2220 0
4067 1
4771 1
7375 0
5718 0
1229 1
2771 1
9759 0
2516 1
2516 1
6644 0
5216 1
2516 1
5049 0
2596 1
7264 1
1742 0
2516 1
2516 1
5315 1
7891 1
2516 1
3095 0
2516 0
2516 1
2516 1
1831 1
4860 1
1805 0
5394 1
8527 0
3755 1
1566 1
5022 0
3694 0
4353 0
2516 1
8497 1
2035 0
5315 1
9482 1
2516 0
2516 1
4202 0
3937 0
1264 0
3515 1
2516 1
8762 0
6659 1
2516 0
1637 1
6534 0
7138 1
7692 1
7981 1
8245 1
1760 1
2516 1
4174 0
2516 1
6236 0
4225 1
7112 1
2516 0
3351 1
2516 1
2516 0
1874 1
8986 0
2838 0
2516 0
4286 1
9538 1
2516 1
7564 1
8166 0
3813 0
2516 0
1095 0
2516 1
6164 0
2516 1
2516 0
6626 0
2516 0
4664 0
2228 1
6746 1
6912 1
9706 0
4374 0
2516 0
4504 1
6844 1
3471 1
5987 1
6457 1
5492 0
3927 1
6175 1
1657 1
8763 1
3033 1
3355 0
9662 1
1181 0
5364 0
8127 0
2516 0
2516 1
4487 0
5144 0
3907 1
3292 1
2516 1
8354 1
2516 0
3582 1
6122 1
4155 1
2467 1
2516 0
3085 0
1236 1
3325 1
2516 1
5913 0
8765 0
2347 0
7470 1
7977 1
9444 0
5398 1
2516 0
7829 1
1154 0
5732 1
8664 0
2516 0
3879 0
7701 0
5678 1
5122 1
6872 0
6072 1
2981 1
2540 1
9395 0
4561 0
6824 0
2516 1
3360 0
5741 1
2516 0
9197 1
2516 1
2516 1
9538 1
6125 0
5480 0
2516 0
9628 0
5075 0
7782 0
2516 1
9489 1
7314 0
5470 1
2516 0
2099 0
3989 0
6793 0
3774 1
7849 1
2516 1
3989 0
3478 0
9792 0
2614 1
3975 0
1461 1
3427 0
2516 1
9506 0
2516 1
4005 1
2516 0
5302 0
3843 0
3737 0
2235 1
1832 0
2516 0
8828 0
5611 0
9243 0
3248 1
6594 0
9770 0
2516 0
1725 1
2516 0
9685 0
1417 1
6597 1
8560 0
7804 0
2516 0
7803 1
2949 1
9937 0
1663 1
9975 1
1120 0
2516 1
8758 0
7318 0
2474 0
8879 1
9230 1
2516 1
1017 1
8032 0
5360 0
2516 0
2516 0
3027 0
3378 1
2041 1
5017 0
2516 0
2516 1
2516 0
9597 1
4982 0
9342 0
2174 0
5041 0
4712 0
2966 1
4945 0
2516 1
2516 0
2516 0
2516 1
6288 0
2516 0
2516 0
2516 0
2516 0
8365 0
3077 0
2516 0
2657 1
4329 0
3902 0
9726 1
6014 0
9918 0
4354 1
1123 0
2516 1
2516 0
6636 0
2516 1
2390 1
1425 1
4985 1
7370 0
2516 0
2516 1
8243 0
5718 0
3265 0
2327 0
4331 1
5722 0
3499 1
7484 1
2207 1
4771 1
2516 0
2516 0
1938 0
1556 0
9235 0
3567 0
2516 1
2516 0
2516 0
2977 1
4184 0
5307 1
4689 0
1351 0
2516 0
2516 1
1504 1
2516 1
3681 0
1721 0
9575 1
4387 1
5696 0
6461 0
2516 1
7861 0
9129 1
9633 0
2516 0
6557 0
2516 0
8854 1
8211 0
2516 0
2516 0
6102 0
4541 1
2516 1
2516 1
1084 1
3960 1
9517 0
4147 1
7352 1
2297 1
1937 0
2516 1
9959 1
1247 0
9665 1
8716 0
5175 1
4107 0
6068 1
7240 1
2516 1
8481 1
2873 0
7158 0
2516 0
4613 1
9681 1
2209 0
2668 0
7737 1
2516 1
2516 0
2516 1
6228 1
1970 0
9146 0
8452 0
8973 1
2516 1
2516 1
2516 1
7097 0
4274 1
7994 1
1196 1
2623 1
7560 1
6458 0
2516 1
3276 1
7416 0
6873 0
2516 1
1338 0
5684 0
3233 1
2208 1
8769 0
2516 1
6128 0
2516 0
7010 1
6977 0
4041 0
1731 0
3767 0
6000 0
4561 1
2516 0
4224 1
2516 0
2804 1
6166 0
2516 1
2516 0
2516 0
1619 1
4387 1
6739 1
2516 0
2516 0
1422 0
7366 1
2516 0
1631 0
2516 1
2516 0
2072 1
9044 0
9783 1
2516 0
9173 1
6885 1
2526 1
6519 1
2973 0
2516 1
2516 0
4794 0
2516 1
2516 0
2516 1
3512 0
9037 1
2516 1
5664 1
2821 0
5501 1
9869 0
1125 1
2453 0
9178 0
9333 0
9715 1
1624 0
6747 0
9382 1
7055 0
2516 1
8346 0
2516 1
6094 1
5272 0
2516 1
2516 1
2024 0
2628 0
2516 0
8483 1
2516 0
2516 0
7851 0
2492 0
2516 0
5007 0
5711 1
6976 0
4137 0
3171 0
1529 1
5881 0
4226 1
9916 1
8840 1
8278 0
4243 1
2853 0
6191 1
2157 0
8723 1
3331 1
1274 1
2516 1
4462 0
8199 1
2516 0
2516 1
5083 1
5990 0
2516 1
4253 0
7874 1
2516 1
2516 1
9673 0
2516 1
5758 0
3930 0
5345 0
5966 1
2516 1
8063 1
5013 0
8601 1
1901 0
1574 0
2061 1
9748 0
2730 1
8816 1
7790 1
2516 0
6769 1
4268 0
2516 1
6526 1
4452 1
5514 1
2614 1
1696 0
9513 1
2516 1
2516 0
7722 0
1041 0
5666 1
8544 0
2996 1
4862 0
3828 1
4525 1
1390 0
2397 0
9328 0
2516 0
2516 0
2516 0
7466 0
1729 0
6247 1
8258 1
2516 1
1124 1
2516 0
2516 1
4790 1
5082 1
8444 0
5667 0
2420 0
4027 1
6838 1
2516 0
5027 0
1855 1
6433 0
3986 1
7110 1
2516 0
2516 1
2516 0
2516 0
4311 1
7501 1
6559 0
2516 0
1080 1
2516 1
2133 1
2516 1
1779 1
3348 0
2516 0
2516 0
3539 0
1040 1
2516 0
1953 0
8385 1
2250 0
8101 0
5767 0
3402 0
3982 0
2516 1
3899 1
3940 0
6892 1
5586 0
6461 1
3297 0
4245 0
5973 1
2516 1
1847 1
1466 1
2516 1
2516 0
9734 0
7988 0
1980 1
8869 0
8564 0
2516 0
9714 1
5639 0
1924 0
1108 1
9585 0
2516 1
2516 1
2516 0
5379 1
8796 1
3810 0
6445 0
2516 0
2402 1
8310 1
6947 1
2516 1
1626 1
2238 1
2516 1
5906 1
2516 1
2298 1
4362 1
8417 0
2516 0
2516 1
2516 0
7804 1
8430 1
7020 0
9990 1
2516 1
7774 1
2516 1
2516 1
2516 1
2516 0
2516 1
5571 1
7236 1
2516 1
2516 1
6328 0
3670 1
2516 0
8450 1
1947 1
5127 0
5098 0
5465 0
4232 0
6428 0
8476 1
5058 1
2516 1
7218 1
2087 1
9068 0
8720 1
4941 0
2516 1
8068 1
1849 1
9325 1
4383 0
8484 1
6039 0
4460 0
2874 1
1474 1
1200 1
2516 1
2516 0
2516 1
4219 0
4024 1
4565 1
8676 1
4874 1
6492 0
4183 0
2516 0
2943 1
6355 1
1616 0
5202 1
6875 1
7033 1
9582 0
2516 1
8128 1
8663 1
4478 1
4009 1
1018 0
2498 1
2961 1
2516 1
1461 0
1043 0
6635 0
2516 0
6583 0
2516 1
1775 0
8805 0
1099 1
1300 0
4729 1
5190 1
5234 0
2516 1
3400 1
2516 0
2424 1
9551 0
8356 0
5808 1
3460 0
2516 1
5310 0
4703 0
6535 1
8936 0
5272 0
8021 1
2193 0
3158 1
6061 0
1217 0
2516 1
2516 0
2516 1
5251 1
4148 1
8018 1
1664 0
1213 0
1767 0
4481 1
2516 0
9134 0
2516 1
2516 0
2882 1
2835 1
2516 0
8855 0
9800 0
5586 1
9882 1
2516 1
4756 0
2516 0
9103 0
6133 0
1823 1
1459 1
6667 1
2516 1
9099 1
3365 1
1113 0
2516 1
4044 1
3147 1
5633 1
3808 0
2516 1
2516 1
5643 1
9637 0
6035 1
5118 1
2516 0
8369 1
2516 0
6741 0
6925 0
9125 0
7705 1
3349 0
9338 0
5373 0
9491 1
6106 1
2516 1
6440 1
9771 1
2516 1
4777 1
2483 1
4832 1
4170 0
8544 0
8035 1
1493 0
6258 0
7534 1
3601 1
6267 0
4505 1
7248 1
2516 0
2984 1
9994 0
1803 1
6801 1
7433 1
4144 0
2516 1
2516 0
2516 1
1919 0
3375 0
2705 0
2516 1
9488 0
7766 1
8461 1
2516 0
2516 0
2516 1
2516 0
6620 1
7539 1
7266 1
8971 1
8550 1
4039 0
8634 1
3243 1
2516 0
8988 1
1560 0
1033 0
8503 1
6220 1
8874 1
3753 0
4366 1
7513 1
2516 0
9576 1
3337 1
1875 0
7815 1
9382 1
2051 0
2516 1
6270 1
9636 1
4501 0
2481 0
2516 0
3077 1
1305 0
5472 1
2516 1
8574 0
2091 1
7361 1
2516 1
2516 1
9798 0
3994 0
2812 0
6811 1
4377 1
2516 1
2516 1
5179 1
7572 1
2383 1
2516 1
1238 0
9569 0
1349 0
8392 1
2516 1
2516 0
6129 0
2516 1
2362 1
8433 1
9177 1
1227 0
5396 1
3424 0
2516 1
2516 1
2516 1
2516 0
9153 0
9574 0
2674 0
3813 1
2516 0
6171 0
7920 0
1344 0
4083 1
2516 1
2516 0
7659 0
3575 0
2516 0
1768 1
4681 1
2516 0
9038 1
9240 0
5183 1
4258 0
9614 0
4626 0
4553 1
8109 1
4729 1
6292 1
1379 1
2516 0
2516 1
8419 0
2516 1
4690 1
2449 1
1263 0
2516 0
2516 0
9717 1
3361 0
2516 1
9508 1
6627 1
6822 1
4980 1
8015 0
2516 1
7375 1
2516 1
9346 0
1735 1
9571 0
9079 0
5707 1
2516 1
2516 1
6051 0
5283 1
2131 0
8291 1
4989 1
5724 0
2516 1
8978 0
5299 1
9119 0
5171 0
1097 1
2516 0
5955 0
1598 1
5587 0
1311 1
2958 0
3685 1
2516 0
9012 1
4183 1
2516 0
6968 1
9276 1
9874 1
2814 1
2516 1
9543 0
5136 1
2380 1
1392 0
1927 1
2560 1
2417 0
3296 0
2516 1
3146 1
2624 1
2516 0
2516 0
3873 0
2516 0
3261 1
2516 0
5864 0
7281 0
9578 0
2049 1
9880 0
9106 0
3682 0
6555 1
5191 0
2516 1
9647 0
4229 1
2516 1
2516 0
5511 0
8733 0
4579 0
7189 0
9036 0
2516 0
3138 0
2516 0
1212 1
2516 1
2516 0
6690 0
3534 1
9259 1
2441 0
7306 1
2516 0
6864 1
8864 0
5216 0
7444 0
1460 1
3658 0
5374 1
4403 1
6659 0
2516 0
7306 1
6348 0
6898 0
7660 1
6032 0
2516 0
6614 0
8340 1
2516 0
2516 1
6075 1
7477 0
5744 0
9227 0
5278 0
1421 1
4377 1
7344 1
5684 1
7428 1
3184 0
6542 0
7521 0
9927 1
7421 1
8400 0
1509 0
5436 0
5402 0
6536 1
7466 1
2516 1
2354 0
8252 1
4377 0
2132 1
2516 0
2516 1
4777 1
2516 0
5399 0
2516 0
2516 0
3848 1
5202 1
2516 0
1122 1
3138 1
9906 1
8183 0
1897 0
6364 1
2516 0
4692 0
2516 0
9746 0
5275 0
2516 1
2506 1
7062 1
4281 1
2630 0
8662 0
7058 1
1750 1
8290 1
7384 1
3636 0
3071 0
4173 0
3602 0
2516 0
2516 0
2516 0
9175 0
2516 0
1789 0
2516 0
2516 0
4153 0
8359 1
2516 1
2516 1
9987 1
8561 1
2516 1
1329 0
5969 1
4110 1
4833 1
5807 0
4901 1
3621 1
5382 0
4465 1
8853 1
8207 0
2516 1
4423 0
4896 0
6065 0
4035 0
6716 0
2516 1
3099 1
3916 1
9121 0
2516 0
7556 0
2516 1
2516 0
8016 1
2516 0
8679 1
5396 1
8599 0
9631 1
5752 0
2516 0
2428 1
7342 0
1347 0
5715 0
6874 1
7741 0
8094 1
8801 1
2516 0
9204 0
3815 0
6702 1
2516 0
2516 1
6074 1
1868 1
2516 0
7998 0
2516 1
8517 0
2879 0
2423 1
2946 1
2516 1
2516 1
8411 0
2714 1
9243 1
2516 1
2516 1
5015 1
7678 1
4654 0
3747 0
2516 1
4760 1
9095 0
6857 1
5487 0
2516 1
4536 0
2516 0
7183 0
2866 0
8973 1
2516 1
8091 1
1481 1
2516 1
6245 0
5529 0
2516 1
3681 1
8840 1
1705 1
4671 0
2516 1
2516 1
3709 0
5646 0
4440 1
2516 1
8394 0
4705 1
8568 1
6013 1
7046 0
8063 1
5450 1
8122 0
4351 0
3176 0
3883 0
6622 0
2516 0
8895 1
2516 0
1962 0
2516 1
1065 1
2516 0
3164 1
3722 0
4604 1
3881 0
6863 0
5765 0
2516 1
9907 0
1536 1
1601 1
7517 1
5930 0
9281 1
3642 0
9125 1
3519 0
2516 1
2516 1
2516 0
5319 0
7557 1
2516 0
4815 0
8675 0
2716 0
7823 0
2616 0
5629 0
7489 0
6609 1
6265 0
3875 0
2516 0
6412 1
1694 0
9062 1
7046 1
5213 0
8327 1
1775 0
1553 0
2516 1
7363 0
5365 1
3424 0
2516 0
1310 1
7357 0
8922 1
7249 0
2516 1
2582 0
6070 1
3433 1
5150 1
7575 1
4749 0
8711 1
2565 0
1050 1
4657 1
5672 0
3349 0
4557 0
6202 0
2050 1
2516 1
5146 1
4153 0
4488 1
1273 0
7771 1
6851 1
2516 1
2516 1
7910 0
2516 0
8037 0
3152 1
5978 0
1370 0
3164 0
8615 1
2516 0
2516 1
7769 1
2516 1
7584 1
6570 0
3701 1
2736 1
2142 1
7251 1
2516 0
2516 1
3194 1
1109 1
9757 0
7341 1
3911 1
2516 0
4945 1
2007 1
6238 0
3614 0
3556 0
2516 1
2516 1
2516 0
1986 1
3255 1
3997 1
9011 0
7925 0
8517 0
2516 0
2516 0
2024 1
4994 1
2516 0
6842 1
4133 0
4335 1
7502 1
1073 0
6840 1
1404 1
2516 1
1048 0
2516 0
5221 1
8415 0
2516 1
9522 0
2516 1
9437 0
2516 1
6652 1
4408 0
9933 1
1053 0
2516 1
8461 0
2079 0
6734 0
2516 0
8746 1
5910 0
8914 1
3323 0
2516 0
4230 0
6207 1
2516 0
8647 0
2770 0
1778 0
6877 1
9139 1
8054 1
7729 1
7337 0
6999 0
2516 0
9020 1
2120 0
2516 0
8978 0
3207 1
2347 1
2516 1
3630 0
4840 1
3985 1
1985 1
2516 0
6885 0
5085 1
1416 1
2516 1
3733 0
2516 1
7750 1
2381 0
5400 1
2516 0
4005 0
6150 1
5670 1
2516 1
9268 1
2516 1
6975 1
2402 1
1312 0
7393 0
5997 0
9002 0
2505 0
7175 1
2066 0
3717 0
2516 0
5641 1
2516 0
4344 0
8089 1
2516 0
9191 0
2516 0
3472 1
2516 1
3890 1
2516 0
1145 0
5786 1
8467 0
1567 1
2516 0
2516 0
2516 1
7120 1
2516 0
8492 1
2516 1
2516 0
3937 1
1668 0
8783 1
1242 0
9790 1
3424 1
2851 1
5871 1
1715 0
9450 0
2145 1
2516 1
7348 0
4171 1
2516 0
5062 1
7487 0
6690 1
8913 0
9628 0
2516 1
4863 0
1207 1
7556 1
8079 1
8641 1
5138 1
2516 0
7854 1
6767 1
3748 1
6531 1
1459 1
6643 0
8190 1
1229 0
9223 0
8898 0
9380 1
2066 0
2516 1
6154 0
9253 0
2124 1
2516 1
4882 0
5112 1
2516 1
8477 1
4701 1
7358 1
3606 0
8760 0
5366 0
3842 0
4503 1
2516 0
8796 1
9483 0
6420 1
2516 0
2516 0
5529 0
3704 1
4117 1
7227 1
7029 1
1714 1
6862 0
2516 0
1591 0
7919 0
8957 0
2516 0
2516 1
6206 0
8295 0
2210 1
2516 0
7429 1
2516 1
2516 0
9543 0
4815 1
1124 1
3726 1
2516 1
5318 1
5400 1
6216 1
2516 1
1647 1
9599 1
6495 0
7662 1
7786 0
7865 1
3950 0
1222 1
2941 1
7928 1
5049 0
2516 0
2516 0
1675 0
5689 1
9827 1
7692 0
7995 0
2516 1
5346 0
7063 0
2516 0
2516 0
4568 0
3890 1
2701 0
2516 1
2516 1
2516 0
3864 1
9060 0
4406 0
7822 1
8052 1
2291 1
1526 1
5305 0
4705 1
8254 0
2516 1
2516 1
8680 0
2516 1
7035 1
4041 1
2516 0
1765 0
3948 1
7832 0
8468 0
5224 0
2516 0
3685 0
7090 1
2516 1
2516 1
1890 0
2199 1
5682 0
8175 0
2516 0
5402 1
7200 1
8590 1
9155 1
8639 0
9631 0
3095 1
2516 0
2516 0
9210 0
6335 0
1737 1
5290 0
2516 0
6407 1
9258 1
8685 0
9002 1
7870 1
8772 0
1498 1
2516 0
2516 0
4802 0
2516 1
2516 1
1055 0
2516 0
2516 1
2516 1
3901 0
7387 1
9135 0
2516 0
3231 0
7812 1
6320 0
9032 0
1074 1
2994 0
9212 0
5020 1
5987 1
2323 0
3068 1
6311 1
2516 0
1078 1
1791 0
2516 0
1514 0
7078 0
2098 0
7085 1
2516 1
5865 1
2516 1
7970 1
3680 0
4774 1
3294 1
3808 1
2516 1
2516 0
2664 1
1377 0
2516 1
9069 1
6914 1
2102 1
2516 1
6521 0
7026 0
2516 1
9543 1
2516 0
5490 1
2520 1
2516 1
5485 0
4177 0
2900 0
2516 0
7428 1
9850 1
2516 1
2516 0
8325 1
5332 0
8876 0
6193 0
9424 1
2110 1
5478 1
2907 1
9109 0
1122 1
5192 0
4751 0
3183 0
2516 0
6972 1
7209 0
2516 0
2274 0
1533 1
2516 1
7145 1
2516 1
8148 0
2989 1
2516 1
6978 1
5045 1
3497 1
3302 1
7245 1
1897 0
5394 1
2516 1
5364 1
2516 1
9800 1
6778 0
2516 1
5258 0
2516 1
2075 0
4740 0
2516 0
2516 0
6156 0
1520 1
5226 0
8341 1
9775 1
8918 1
5214 1
2516 1
4199 0
9019 0
9233 0
8959 1
9657 0
2516 1
7013 0
4140 1
2516 0
3870 0
2516 0
3085 1
2516 1
2516 0
8302 1
7261 0
6918 1
3802 0
2516 0
9124 0
2183 1
2516 1
9414 1
9464 1
8532 0
4186 1
1448 1
4718 0
4872 1
6487 0
2516 1
9491 0
5298 1
7372 1
4093 1
6301 1
4364 0
2268 1
7522 0
2516 1
2516 1
5740 0
2583 0
2516 1
9242 1
8408 1
2516 1
2516 1
2516 1
6733 1
6488 1
7468 1
4935 0
8445 1
6531 0
5106 0
2516 1
4059 1
2516 0
5120 1
1853 0
4693 1
2162 0
3449 1
2516 1
1934 0
2516 1
5961 1
6926 1
1350 1
2822 0
2516 1
2516 1
2516 1
2516 0
1162 0
6575 1
7509 1
7198 0
3599 0
9412 1
1341 0
9751 0
2516 1
3656 1
5891 1
2516 1
7271 0
4780 1
8330 0
2516 0
8545 0
2984 0
1893 1
7181 1
2516 0
2516 0
4391 1
2516 1
4514 0
9433 0
8299 0
8518 0
2832 0
7154 0
7149 1
2516 0
5360 0
8751 1
8308 0
2516 1
2806 1
1105 1
5975 1
2516 1
1114 0
2516 1
3875 0
5941 0
7439 0
8946 0
4966 1
2516 0
2516 1
7970 1
6827 1
6133 1
4133 0
7009 0
2516 0
1766 1
1499 1
4195 0
8623 0
5534 0
8311 0
4736 1
2516 1
9862 0
2516 1
2516 0
6823 0
4150 0
5214 1
2516 1
2516 0
2516 1
3944 0
4539 1
2516 1
2838 1
2516 0
2516 1
1581 0
9848 1
7450 1
2516 0
2516 1
2516 0
2516 1
2516 0
2516 1
1084 1
2516 0
2516 0
2805 1
2516 0
9593 0
1197 0
2001 0
6926 1
3562 0
1869 1
9286 1
5442 0
2631 1
2072 1
4294 0
2516 1
2460 1
4259 1
8206 0
2516 0
6869 1
3507 1
7950 1
6933 0
5357 1
8652 1
8451 1
2516 1
2516 1
2516 1
9134 1
2079 0
8951 0
2516 0
2516 1
3693 1
8050 0
2516 0
6344 0
2516 0
2600 1
6034 0
5467 1
1770 0
2516 0
3816 0
1431 1
2516 0
4924 1
2636 1
2516 0
2163 1
2516 0
1432 0
6877 0
2516 0
9396 0
3088 0
8473 0
6613 1
2516 1
2981 1
6866 0
2516 0
2516 1
2149 0
5975 0
1953 1
7100 1
2516 1
8746 0
2181 0
3604 1
2516 0
5374 0
8602 0
7103 0
2516 0
2516 0
2516 1
7484 1
3811 0
2516 1
7378 1
9982 0
4602 1
6727 0
8287 1
5681 0
1373 0
3761 0
9636 0
2120 0
8530 0
6025 1
7816 1
2516 1
4691 0
9382 1
7530 1
2516 0
3229 0
2516 1
2516 0
8405 1
9515 1
2516 0
2516 0
2516 1
5078 0
8492 0
7586 1
7054 1
2516 1
2516 1
2516 0
6189 1
2516 0
4631 0
6532 0
7737 1
2516 1
5648 1
2516 0
2516 0
9748 0
2516 0
8129 0
4318 0
3079 1
9435 0
9556 0
4773 0
2516 0
5903 0
2516 0
8685 0
1962 0
2516 1
2516 1
4782 1
2516 1
5980 0
5536 0
2516 1
1904 0
2516 0
3368 0
2054 0
9368 0
5811 0
9276 1
5821 0
8153 0
2516 1
5960 0
2516 1
2516 0
7215 1
9940 1
6346 1
7268 0
6318 0
2516 1
6765 1
2516 1
1997 0
2516 0
1985 0
5714 1
2516 1
3735 0
9278 1
7984 0
2516 0
3645 0
2516 0
1595 0
2516 1
2516 0
2516 1
2516 1
6664 1
6183 0
4697 0
4183 0
6339 0
2516 0
2516 0
2516 1
2516 0
3829 0
6889 1
7740 0
8855 0
3705 0
2516 1
6295 1
2634 0
5322 0
2470 1
5943 0
1859 1
2853 1
5693 0
3312 1
6996 1
2516 0
5393 1
2516 1
5454 0
2516 1
3782 0
2516 0
6233 1
2516 0
2516 0
5961 0
9224 0
9320 0
2516 1
4577 1
6383 1
9660 0
6232 0
6312 0
2948 0
4278 1
2516 0
2516 0
7510 0
8306 1
2883 0
5619 1
5279 0
1512 0
4176 0
3476 1
6755 0
2027 0
6938 0
8896 1
9825 0
2516 0
4833 1
8909 0
5076 1
4918 1
1467 1
2516 0
8480 0
2770 1
8018 0
2516 1
7348 1
2516 0
5405 1
3098 1
7671 0
8368 1
3173 1
1653 0
9775 1
7794 1
2516 1
4272 1
5454 0
2516 0
5598 1
3269 1
1638 1
3811 0
1816 0
7943 1
5737 0
5079 0
6968 1
2516 0
3826 1
2516 1
1486 1
8476 0
8639 0
6807 1
4750 0
2516 0
9609 1
8731 1
2516 1
6710 1
4927 0
2516 1
6088 1
5031 0
2516 1
4885 0
6335 1
4640 0
2516 1
6139 0
2516 0
3257 0
9338 1
4573 1
8485 0
7929 1
2814 1
2516 1
2516 1
7519 0
8688 1
5813 0
2516 0
2516 1
2516 1
2516 0
3139 1
2516 1
2516 1
3914 1
8415 1
7557 0
8019 1
1244 0
2516 0
5149 0
9304 0
3603 1
2516 1
2516 0
3082 0
9583 1
8646 1
2516 1
8687 0
9919 0
3925 1
4340 0
9441 1
2516 1
2649 1
2083 1
8018 1
4017 0
1540 0
2516 0
2516 1
3935 0
2516 0
2000 1
9811 0
2516 0
2789 1
2516 1
7482 0
2516 1
2033 0
2516 1
4924 0
7860 0
2516 0
8080 0
2516 0
2516 0
6481 1
5945 0
2516 1
2516 0
9866 1
2434 0
6359 0
1571 1
9103 0
5175 0
3275 0
8756 0
4701 0
1833 1
8464 1
1839 0
7148 1
2516 1
2516 1
9083 0
2516 1
2516 1
9077 1
9611 0
2516 1
4529 0
9345 0
1184 0
4685 1
2078 1
5797 0
4921 1
6342 0
2516 1
2927 1
1155 1
6427 0
6963 1
1549 0
2516 0
9718 1
5515 0
2516 0
7063 1
9380 0
2307 0
8814 1
5242 1
8557 1
2516 1
5464 1
2535 1
2516 0
5348 1
2516 0
9760 0
2516 0
7016 0
1237 1
2516 1
3121 0
8580 1
2232 1
7699 1
2688 0
9460 0
2516 0
6009 1
9377 1
9615 1
6040 0
9124 1
2593 1
2890 0
2516 0
2516 0
3478 1
2516 1
7246 0
2516 1
7892 1
2516 1
9016 1
5492 0
4438 0
6328 0
3688 0
7218 1
2516 0
9510 0
8262 0
3506 1
2516 1
5648 0
1141 1
4579 1
2516 1
1199 0
7111 0
7035 1
6545 1
2160 1
2516 0
2516 0
2516 0
3252 1
5217 1
3838 1
2516 0
2368 0
2516 1
8815 0
2713 1
3873 1
7539 1
2516 1
2069 0
2516 1
8033 0
2516 1
2516 0
2516 1
9952 0
6119 0
7832 1
1705 0
5597 0
8116 1
1240 0
4934 1
8818 0
6602 0
7556 0
1933 0
4944 0
2516 0
2516 1
6733 1
4849 0
5090 0
6376 0
5194 0
2516 0
8755 0
5686 1
1601 1
2516 0
1956 1
7689 0
8890 0
1332 1
2516 0
2178 0
5843 0
1950 0
3989 1
4590 0
4068 1
7771 0
2516 1
9175 0
2516 1
6500 0
2516 1
8201 0
2728 0
4102 1
2217 0
3857 0
9100 0
6737 1
3264 1
2771 0
2691 0
3514 0
2516 1
2516 1
2334 0
9903 0
3760 1
2516 1
4049 0
2299 0
2516 0
7622 0
8573 0
1373 1
8605 0
2516 1
2516 0
3671 1
1858 1
2516 1
2516 0
9863 0
3910 1
5204 0
8776 1
2516 1
9589 1
2516 0
2516 0
9055 1
7265 0
1314 0
1309 1
2021 1
9355 1
3614 0
4598 1
2516 1
7456 1
6038 1
4631 1
1387 0
8355 0
6187 1
6928 0
9226 0
2516 0
6974 1
7513 0
7580 1
2516 0
6756 1
7143 1
2851 1
8038 1
2318 1
2516 0
2368 0
8343 0
2516 0
2074 1
2516 0
3851 0
2516 0
6201 1
2275 1
7920 1
4453 1
5243 1
4305 0
2997 1
4071 0
4622 1
2516 0
1610 0
8480 1
3579 0
6908 0
6581 0
7623 0
7007 1
5952 0
2516 0
5794 1
6723 0
2516 1
9544 1
2516 1
5306 0
8157 1
3603 0
2354 0
3103 0
1628 1
6422 0
9497 1
5303 0
2844 0
9163 0
2975 1
2516 0
2516 1
3323 1
2778 1
2516 0
2516 0
1283 0
3142 1
8432 1
4334 0
7191 1
2516 0
6204 1
2516 1
2516 1
5330 1
5089 1
7622 0
3300 0
9634 0
8811 1
4504 0
8524 0
2516 1
7841 0
3226 0
6677 1
3837 1
1279 0
9864 1
5232 1
3935 1
6181 0
2516 0
9889 1
8421 1
2516 1
4050 1
2516 1
2516 1
6262 0
2094 0
1159 1
8171 0
2516 1
2516 0
2516 1
6954 0
1679 0
2081 1
5320 1
2516 0
7567 1
6953 0
3118 0
5918 0
7527 0
9024 0
2516 1
2516 1
7204 0
2516 1
2516 1
2516 1
2516 1
2516 0
2516 0
9998 0
5916 1
3443 1
2516 0
3861 1
2276 0
1773 0
2941 1
2948 1
2516 0
7064 0
7062 1
9331 0
2774 1
7946 1
9413 1
2516 1
8501 1
1442 0
2516 1
2516 0
8839 1
2516 0
2595 1
9711 1
9974 0
5415 1
5098 1
9931 0
2516 0
4340 0
2516 0
7759 0
6735 0
5682 1
2745 1
2720 1
4487 0
5938 0
5869 0
3939 1
8461 1
9620 1
8183 0
2516 0
4464 0
2859 0
8580 0
8022 1
2516 0
5829 1
8769 0
2516 0
2516 1
4887 1
5217 0
2516 0
8700 1
6203 1
1331 1
2371 1
3368 1
4630 0
4203 0
1450 1
7279 1
2516 1
2002 1
2516 1
2516 1
5729 0
2516 1
5678 1
1365 0
2516 1
8907 1
6709 0
3988 1
2606 1
9729 1
2866 0
2516 1
2516 1
2516 0
1983 1
2516 1
5877 1
8792 0
7653 1
2516 0
7602 1
7331 0
9197 0
4145 1
2516 1
7503 1
2207 0
4436 1
2516 0
6764 1
2760 0
2516 0
5413 1
2516 1
5112 0
2516 1
5585 0
2062 1
2516 1
1000 0
9581 0
6814 1
2652 1
3330 0
1586 1
2516 0
2516 0
2516 0
2352 0
2516 1
2516 1
2516 1
2906 0
9431 0
2516 1
2949 0
6327 1
5189 1
4037 1
6035 1
2516 1
2523 0
2516 0
5711 0
9343 1
3327 0
2516 1
1543 0
2516 0
2066 0
1663 1
1930 1
4985 1
3201 1
5265 1
4608 0
4287 1
5916 0
3873 0
9722 0
3257 0
8179 0
2516 0
4487 0
5570 0
2516 1
9728 0
4016 1
2516 0
2473 1
5023 0
3104 1
2516 1
2516 0
9512 0
5390 0
2516 1
4459 1
2109 0
2608 0
3395 0
9431 1
7485 1
7221 1
3217 1
9516 0
3966 0
2516 0
1489 1
3633 0
2516 1
2135 1
7918 0
2516 1
3862 0
4656 0
2314 0
2516 1
2516 1
1916 1
2516 0
2516 1
9828 1
2516 0
6399 0
8839 0
9053 0
3709 0
2516 0
2912 1
8199 1
9508 1
1597 1
7777 0
6093 0
8680 1
6670 0
3636 0
2516 1
2516 0
3701 1
1900 0
7761 0
2516 0
2161 1
7987 1
7565 1
3334 1
7156 1
4688 0
9948 0
8300 0
2516 0
7949 0
3659 1
2516 0
7380 1
2516 1
2516 1
7031 0
4655 0
2516 1
6480 1
2516 0
3656 1
2516 1
5091 0
4484 1
8216 0
9513 1
2516 0
1369 1
9019 1
6904 0
2516 1
2516 0
4307 0
2559 0
6634 0
3655 0
2109 1
2516 1
7294 0
9980 0
6797 0
6945 1
1711 1
6042 0
5464 1
8370 0
6844 1
4831 1
9666 1
1488 1
3830 0
2516 0
2516 1
9055 0
2449 0
6913 0
2635 0
8479 1
9662 0
2516 0
8895 1
2917 1
9857 0
5792 1
1753 0
1429 0
2516 1
9387 1
7867 0
7529 0
4210 0
7731 1
5082 0
2958 0
9833 1
