5700 2710
2389 1
2218 0
9556 0
2710 0
5057 0
3328 0
9263 1
2710 0
3432 1
9598 0
7649 0
2710 0
2710 1
2710 0
4517 1
5701 1
7675 0
2299 1
7616 0
9683 0
5418 0
2710 1
4556 1
1304 1
9769 0
8424 1
8385 1
1203 1
5446 1
3602 0
4190 0
4376 0
8563 0
2788 1
7326 0
6380 0
2710 0
4397 0
2710 0
2710 0
4049 1
5134 1
2710 1
2710 0
2710 1
2710 0
2710 1
7602 1
1334 1
1470 0
6741 0
5741 1
6142 0
1277 1
5618 1
9934 1
1284 1
3657 1
2715 1
2710 1
4993 0
7821 0
2710 0
2502 0
9131 0
2710 0
3562 0
7484 1
2325 0
8622 0
7743 1
2710 0
2710 1
1828 1
4205 1
2750 1
3839 1
6401 1
2710 1
2710 0
4095 0
4493 0
2710 0
1720 0
4981 0
2710 1
8438 0
2710 1
2710 1
3082 0
6751 1
9753 0
5105 1
2568 1
8666 1
6020 0
8988 0
4778 0
6817 0
1911 1
2745 0
7991 1
7332 0
2710 0
2710 1
2710 1
8955 1
3863 1
5964 0
5362 1
7544 1
9966 0
2710 1
1683 1
7276 1
9140 1
7023 1
9926 0
2710 0
3212 0
2710 1
9760 1
4574 1
3771 0
4454 1
2710 0
4145 1
2710 1
5689 0
7916 0
6561 0
4842 1
1954 0
5528 1
5651 0
9106 1
4540 0
8115 0
8714 0
6591 0
7342 1
4989 1
8371 1
2710 0
2564 0
5066 1
8563 0
2710 0
8579 0
4645 0
1236 0
4930 0
8919 1
2710 1
3948 1
5512 1
6930 0
5494 1
6056 0
1884 0
6669 1
4029 1
2175 1
2301 1
2710 0
4788 1
2710 1
5690 0
7536 1
3592 1
4477 1
2710 0
3211 1
5793 1
7295 0
2710 1
2710 1
2061 1
4096 0
9802 0
4289 1
7842 0
6106 0
8318 1
2710 1
2710 1
3724 1
3144 0
1557 0
2710 0
6887 0
2710 1
4483 1
2710 1
2710 0
1018 0
6826 0
3615 0
2710 0
2710 0
2710 0
1516 0
2710 0
7480 1
8929 0
8221 0
9972 1
2710 0
6654 0
6621 1
3657 1
7642 1
2710 0
2710 0
2710 0
2710 1
8530 0
9540 0
9404 1
2710 0
7544 0
3759 0
2710 1
3678 0
1837 0
7726 0
5018 0
2710 0
2710 0
2166 1
4917 1
1675 0
2710 0
3570 0
8387 1
6157 0
2551 0
4049 0
6934 0
4130 1
2710 1
2710 0
9632 1
7320 1
2710 0
3271 0
6682 1
2710 1
4860 1
7618 1
1277 1
9728 0
5377 0
2361 1
8681 0
5923 1
7905 0
2710 0
1458 0
8789 0
4903 1
7098 1
3838 0
2710 0
6245 1
2278 1
2710 1
7879 1
3655 1
4113 0
2710 1
2710 0
4083 0
2710 0
1447 0
3191 0
2710 1
7706 0
2260 1
1071 0
2710 0
7782 0
9685 0
2710 1
2710 1
7034 0
9417 0
4397 0
5043 1
1825 1
2838 0
6506 0
1640 1
2710 1
9752 0
1517 0
2710 0
3301 0
2710 0
6253 1
8011 0
2710 0
2710 0
1967 1
2607 0
6637 1
4509 1
6537 1
9464 0
7536 0
3790 0
1801 0
6667 1
2710 0
7987 1
7623 0
4220 0
2710 1
1821 0
1285 0
5174 1
7964 1
6117 1
2784 0
4340 0
2710 0
2067 0
2710 1
2710 0
1051 0
2469 1
2710 0
9009 1
3154 0
2345 1
5748 0
7976 0
5342 1
6131 1
2203 0
8097 1
2629 1
1334 0
7004 0
6142 0
2710 1
2710 1
2710 0
4143 1
5748 0
2710 0
1878 0
2001 1
2710 1
3198 1
6554 0
9049 0
3466 0
8498 0
8993 1
4741 1
1312 1
2710 0
3693 1
4162 1
2710 0
3111 0
2710 0
2710 1
5624 0
2710 0
8469 0
9562 1
7226 0
8686 0
8341 0
5779 1
7709 0
1150 0
2725 0
9067 0
2710 1
4576 0
8893 0
2710 0
4598 0
2710 0
4740 1
5103 0
4503 0
5546 1
2710 0
1930 0
1053 0
8738 1
4650 1
8249 0
7541 1
8964 1
5448 1
4731 1
3090 1
6869 1
3559 0
6350 0
2244 1
4290 0
2710 1
7779 1
5864 1
7607 0
9504 0
6381 1
1540 1
8400 0
2710 1
5408 0
2710 1
4964 0
2744 1
2710 0
3759 0
5350 0
6383 0
1637 0
2710 1
4884 1
6130 0
8430 1
2710 0
2397 0
2001 1
2112 1
3814 1
2710 1
5293 1
2710 1
7807 0
6609 0
7011 0
2215 0
2710 0
8194 1
6630 1
9229 0
2710 1
5466 1
2710 0
2710 1
6770 1
5590 1
2840 0
2710 1
2710 0
2710 0
2262 0
7923 1
4731 1
2710 1
1656 1
8627 0
3852 0
6059 1
2710 1
1921 1
1893 0
2710 1
3747 0
2710 1
4443 1
2893 0
1775 1
3780 0
1376 1
3460 1
2710 1
2710 0
8214 0
7401 1
8725 1
2710 0
8491 1
2710 0
2710 0
3321 0
3697 1
3509 0
2710 0
3016 0
7696 1
6124 0
1533 0
1247 0
2710 0
2009 0
4330 0
4379 1
6888 0
7482 1
9702 0
1407 1
4379 0
1779 0
1375 0
4897 1
2710 0
7306 0
4749 1
6451 0
2710 0
7318 1
5077 0
2710 0
2710 0
2710 0
2710 1
2298 1
7186 1
4492 1
2710 0
7223 1
4839 0
8510 1
3587 1
2044 1
2710 0
5901 1
7199 0
4386 0
5230 1
2710 0
2710 1
8130 0
2710 0
2710 1
2710 0
1294 0
9834 0
5735 1
2710 1
2710 0
4650 1
4351 1
2710 1
2710 0
7375 0
2710 1
8064 1
5710 1
2710 0
9430 0
1194 1
9356 0
7110 1
2710 1
2952 0
4446 1
4354 0
8770 0
1832 1
2710 0
9406 0
2710 0
7471 1
5356 1
3944 0
5896 0
2710 0
7431 0
2710 0
4330 1
3439 1
2176 1
5412 0
2883 1
7239 0
1184 0
2710 0
3356 1
9787 1
7837 0
2710 1
2710 0
2710 1
2710 0
5001 0
4236 1
2710 0
1970 0
2394 0
2710 0
6867 1
2157 1
7130 0
2894 0
2482 0
2710 1
3570 0
8522 0
2710 0
2710 0
7060 0
2710 0
3878 1
5253 0
3107 1
6649 0
4904 0
7142 0
7298 1
5426 1
3546 0
1575 0
5470 0
1523 1
7410 0
2710 1
2642 1
4497 0
2710 1
7362 0
2710 1
2710 1
5450 0
9172 0
6773 0
2710 0
3019 1
8210 1
2017 1
7923 1
2710 0
4368 0
1788 1
3590 0
2763 0
5888 0
1866 1
5509 0
2710 0
2710 1
5474 1
5918 1
6639 0
7427 1
2710 0
2757 1
2887 1
2710 0
7039 1
1374 1
8030 1
3504 0
5775 1
2414 1
8841 1
6211 0
5344 0
2710 1
8598 1
7686 0
6445 1
3246 0
5012 0
5152 1
5629 0
2710 0
2710 0
5045 0
6017 0
1968 1
2710 0
3512 1
7049 0
1443 0
9612 0
7547 0
4324 0
6312 1
2710 0
2710 0
5731 0
9088 0
8952 1
6001 1
3797 0
3409 0
9957 0
1633 1
6945 0
6941 1
2710 0
2406 1
4078 0
4553 1
2710 1
8305 1
8066 1
5375 0
6008 1
2710 1
9994 1
2710 0
7687 0
2710 1
7900 0
2710 1
2710 1
2710 1
2267 1
5076 1
4667 1
4619 1
2710 0
2710 0
2710 1
4897 1
6171 0
1999 1
2906 0
6480 1
7876 1
2710 1
2710 0
5727 1
6693 1
7098 0
1995 1
7166 1
2710 0
9557 0
9159 1
2710 0
5157 1
2710 1
6014 0
3636 0
5423 0
9061 1
6440 1
4308 1
1217 0
9376 1
4116 0
2737 0
2710 0
6176 0
1214 1
2710 0
3805 1
6597 1
9905 0
1122 0
2710 0
2778 1
5401 0
2710 1
6781 1
2398 0
8791 0
2596 0
8194 1
5451 1
2926 0
8776 1
6095 1
5152 1
4811 0
9906 0
6749 1
3151 0
3553 0
4287 1
2710 0
7980 0
2710 1
6255 0
7759 1
8922 1
8829 0
2930 1
5081 1
4987 1
8274 1
1616 0
3678 0
2710 0
7161 0
3458 1
2710 0
2710 1
2975 1
9322 1
9953 0
4214 0
5455 0
2710 0
6214 0
7916 1
7378 0
2710 0
4864 1
2710 0
2017 0
3502 1
6785 1
4970 0
2710 0
2710 1
5949 0
8542 1
4594 1
5020 0
2710 0
2710 1
1310 0
2710 0
1057 1
2380 0
3470 0
2710 1
5552 1
2710 1
2710 0
3422 1
2222 1
3197 1
5332 0
6838 1
5257 1
2453 0
5613 1
1166 0
1289 1
1152 1
1971 1
6938 1
3216 1
5975 1
2898 0
2710 1
3158 1
4376 0
1646 1
2921 0
6618 1
8890 1
4359 0
1512 0
2710 1
8683 1
1212 1
2710 1
2710 0
5417 0
2243 0
8222 0
3525 0
2118 1
5575 1
2359 0
2710 0
1110 1
3062 0
3094 0
2710 0
4691 0
2914 1
2791 1
3909 1
5836 0
4547 1
1942 1
2710 1
4986 1
7080 1
3500 0
2710 1
9210 0
2001 1
2262 0
7098 1
7998 0
8940 1
2193 1
3002 0
1436 1
6776 1
2710 1
2710 0
2710 1
2710 0
2710 0
4246 1
2710 0
1385 0
8682 1
8317 0
7680 0
4248 0
2710 0
5160 1
2710 1
3092 1
8841 0
3854 0
2710 1
8235 0
6504 1
5842 0
8852 0
1184 0
5344 1
2742 0
8935 0
6727 1
3116 1
6041 0
2399 1
3194 1
3564 1
2935 0
5697 0
2710 1
8899 1
2197 0
9446 0
5923 1
9636 0
9853 0
2710 0
6920 1
6207 1
2710 0
2710 1
6062 0
2710 0
8501 0
6659 1
8770 0
8812 0
1728 0
7143 0
3985 0
4813 0
2838 0
2410 0
9531 1
4450 0
4293 0
1123 0
6807 1
5754 0
5581 1
5088 1
7418 1
5811 0
1441 1
2710 0
2710 0
8157 1
2710 0
7357 1
2710 0
2199 0
6610 1
3187 1
7955 1
5133 0
8194 0
3058 0
1215 1
3200 1
2710 1
6959 1
2710 1
9823 0
2710 0
2710 0
4841 0
9965 0
7421 1
4774 0
4117 1
2654 1
7316 0
2710 0
1073 1
6361 0
1692 1
6172 0
3298 1
8632 0
2710 0
5010 1
2710 0
3499 0
5203 1
2628 0
2710 1
7974 1
4002 1
2710 1
2710 1
9488 1
6200 1
2710 1
5032 1
2717 0
9930 1
2142 1
9421 0
2710 1
4430 1
5286 0
2126 1
2710 0
7800 1
9185 0
2710 0
8842 0
4339 0
4178 1
9051 0
3481 1
5119 1
6245 1
9923 1
7720 1
6654 0
4451 0
9153 1
2197 0
5908 1
2642 0
3040 1
9569 0
3883 1
2349 1
9000 1
2257 1
2710 0
4826 1
6966 0
2710 1
5446 1
4838 0
4408 0
4643 1
2710 0
4446 0
2041 1
2710 1
1743 1
2710 0
4097 0
7183 0
9136 1
6271 1
6784 0
3064 0
2710 1
9744 0
2140 1
2883 1
7874 0
6668 1
9909 0
5340 0
4179 1
4013 0
2487 0
6009 0
3132 1
4554 0
2710 0
2710 1
2710 1
2710 0
9492 1
1076 1
7252 1
9098 0
6836 0
6967 0
5590 0
2710 0
2710 0
7355 0
2439 1
2710 0
2710 0
2710 1
2964 0
8414 1
5251 1
2710 0
2710 0
2710 0
3960 0
8493 0
5427 1
1023 1
5973 0
5456 0
8837 1
8603 0
7115 0
9153 0
6623 0
1266 0
5105 1
1631 1
2641 0
5862 1
2327 0
2258 0
8812 1
2398 1
9244 0
6586 0
7133 1
3323 0
2710 0
8130 0
9929 0
4214 1
9806 0
6161 1
8022 0
3859 1
8961 1
2710 1
5887 1
2032 1
2710 0
2710 0
4665 0
6648 0
7443 1
6988 0
2710 1
5917 1
9080 1
7422 1
3904 1
2221 1
9467 1
2710 1
2710 0
1335 0
2710 1
2710 0
1326 1
5183 0
8956 1
2265 0
2958 0
2289 1
3634 1
9862 1
1197 1
3226 0
8251 0
2710 0
2382 1
9048 0
2624 0
4655 1
3784 1
6325 0
6278 0
7440 1
9446 0
9130 0
3997 1
2710 0
1287 1
7299 1
9587 0
4968 1
6019 1
6987 1
5902 1
2710 0
3426 1
6423 0
6947 1
2561 0
7926 1
2710 0
7168 1
9539 1
3879 0
8781 1
9320 1
1411 1
4437 0
5798 1
4470 0
2710 1
9636 1
2698 0
3379 1
7415 0
4824 1
7171 0
7217 0
8585 1
6266 0
6561 0
9055 1
2710 0
5336 1
2710 1
8403 1
3227 0
2710 0
2710 0
7946 1
2710 1
2523 1
8084 0
4491 1
9562 0
2187 0
3245 1
2519 0
8327 0
9434 0
2923 0
2710 0
5936 0
3846 1
1315 0
9041 1
8755 1
4224 0
1920 1
2718 0
2710 0
3023 1
3025 0
8109 0
5092 1
2642 0
5095 0
5386 1
4070 0
8343 0
3841 0
3862 1
2710 0
1769 1
4747 1
4494 1
6924 1
1576 1
6047 0
6505 0
1277 1
2501 1
3101 1
3078 0
1164 1
2710 1
5555 1
9274 0
2560 1
6636 1
2710 0
5706 0
2710 1
5609 0
2710 1
5267 0
6092 0
1412 1
9007 0
5531 0
7102 0
5178 0
9884 0
4444 1
1104 0
2710 1
4158 0
1236 0
2869 0
3777 1
9949 0
2710 1
3694 0
3579 0
7023 0
7127 0
3322 1
7420 0
7469 0
5393 1
2710 0
7849 1
1607 0
7947 0
2710 1
9991 1
4471 1
2710 1
2509 0
7410 1
2533 0
2710 1
8811 0
9154 1
9543 0
2710 0
2710 0
7607 0
5339 0
2710 1
4334 0
2710 1
7713 1
7146 1
2710 1
4822 0
2710 0
4544 0
8567 1
7927 0
7835 0
9253 0
2786 1
9499 0
2710 0
6393 1
2710 1
7617 1
2710 1
9735 0
9066 1
3735 1
9722 0
4716 0
8583 0
6659 0
3052 1
6972 0
2609 1
2710 1
2710 1
9942 0
3678 1
2710 0
2710 1
2710 0
9403 0
3415 0
2710 1
4166 1
2710 1
6593 0
7469 1
2710 0
8751 0
6387 0
4434 1
8831 0
9722 1
4510 1
7677 0
7838 1
3508 1
2710 1
1616 1
5410 0
6309 1
1676 0
9150 0
2710 0
6131 1
1160 1
7998 1
7859 0
7626 0
3897 0
2519 0
4084 1
4123 0
2659 0
6154 1
1635 1
6258 0
1264 1
5827 1
8358 1
6299 0
9550 1
8180 0
5961 1
6430 0
7000 1
5468 0
2710 0
2710 1
6611 1
4969 0
7621 0
4523 1
2703 1
7665 1
1447 1
2710 0
8882 0
4027 0
3620 0
8993 0
2710 1
5741 0
9264 1
2710 1
9410 0
2710 1
2710 1
1232 1
6852 0
2710 0
2745 0
1738 1
5782 1
2710 0
3168 1
1488 0
2710 0
3295 0
3158 0
8255 0
4732 1
3829 1
4567 0
6701 0
6421 1
2607 1
1541 1
4276 0
9135 0
8650 0
2710 1
2710 1
7301 0
8220 1
2710 0
3137 1
2710 1
1588 1
2710 1
2710 0
1939 1
6206 0
4166 1
3137 1
2244 0
2710 1
2086 0
6133 0
5436 0
2710 0
8900 0
2710 1
9938 0
7053 0
2343 0
3935 0
2710 1
1282 1
1629 0
3676 0
2710 1
4302 1
9514 1
6804 1
1209 1
2553 1
2710 0
8748 1
2710 0
2710 1
2710 0
9688 1
8753 1
4071 0
5580 0
9487 1
7310 0
2710 0
4944 1
4235 0
2063 1
7265 0
8926 1
3382 0
5440 1
2516 1
5691 0
2710 1
5848 0
3563 1
3227 0
2710 1
6301 1
2710 0
1447 0
4730 0
3592 0
4590 1
2710 0
6214 0
3600 1
1573 1
9609 0
2710 0
9072 0
2710 0
2710 0
1854 1
2772 1
2710 0
1738 1
9540 0
1906 0
5499 0
5799 1
9322 1
2710 1
3464 1
4319 0
3443 1
8177 0
8106 1
4034 0
6732 0
1025 1
5802 0
2710 1
2710 1
6429 0
2710 0
1918 1
7925 1
9374 1
2710 1
7434 1
1958 1
6741 1
8693 1
5306 0
8087 0
7835 0
4730 1
8803 0
2710 1
3835 1
2710 0
8430 0
5171 1
2710 0
1537 0
2710 1
7406 0
2710 0
8879 1
5034 1
3369 1
2710 0
6375 0
4771 1
2366 1
4380 1
3932 0
1338 0
7000 1
6489 0
2710 0
3322 1
3944 0
2118 1
2710 1
7878 1
8610 0
8894 0
6584 1
2710 0
3514 1
3466 1
2710 0
5558 1
2710 1
6165 1
4960 1
2710 1
7136 0
8310 1
5925 1
9856 1
2371 1
2619 0
7178 1
4477 0
7289 1
5330 1
2710 0
6260 1
2710 1
8409 0
5617 1
4340 0
2710 0
2710 0
6747 1
6250 0
2710 1
2710 1
2088 1
4700 0
2457 1
2710 1
2710 1
2710 1
5055 1
5855 1
2710 1
4363 1
8324 0
4967 1
8944 0
4152 0
2710 0
7587 0
2710 0
4590 1
2710 0
8844 0
4019 1
9284 1
7613 0
2710 1
1216 0
9731 0
5177 1
4877 1
8467 0
3963 1
2503 0
4407 1
1986 0
3533 0
4023 1
2710 0
7502 1
4520 0
5945 0
2710 0
4760 1
3615 1
7022 0
2710 1
1303 0
8226 1
2710 0
2710 0
2727 1
7418 0
3326 1
2710 1
9549 1
9479 0
6831 0
1878 0
2710 1
2710 1
7698 1
7851 1
8876 1
5847 1
2710 1
7831 1
9861 0
2710 0
8834 0
5656 0
2710 0
6343 1
2124 0
2710 1
5371 0
1821 0
9228 1
3846 0
3514 1
8700 1
1709 0
2710 1
7675 0
6152 1
7235 0
5783 0
9099 1
1246 0
2710 0
7122 1
2710 1
1648 0
2980 1
7007 0
2710 1
1822 0
5184 1
9366 0
2710 1
4472 1
9887 0
7547 1
8195 1
2710 1
2710 1
5498 0
1259 0
5390 0
6277 1
3662 0
4486 1
4373 1
8273 0
2710 0
9209 0
6544 1
2710 0
9420 1
4810 1
7440 0
2710 0
2710 1
2710 0
2710 0
9541 1
4913 1
1474 1
7019 0
9083 0
8490 0
2710 0
7580 0
5034 1
3327 1
4993 0
4932 0
5043 0
5503 1
9845 1
2710 1
4731 0
6803 1
8053 1
3152 0
2710 1
4953 0
8885 0
3928 0
2710 1
2710 1
9483 0
1657 1
2971 0
8217 1
8498 0
8458 1
3411 1
8648 0
8929 0
2710 0
2710 1
9892 1
2710 1
2710 0
2710 0
2710 1
6449 0
2710 0
4277 0
9225 1
7639 1
1759 1
2710 0
6497 0
7289 1
5292 1
4304 0
7106 0
2332 1
1829 1
2078 1
2931 1
5968 1
3575 0
5025 0
2675 0
2710 0
2710 0
3970 1
2710 1
7767 0
4554 0
7981 0
3167 0
2710 1
5359 1
8923 0
5131 0
2710 1
2710 0
5473 0
8263 1
3420 0
9811 1
4470 0
2710 1
3533 0
3652 1
2710 0
2710 0
3019 0
4337 0
4662 1
7471 0
2710 1
3919 0
7513 0
2710 0
8842 0
5735 0
2710 1
2710 0
3851 1
2710 1
2710 1
6386 0
2583 1
5502 0
9368 0
6348 0
7731 0
9529 0
1910 1
2710 1
3068 0
3551 0
2710 0
7563 1
3066 1
8786 0
5134 0
9217 1
2710 1
6321 1
2569 0
2710 0
2390 1
2710 1
7225 0
4876 0
2710 1
4000 0
9177 1
6472 0
8073 1
2264 1
2710 0
8918 1
2710 1
7588 0
2710 1
2710 1
5914 1
2710 0
2710 1
1771 1
2710 0
9523 1
3828 1
8123 0
6960 1
2710 0
4440 1
5605 0
2710 1
9476 1
2906 0
2710 0
1127 0
2710 1
1183 0
3597 0
4094 0
2548 1
3890 0
1146 1
9622 1
8881 1
5927 0
8849 0
2952 0
6826 1
2364 0
2710 0
2710 1
1878 1
8376 1
2710 0
2710 0
8023 0
7196 1
2710 0
7312 0
1490 0
2710 0
7132 0
9623 1
2710 0
7832 1
3182 1
2710 0
1168 1
3409 1
9481 0
2710 1
2710 0
1647 0
7655 0
8503 0
1725 0
2710 1
2710 0
2710 0
9112 1
2522 1
8355 1
2402 1
9278 0
4285 0
7916 1
9453 0
8233 1
6781 1
2710 0
2452 0
2710 1
2710 1
2710 1
1263 1
7378 0
2148 0
1773 1
2123 1
2968 1
2758 1
8012 1
2710 0
7384 1
6585 0
4466 0
2710 1
4152 1
2277 0
2710 0
9763 0
3300 0
2710 0
4881 0
1744 0
6106 1
1732 0
3736 1
4240 0
2869 0
2621 0
2710 0
2710 1
2710 0
7719 0
3405 0
9011 0
5125 1
2710 1
5077 0
9851 1
6460 0
4162 0
6122 1
1631 0
3669 1
2710 1
2710 1
5827 0
2710 1
5190 1
9196 0
2710 1
2710 0
2710 0
2710 1
9122 1
2710 0
3061 0
9568 0
2710 1
6504 0
9151 0
2710 0
1600 0
6373 0
2659 1
1420 1
2710 0
5190 1
4755 1
5228 1
8084 1
2710 0
6280 0
6881 1
9606 1
2710 1
2082 0
8602 0
3792 0
2710 0
4078 0
9948 0
2292 0
4925 1
8158 0
5116 1
3733 0
2710 1
4247 0
4391 0
8291 1
7419 0
4632 1
5432 0
7085 1
2235 1
7463 0
8525 0
1948 1
2710 1
7134 0
7461 1
9471 1
9421 1
1849 0
2710 0
7279 0
2710 0
4038 1
6092 0
3472 1
9606 1
4420 0
3891 1
9664 0
1513 0
8934 1
1988 1
2710 0
2710 1
2710 0
8154 1
8811 1
8239 1
2710 0
7285 0
7430 0
3460 0
9458 1
3915 1
1411 1
4000 0
2710 1
5075 0
3314 0
3523 1
2710 1
9854 1
3314 1
9124 0
3040 0
3451 1
2710 1
5664 0
2710 1
9759 0
5897 1
2710 1
2710 0
7837 0
2470 0
7128 0
1092 0
3501 0
2823 0
6307 0
6066 0
2710 0
6780 1
1518 1
2710 0
1910 1
5390 1
2710 1
1142 0
2710 1
1784 1
8840 0
3654 0
9397 0
4648 1
2710 0
6307 0
2710 0
4939 0
2710 1
6560 1
1072 1
9891 0
2710 0
2280 0
2710 1
9364 0
9805 1
2710 1
2710 0
2710 1
9120 0
3033 1
9457 1
9348 1
2476 1
7806 1
6623 0
6444 1
2572 0
3685 1
2114 1
2710 1
2929 1
7086 0
7555 1
2710 1
7374 0
1350 0
6794 1
5719 0
5756 1
6870 0
1223 1
3382 0
9850 0
2710 1
2710 1
1386 0
1736 0
4883 0
2710 0
2710 1
5469 0
2710 1
8803 0
2710 0
5957 0
9441 0
9917 0
6239 1
2710 1
2847 1
8801 1
4159 0
9091 0
7894 0
3784 1
8525 0
9813 1
2710 1
8691 0
6967 1
9962 1
6838 0
5534 1
6486 0
8359 1
2710 0
6109 1
5922 0
3425 1
8805 0
2710 0
1098 1
4288 1
8823 1
2710 1
4316 0
8252 1
1713 0
3987 0
6412 0
2569 0
3429 1
2710 1
2710 1
7628 0
7144 1
7812 0
2710 0
7426 1
7062 0
2175 0
3105 1
7875 1
3743 0
2900 0
4584 0
1578 1
2296 1
7947 1
2710 0
2581 1
2461 1
3911 1
7790 0
3854 1
9660 1
1676 1
3331 1
4802 0
2710 0
4102 1
2710 1
6865 0
9776 1
2710 0
3582 0
1100 1
4851 1
3884 1
4213 1
8841 1
2710 1
8284 1
5149 1
2278 1
6196 0
2710 1
2821 0
4024 1
6909 0
7474 0
3668 1
2963 0
8644 1
6776 0
9817 0
3951 1
8697 0
8884 0
2710 1
4857 0
6981 0
9160 0
7407 0
2274 1
3612 1
4089 1
6286 0
1304 1
2710 0
7095 0
9979 0
4649 0
2710 1
9247 1
1521 0
1486 1
1927 0
7213 0
2710 1
4336 1
1431 1
7762 1
2411 1
4396 1
2710 1
2710 1
2710 0
7575 0
1276 1
8264 0
2710 0
2710 0
2580 1
9342 1
8106 0
2710 0
4880 0
1042 0
6689 1
2710 0
2156 1
8968 0
2710 0
2710 1
2710 1
4687 0
9145 1
7999 0
2710 1
5974 1
2710 1
3897 1
2405 1
2710 1
6616 1
2061 0
2710 1
1365 0
5752 1
8812 1
9783 1
6235 1
6484 0
7889 1
5614 0
6104 1
2710 0
5805 1
9769 1
8433 0
9380 1
6302 0
4887 1
5751 1
2710 1
2710 0
4799 0
9043 0
2201 1
2710 0
2710 1
6039 0
2710 0
8790 0
3677 0
5780 1
6431 1
2710 1
2710 0
2710 0
6705 1
8733 1
7876 1
9298 1
3783 1
9270 0
6892 0
2710 1
1686 1
2758 0
9226 1
2710 1
6821 1
2710 1
1822 1
5253 1
6752 1
2710 1
7542 1
7512 1
2710 1
2710 0
1646 1
5894 1
4485 1
2710 1
2710 0
2710 1
8698 1
2710 0
2710 0
2710 1
1461 1
4316 1
5907 1
5585 1
8437 0
2710 1
9980 1
3969 0
1062 1
5366 1
4941 0
6826 1
1131 1
2435 1
2710 0
8069 1
1406 0
5344 0
2710 0
6854 1
2220 0
6162 0
2710 0
2003 0
6050 1
5682 1
3751 0
1509 1
3205 1
7218 0
2710 1
3692 0
6206 0
5547 0
2371 0
2710 0
5134 1
2710 1
2710 0
6923 1
2710 0
2710 0
8188 1
2710 1
7994 1
4041 0
2710 1
4860 1
8975 1
9951 0
4281 0
2710 0
2710 0
8894 0
6800 0
9241 1
6671 0
2710 0
1822 0
2710 1
7869 0
1487 1
2710 1
3649 0
9506 0
4551 0
2710 0
2710 1
2710 1
1364 1
2710 0
2710 0
2710 1
1890 0
2710 0
1576 1
2710 0
8850 0
9753 1
1287 1
4891 0
2710 0
2710 1
6248 1
9151 1
8634 1
5329 1
2710 1
1357 1
2420 0
4400 0
2710 1
9980 1
8952 0
5200 0
2710 0
4849 0
1128 1
8873 0
6582 1
5355 1
8755 1
9216 1
5913 0
5376 0
2710 0
7884 1
7222 1
8241 1
2710 1
1610 0
2710 1
4111 0
3453 0
6480 0
2710 0
6093 0
7270 0
3296 0
8451 1
9831 0
7794 0
1111 1
8536 0
2710 0
2710 0
2853 0
2710 0
2710 0
2710 0
4864 0
9668 1
2710 1
5695 1
3438 1
6941 1
7601 1
2710 1
2710 1
7564 1
3127 1
6770 1
5272 1
8680 1
2710 1
2710 0
3181 1
2826 0
2710 0
6153 0
2847 0
3486 1
7945 0
4322 0
2710 1
3655 0
8432 0
2710 1
5079 0
6491 0
2710 1
2710 1
2710 0
1682 0
8627 0
2710 0
2710 1
2139 0
8242 0
5862 0
2710 0
5630 1
8822 0
7889 1
9955 1
5711 1
2710 1
4321 0
5460 1
2710 0
9457 1
6594 1
2224 0
7398 1
2639 0
2710 1
4586 0
2710 1
2595 0
7558 0
1998 1
2710 1
2710 0
3811 1
8807 1
6586 0
6992 0
8060 1
2710 0
2710 1
2710 0
4922 0
5920 1
1079 1
1833 0
2710 0
5609 0
2710 0
5281 0
3341 1
1757 1
2710 1
3928 1
2710 0
1675 1
9703 0
2710 1
6390 1
3280 0
4889 1
6460 0
2710 1
9852 0
3003 0
2710 1
6448 1
2710 1
8080 1
8229 1
1340 0
9882 1
2710 1
2710 0
2710 1
5856 1
5211 1
6815 0
9094 0
2076 0
6655 0
5478 0
2710 1
6044 1
3192 1
8343 1
4143 1
2518 0
2710 0
8002 0
6430 1
2710 0
4591 0
2595 0
7639 1
7183 1
5527 0
6022 1
7540 0
9861 1
3483 1
2710 0
8558 1
3475 0
6929 0
8144 1
8203 1
2710 1
2710 0
3939 0
5979 1
2710 1
7143 1
9179 0
3157 1
7731 0
4649 0
7750 0
2710 0
5652 0
8592 0
4571 0
2710 0
9567 1
2710 0
8181 0
2710 1
4640 0
2710 1
2090 1
4820 0
2710 0
5900 1
6823 1
3767 0
8556 0
2710 0
2710 0
2753 0
6195 0
2710 1
2029 0
9905 0
2710 0
8743 1
2304 1
2710 0
8721 0
2710 1
2710 0
2129 0
2710 1
4204 0
2710 1
3983 1
8251 1
4346 0
5650 0
3136 1
3801 1
3177 0
1659 0
5336 1
2710 0
8637 0
7480 1
2710 0
1271 0
2710 1
6429 0
4604 1
5953 0
6412 1
2908 1
2608 1
1245 0
5078 1
8394 0
4260 0
1779 0
5525 0
2710 0
9168 0
2710 0
9408 1
2016 1
8613 1
2710 1
5987 1
8872 0
7679 1
8248 0
7028 0
3549 0
7469 0
2476 0
8647 0
2710 0
7472 1
3261 0
4959 1
2140 1
3846 0
5087 1
2710 1
2710 1
4851 1
1018 1
2710 1
4599 1
2710 1
2710 0
2710 0
2710 0
2710 1
2710 1
9067 0
7291 1
2984 1
3858 1
6027 0
2710 0
6219 1
4456 1
6652 1
9988 0
7171 0
5793 1
2710 1
5741 0
8599 0
4626 0
3226 1
8535 0
9543 1
1082 0
8121 0
9373 1
2710 0
8867 0
5354 0
5390 1
5772 0
4803 1
6226 0
2710 1
7139 0
5260 0
1985 1
1837 0
6391 1
2710 1
2710 0
2760 0
7034 1
4547 1
4252 1
7743 1
9355 1
1340 0
2177 0
2710 0
3236 0
8230 0
6348 1
2710 1
1967 1
2571 0
9314 1
8669 0
2710 1
9426 0
2710 0
1570 0
2844 0
5878 0
3298 0
4265 1
2710 1
1723 1
2710 0
7328 1
8178 1
1890 0
2710 0
2710 1
2710 1
2710 0
2589 0
3240 0
1860 1
8936 0
3648 1
1405 0
7589 1
9535 1
9479 0
9356 0
1810 0
4165 0
2710 0
5195 1
8337 1
9005 0
8855 0
2710 0
4155 1
2710 0
2091 1
9013 1
3119 0
5675 0
7222 0
2710 1
9789 0
9468 1
4088 1
4595 0
4582 1
1277 1
7782 0
5804 0
2710 1
5062 1
6974 0
7890 1
7662 1
2710 1
6991 0
2710 1
3178 0
3224 0
5390 1
3230 0
4645 1
2710 1
7615 1
9571 1
2967 1
6310 1
4236 0
2710 0
8761 1
1503 0
3733 0
4730 1
9053 0
4915 0
4790 0
2710 1
2710 1
5910 1
8799 1
4912 0
2710 1
2710 1
2710 0
6583 1
5636 1
9551 0
1694 0
2979 0
2710 0
3879 1
5077 1
4753 1
2710 0
9613 0
2710 0
7797 0
5865 0
9066 0
8775 1
3952 1
4183 0
8260 1
3014 0
6768 1
9358 1
6560 1
4046 0
9661 0
5801 1
3016 1
6218 1
5206 1
3891 1
2710 0
9689 1
5171 1
4802 0
2710 0
7254 0
2710 1
7555 1
8885 0
2710 1
2710 1
3091 1
6131 0
3638 0
9808 1
2710 0
1242 0
7806 0
2412 1
6011 0
2710 1
2710 0
2710 1
4073 1
2718 1
1996 1
4821 0
7887 0
5558 1
5285 1
1139 0
3635 1
5331 1
9118 1
6388 1
6297 1
3366 1
4260 0
9633 0
8859 1
2710 1
2710 0
4059 1
8390 0
2710 0
1463 1
2710 1
1030 1
6233 0
9323 0
7971 1
8257 1
8681 1
9093 0
4835 1
8696 0
8945 1
2710 1
2501 0
9936 1
4300 0
2710 0
3801 1
8835 1
7928 1
2763 0
7811 1
2710 0
4589 0
6090 0
3378 0
4031 0
6897 0
2710 0
7371 1
2710 1
3278 0
5287 0
2710 0
7578 1
2945 1
8210 0
2048 1
6783 0
5319 0
2710 0
6036 1
8314 1
2710 1
9073 1
2710 1
5658 1
1061 1
2710 0
2710 1
5695 1
2710 0
5380 0
1416 1
6082 0
3388 0
2710 1
9447 0
2710 0
1282 0
1144 0
4646 1
3546 1
5279 1
5695 0
8130 0
2710 0
2710 0
3702 0
1275 0
7909 0
8053 0
9051 1
2710 0
2710 0
4105 1
2710 1
2710 0
4845 0
8877 0
9709 1
2710 0
6825 0
2710 0
2139 0
8695 0
7691 1
2710 0
6496 1
2710 0
2710 0
2710 1
2710 1
4780 1
4453 0
4305 1
5444 1
4140 1
2710 1
2710 0
4501 0
6645 0
3714 1
8318 0
9450 0
3903 0
7209 1
2710 1
2710 1
1291 1
3407 0
4261 0
2710 0
8397 0
2710 1
8260 1
2014 1
7383 1
1244 0
1881 1
2172 1
1932 1
5193 1
2451 0
2424 0
9715 1
4808 1
5453 0
9659 1
3871 0
9228 0
3266 0
7603 1
3196 1
8834 1
1127 0
8458 0
2710 0
2710 0
2479 1
2702 1
8282 0
2710 0
2710 1
6012 1
3727 0
2866 0
5424 0
5438 0
7258 1
6090 0
7792 0
6075 0
3975 0
5831 0
9882 1
3768 1
6781 1
5604 0
9751 0
3537 0
6809 1
7882 0
2092 1
9754 0
2812 1
4983 1
6757 0
2310 0
2710 0
7725 0
2710 1
3509 0
7744 0
8836 0
8590 0
1403 1
2710 0
2710 1
2948 0
9008 0
2710 1
6640 0
3760 1
7266 1
6482 1
2710 1
2710 0
8011 0
9749 0
5596 1
2710 0
4022 0
7310 1
3913 1
7862 1
2710 0
8665 0
2710 1
2218 0
1097 1
6571 0
2710 1
2710 0
6219 1
9286 0
2710 1
6195 0
3219 0
2710 0
4005 1
1994 0
8731 1
5769 0
2710 0
2710 1
5195 1
9387 1
2710 1
2710 0
2710 0
2710 0
2710 1
5627 0
9557 0
7306 1
2710 0
7666 0
2710 1
8085 0
5107 0
2710 1
8496 1
3044 1
2710 1
7516 1
1650 0
6913 0
3040 1
8789 0
6874 1
1981 1
5657 0
2120 0
3368 0
6594 1
9378 1
9468 1
2710 0
5971 1
2710 1
2710 1
1709 0
4506 1
3151 0
2710 0
9003 0
2710 0
7918 1
7386 0
2853 0
2710 0
9814 0
3864 1
1990 1
9329 0
4057 0
3060 1
2710 0
1454 0
5193 0
2710 0
7328 0
4494 1
4711 0
2710 1
2710 0
8332 1
2710 1
4852 0
2411 1
1613 1
2710 1
7722 0
2710 1
8706 0
9769 0
2710 1
2710 0
2921 1
1070 0
3218 1
7739 1
7382 1
5266 0
6830 1
2710 0
8860 0
3996 1
2710 0
6013 1
2710 1
2710 0
6007 1
2710 0
7126 0
2710 0
2710 0
6377 0
6296 0
5799 0
2539 0
2710 0
5564 1
7042 0
9781 0
2710 0
7526 1
4982 1
1359 1
4007 0
8806 0
2710 0
2656 0
7221 0
4263 0
4045 1
3143 0
2710 0
2842 1
9553 1
2710 0
6014 1
2086 1
3743 1
7316 1
1579 0
1976 1
4120 1
2710 0
3438 0
9344 1
2904 0
1623 1
9688 0
5060 1
5725 0
2029 1
3116 0
7849 0
5892 1
3130 1
2912 1
2710 1
9599 1
4977 1
6069 0
2839 0
2710 0
7785 0
2986 1
7878 0
1008 1
9273 0
4334 1
2710 1
2034 1
7103 1
6294 1
3600 1
5460 0
8767 0
2710 1
7212 0
3837 1
7172 0
2710 1
8338 0
2793 1
8087 0
8039 0
2710 1
2710 0
3831 0
8052 0
5547 0
5794 0
2710 0
8672 0
5778 1
5713 0
5203 1
4679 1
3481 0
8487 0
8058 1
1466 1
1046 0
9485 0
3043 0
2710 1
6552 1
2710 0
6212 1
8693 1
4533 1
2591 1
2710 1
7271 1
2710 1
2710 0
2710 0
9620 1
2710 0
2710 0
2710 1
2710 1
2710 0
2710 1
6706 0
9287 0
1869 0
4266 1
6148 1
3295 1
9419 0
5427 0
2710 0
7901 0
9782 1
2710 1
2819 1
1041 1
2710 1
8222 1
5161 0
2710 0
9158 0
6372 0
1542 1
7369 0
2710 1
3255 1
4269 0
1241 1
8463 0
9976 1
4129 0
6513 1
2710 1
3486 1
7207 1
4461 0
2710 0
2710 1
2710 0
9829 1
7465 1
1556 0
6873 0
2710 0
2710 0
9622 1
6830 0
2710 1
5224 1
3498 1
8364 0
2694 1
3353 0
9788 1
7441 1
8931 0
2710 0
1410 0
8053 0
5582 0
5815 1
5877 0
2710 1
9721 1
6862 0
4303 1
9586 0
2710 0
7810 0
2710 0
2710 1
1316 1
3506 1
3202 1
2710 1
9793 1
7351 0
9765 0
2710 1
2710 0
2710 0
2710 0
2980 1
9648 0
3154 1
2708 1
9672 0
2710 1
3464 1
9581 1
6840 1
8904 0
1600 0
9387 1
1520 0
9671 1
6858 0
8154 0
1421 0
7962 1
2710 1
6092 0
9462 1
8294 0
6740 0
1060 0
2451 0
9161 1
2984 0
5622 1
5194 0
1605 0
3273 0
5540 0
1899 0
1426 1
6977 0
6738 0
2005 0
6694 0
9346 0
6065 0
4830 1
9897 1
3149 1
2710 0
8743 0
9681 0
2710 1
4774 1
1468 0
7166 0
3231 0
4414 1
2710 1
2074 0
2710 0
9757 1
9436 0
3204 0
2710 0
1806 1
8424 1
9734 1
2710 0
1942 0
6779 0
1187 0
2710 0
7375 0
2710 0
6496 0
1601 0
5279 0
2710 1
3285 1
7248 1
2874 0
1313 1
3681 0
2710 0
9980 0
3828 0
1781 1
6060 1
3841 0
8103 1
1658 1
9993 1
9514 1
2710 0
8536 1
8683 0
9075 1
7872 1
3498 0
2038 1
6810 1
2710 1
6237 0
3104 1
5788 1
8375 0
2710 0
2710 0
9877 0
7166 0
4649 1
2883 1
8128 0
1717 0
1173 1
2710 0
2710 1
7309 0
9661 0
6890 0
1408 1
2710 0
3126 1
5418 1
9656 1
1583 0
4031 0
6536 0
2710 0
5277 0
2167 1
2710 1
2710 0
5214 1
5579 1
2710 0
5543 1
2710 0
9343 0
2710 1
6016 0
1293 0
2710 0
1160 0
2337 1
8288 0
4361 1
9090 0
5402 0
4745 1
6976 1
2710 0
9997 1
2710 0
5584 0
2710 1
7063 1
2710 0
1449 0
2710 1
6766 0
7863 1
2710 0
1364 0
1362 1
6524 0
6778 0
2710 1
8785 1
2060 0
2710 0
2710 0
8082 1
6215 1
7365 0
7659 0
2710 1
8258 0
2710 0
2710 1
2337 1
9749 1
9526 1
6069 1
9475 0
2426 0
2559 1
2710 1
4046 0
5974 0
9363 0
5254 0
2710 0
8498 1
4567 1
1394 1
2820 1
1731 1
8159 0
1197 1
7339 0
7792 0
4418 0
5333 0
7044 1
5678 0
9133 0
9267 0
2710 0
5908 0
2710 1
8871 1
4015 1
4785 0
9119 0
6163 0
2710 1
2710 0
9536 1
6360 1
7695 1
6579 0
2710 1
2726 0
6860 0
4222 1
6860 0
2565 0
5079 1
2762 1
8657 1
7812 0
3904 0
2710 1
2710 0
7505 0
2710 1
8309 1
2710 0
2710 0
1583 1
2710 1
2710 0
2347 0
9893 1
2459 1
5752 1
3257 0
1336 1
2710 1
6794 0
5181 1
8041 1
2736 1
2312 0
3349 0
8706 0
7849 1
2710 1
2710 0
1756 1
4902 1
6435 1
2710 0
2710 1
2710 1
7524 1
2710 1
2431 1
2710 0
1097 0
2710 1
5715 1
6378 1
2160 0
2710 0
6032 1
1612 0
9181 1
1867 0
2710 1
1217 0
4438 1
2710 1
8566 1
1147 1
2072 0
4456 1
5068 0
2710 0
8141 1
8226 1
2710 1
3354 1
9966 1
5884 0
6031 0
4455 0
2710 0
3765 0
1458 0
8599 0
2710 1
5592 1
7946 0
5264 1
1148 0
3532 0
2710 1
2710 1
1909 0
2710 1
2710 0
3996 0
9821 1
2442 0
2710 1
5593 0
5741 0
2710 1
2710 1
1984 0
2710 0
2710 0
5901 1
8897 1
2710 0
6698 1
7026 0
8971 0
2065 1
6690 1
5655 0
2710 0
4553 0
9454 1
8351 1
4421 0
8286 1
2800 1
6261 0
7588 0
5367 0
2710 1
4776 1
5153 0
2710 0
3771 1
4544 1
2831 0
1983 0
4596 0
2184 0
6552 1
4387 0
2881 0
2710 1
7800 1
5866 1
9589 0
2710 0
6212 0
7160 0
8345 1
2710 1
2710 1
2710 0
4869 0
8143 0
8530 1
2710 1
2586 1
2920 0
2146 0
6464 0
2710 1
1221 1
3210 1
2710 1
3862 0
9992 1
2710 1
4139 1
1338 1
2710 1
4708 0
1871 1
6518 0
2710 0
2710 0
2710 0
8010 0
5354 1
4695 0
2710 0
2710 0
5152 1
8861 0
2710 0
2119 0
6891 0
2710 1
5108 1
2710 0
2710 0
7357 0
2710 0
2710 0
2710 0
2710 0
2710 1
2710 0
3089 1
5852 1
1748 0
5856 1
5455 1
9649 1
2710 1
7236 1
2570 1
8831 1
1587 0
2710 1
2710 1
3701 1
9949 0
6220 1
9574 0
5706 1
2943 0
4513 1
2710 0
2710 0
2710 1
2710 1
6153 1
7227 1
1509 1
2710 0
5530 0
1237 1
3180 1
2710 1
2710 0
7273 0
2130 1
4511 0
4297 1
6681 0
2637 0
7167 0
7404 1
9584 0
3630 1
9020 0
5694 0
2710 1
3151 1
1352 0
6415 1
2710 1
2480 0
6236 1
3173 0
2710 1
5903 1
5962 1
4491 0
2710 0
3218 0
5894 1
7558 1
2710 0
3943 1
2710 1
2710 0
9603 1
2710 0
2710 0
4935 1
7511 1
2710 0
1803 0
9728 0
2710 1
8205 0
2710 0
3408 0
9363 0
1141 0
5140 0
3179 1
2475 1
2710 0
5699 1
2710 0
2710 1
8464 1
4662 1
2710 0
2710 0
9613 0
2710 1
2710 0
2710 0
2710 1
2920 1
4972 0
2616 0
2710 1
9849 1
9958 1
3078 1
9043 1
7500 0
8136 0
7599 1
6692 0
2497 1
5269 1
9154 0
2710 1
2710 1
9450 0
5845 0
9697 0
7833 0
2710 0
6274 1
2960 0
1262 1
3382 0
5966 1
2710 0
2710 0
6960 0
4318 1
2710 1
2264 1
4104 0
2710 0
2710 0
9607 0
9341 0
5307 1
7271 0
2710 0
2710 0
2710 0
8853 1
1117 0
2710 1
2710 1
9945 1
9552 1
8893 1
1552 1
7824 1
2710 0
2848 0
8418 1
4675 1
5052 0
2729 0
2710 0
2684 0
7929 1
2710 1
2710 1
9257 1
6794 0
2001 0
5667 0
7254 0
9441 1
2573 1
4257 1
2710 0
8596 1
8660 1
9503 0
9547 0
5362 0
4852 0
2710 0
4149 1
3074 0
2710 1
4497 1
9445 1
2710 1
1623 1
5057 0
9492 0
9594 0
1655 0
2156 1
4231 0
6914 0
5488 1
2710 1
3966 1
7927 1
2710 1
8492 0
5438 0
6093 1
7250 0
7833 0
4747 0
2710 1
4685 0
7651 1
2930 1
1717 1
5727 1
2710 0
4198 1
2710 0
3227 1
2710 1
2710 0
5968 0
6340 1
6824 1
4513 1
6396 1
2710 1
2392 1
7405 1
2809 1
2710 1
1097 1
6065 1
8757 0
2933 1
3798 0
2710 1
4180 0
5573 0
9330 1
8491 0
9660 0
1414 0
2710 1
5798 0
7731 1
2710 0
5888 1
9069 1
1994 1
1324 1
6168 1
5828 0
3594 0
8610 0
6898 1
3951 0
9437 0
2337 1
1031 1
1156 0
4091 0
1553 0
2638 1
3411 1
6335 1
6990 0
5527 0
7493 1
5622 0
2710 1
2204 1
2710 0
1541 1
2710 1
2710 0
3473 1
1752 0
2710 0
4499 0
8344 1
2710 0
2710 0
2997 1
9337 1
7231 0
6762 0
8705 1
4335 1
3307 0
6806 0
2502 0
2821 0
9579 1
8922 0
2710 1
8275 0
2710 1
3113 1
6449 0
6108 0
9267 1
1769 1
2710 0
6630 1
2710 1
2710 0
6757 0
2710 1
2710 0
2545 1
5346 1
2710 1
9317 0
2927 1
2710 1
7399 1
9067 0
4797 0
2710 1
2710 1
6126 1
5073 1
3241 1
2710 1
2082 0
6278 0
1416 1
2427 0
1883 1
4447 1
7025 0
2710 0
9109 1
8702 0
4541 0
6269 0
2710 1
8180 0
9607 0
7842 0
2290 1
8315 1
7107 1
1673 0
2023 1
8532 1
2710 0
3197 1
8234 0
8272 1
4462 0
5625 1
9423 0
2358 1
5984 0
8957 0
9713 0
2710 0
1969 0
2710 0
4800 1
2710 1
6180 0
3638 1
4556 1
6147 1
2710 0
2709 0
2710 1
7612 1
2544 1
2783 0
3524 1
8704 1
2710 0
7237 1
2710 0
1030 0
2710 1
3885 1
2178 1
5144 0
5031 1
2578 1
5351 1
2710 1
2710 1
5303 0
7405 0
2974 1
5859 0
4389 1
2710 1
6250 0
1640 1
3369 0
2710 0
3848 1
5503 1
2710 0
6693 0
6484 1
9622 0
2710 1
2710 1
3636 0
2483 1
5682 1
2232 1
7371 0
2710 1
3944 0
3306 1
4753 1
8677 0
8016 0
4901 0
2928 1
1751 1
9774 0
1652 0
4438 0
8459 1
9574 0
8523 1
2710 0
6020 1
2710 0
1056 0
8159 1
2710 1
2294 1
6943 0
3861 1
7531 1
8577 0
2710 0
2710 1
9030 0
7668 0
5130 0
2710 0
3033 1
8836 0
5058 1
9357 1
2710 0
9504 0
2710 1
5399 1
7544 1
3565 1
8973 0
2710 0
7791 0
5006 1
6408 0
2710 0
4846 1
7667 0
3066 1
9610 0
9527 0
2710 0
4068 0
1859 0
2710 1
4951 0
2710 1
2421 0
8752 1
1830 1
6997 1
8359 0
5124 0
5544 0
6404 0
2269 0
7247 0
8502 1
2889 1
2710 1
9259 1
3392 0
2710 0
2240 0
2710 1
8102 1
5809 0
1115 0
1660 0
8644 1
1732 0
9992 0
2710 0
9468 1
2710 1
6920 0
2710 1
9349 0
1490 1
2331 1
1645 1
9832 0
1779 0
1483 0
9952 1
5365 1
6563 1
4654 0
9907 0
2710 1
6960 0
4619 1
3011 1
1395 0
5868 0
8777 0
8392 1
3647 0
4603 0
6049 0
8826 0
2710 0
3368 1
9333 1
7341 0
8988 0
6800 0
6699 0
7412 1
8770 0
9128 0
3799 1
2089 1
2390 0
9439 1
3356 1
2403 0
8842 1
6280 1
7322 1
4414 0
6684 1
2202 0
2710 0
2710 0
8780 1
2136 1
2710 1
4764 1
2710 1
1128 0
2710 1
2710 0
7950 0
2710 1
8766 1
1755 1
9535 0
8023 1
7915 0
1352 1
2718 1
5111 0
1917 0
7056 0
2710 1
9785 0
4384 1
4285 0
2710 0
2710 1
3983 0
2710 0
4667 0
6247 1
3839 1
5952 1
2710 1
2254 1
3771 0
2710 0
4139 0
8136 1
1580 0
2710 1
3198 0
5813 0
2710 0
8022 0
7161 0
4388 1
2710 1
1970 0
3720 0
6634 0
4487 1
6685 1
2710 0
6453 0
4475 0
7988 0
2710 0
5352 1
6323 1
2710 1
3641 0
7136 1
2710 1
5030 0
2710 1
6442 1
1440 1
7356 0
2609 0
2710 0
8109 1
6011 0
4372 1
2710 1
2710 0
6854 0
2710 1
2710 1
1536 1
7892 1
2710 1
7492 0
2953 1
2710 0
7011 1
2710 1
2421 1
5627 1
8749 1
3612 1
3558 1
9962 0
7454 0
9407 1
4724 1
2710 1
8847 1
2710 0
2710 0
7173 1
8722 1
8604 1
2710 1
8633 0
9251 1
2549 1
6104 1
2710 1
5519 0
3775 0
9948 1
6023 0
4627 0
5709 1
2710 1
3100 0
4649 1
9753 1
5792 0
2710 0
5683 0
2983 1
2710 0
2710 1
3078 0
5473 1
2710 0
4066 0
2710 0
2581 1
2710 1
4860 0
2710 1
6911 1
2710 1
4472 0
3902 0
5727 1
2972 0
7122 0
6390 1
5694 1
9555 1
3802 1
9033 1
9623 1
3902 1
2710 1
6159 1
4186 0
6688 1
1772 1
3229 0
1600 0
8805 0
8879 0
2710 0
5678 0
1259 1
4747 0
1207 1
4093 1
4576 1
2710 1
1300 1
6458 1
5337 1
5113 1
8689 0
2710 0
6511 0
4071 0
7164 1
8092 0
3587 0
4868 1
2710 0
2710 1
9922 1
2427 0
1544 1
2710 1
1983 0
1617 0
7722 1
2710 0
4848 1
4950 1
5398 1
2672 0
1452 0
1996 1
2755 1
9234 0
1228 1
9315 1
8342 0
2710 1
2710 0
3706 1
2710 0
1621 0
5655 0
1386 0
2710 1
2710 0
9100 1
8416 1
2710 0
4689 1
9753 1
4270 1
1903 1
7060 0
2710 1
2710 0
1316 0
8450 1
5341 1
7165 1
1854 0
2710 1
7257 1
3049 0
4727 1
2710 1
2710 0
7396 0
2710 0
4559 1
2794 0
1491 1
4535 0
1772 1
2710 1
4053 0
4302 0
2494 1
6242 1
5508 0
6880 1
2694 0
1349 0
2710 1
1201 1
7356 1
2710 0
8554 1
2710 1
1779 1
8770 0
7673 0
5723 0
1616 1
1044 1
1245 0
7601 1
4614 0
9263 0
4689 1
7700 0
1260 1
2319 0
1698 0
2722 1
2710 0
2710 0
7266 1
8232 0
7495 0
2710 0
3877 0
2710 1
2710 1
2710 1
8040 0
2710 1
2710 1
5316 0
2899 0
2710 0
9894 0
9701 0
8691 1
2987 0
2966 1
1704 1
2465 0
2644 1
2710 0
2710 1
5436 1
2710 1
5777 0
3502 1
3816 0
4330 0
2710 1
9623 1
1765 0
1278 0
3518 1
7954 0
9637 1
2021 0
2096 1
1510 0
2710 1
2710 1
2710 1
3230 0
8424 0
3459 0
8741 0
1611 0
5610 1
9464 0
4486 0
2838 1
9202 1
8772 1
9741 0
5561 1
5342 0
8023 1
9890 0
5282 0
2172 1
2075 1
5481 1
9367 0
9200 1
2710 0
7650 1
2710 0
8564 0
8454 0
1088 0
2710 1
1790 0
6428 1
5305 0
7003 1
2710 0
7462 0
2710 1
5034 1
2710 1
6838 0
7313 1
7814 1
7533 1
2710 0
2710 1
4500 0
4448 1
2046 1
2710 0
4355 1
3080 1
1894 0
2710 1
8252 0
2710 1
9576 0
6931 0
2710 1
2710 1
1638 0
6730 0
2079 1
9619 0
2710 1
5126 0
6914 1
7339 1
7289 0
4205 0
3492 0
2710 1
7519 1
8598 0
2710 1
2710 1
2295 1
1974 1
8449 1
3863 0
2710 0
2710 0
2710 0
2713 1
2710 0
9486 0
2710 1
2710 1
2710 1
2710 1
2710 1
2710 1
2710 1
4311 0
5085 0
6010 0
5075 0
1659 0
3193 1
9297 0
1146 0
1231 1
3650 1
7375 1
6716 0
5830 0
2710 1
7952 0
2710 0
2710 0
4450 1
7417 0
1238 1
9520 1
9264 0
2710 1
5612 1
1687 1
2710 0
4013 1
4661 1
5463 0
2710 0
2710 0
4589 0
1972 1
3082 1
7261 1
7270 0
6246 1
2710 1
6885 0
2088 0
9569 0
2710 1
1393 1
8718 0
1800 1
5413 1
2683 1
2710 0
2710 0
9634 0
6523 0
6119 1
2923 1
9668 0
8386 1
6539 0
1952 1
2710 0
2401 0
6289 1
7063 1
8926 1
2710 1
2099 0
2710 0
5009 0
8716 1
7885 0
6866 0
5619 0
2710 0
6786 0
9844 0
2710 0
5882 0
2710 0
2710 1
2098 1
2710 0
9593 0
3811 0
5782 0
4043 1
2015 0
2617 1
7280 1
1576 0
5447 1
2710 0
7072 0
5270 1
6454 0
4302 1
2710 0
2710 1
9134 0
6252 0
3490 1
5320 0
5600 1
2710 1
2143 1
5317 0
6922 0
8922 0
2937 1
2710 1
2710 0
2423 0
9188 0
4959 0
2710 1
6613 0
6884 1
4230 0
8064 0
2710 0
7293 0
5965 0
4741 0
2710 1
5768 0
2710 0
6460 0
9855 0
7704 0
5957 0
2297 0
8590 0
1908 0
3001 0
3282 0
4875 1
3262 1
5940 0
8225 0
2710 0
3980 1
6143 1
7299 0
6114 0
6388 1
4597 0
2710 0
4170 1
9110 1
7335 1
8079 0
9443 1
7224 1
9086 0
2710 0
3168 0
4117 0
2283 0
2710 0
8027 1
5362 0
2710 0
3395 1
2710 0
2669 0
8372 0
6177 0
1015 0
2710 1
6346 1
2710 0
2710 1
4419 0
4213 1
3450 1
6263 1
8162 1
1051 0
3515 1
3639 0
8985 1
5290 0
2710 1
8658 1
2710 1
9874 1
3489 0
2710 1
8339 0
7562 1
8928 0
2710 1
7871 0
2710 1
1119 0
8920 0
9986 0
3727 1
4515 0
2710 0
8033 1
2710 1
7849 1
2710 1
3886 1
1216 0
6205 1
8200 1
2710 1
5677 1
2710 0
1411 1
4532 1
3933 0
4405 1
4643 0
2211 1
2710 1
3528 1
2248 0
2710 1
9357 1
7120 0
8004 0
2710 1
2710 0
2358 1
5182 1
2710 1
8669 1
7990 1
3223 1
5120 0
2710 1
2710 1
6364 1
4653 1
2710 1
4076 0
2710 1
3141 0
9057 0
3788 1
2710 1
1644 0
5636 0
2710 1
5779 1
8318 0
5864 0
4944 1
4437 1
9846 1
3634 1
5658 1
8922 0
1546 0
3239 1
2710 0
2710 0
2710 0
2710 0
2710 1
5133 1
2710 0
2710 1
4509 0
2710 1
8546 1
6445 0
8684 1
4622 1
5958 1
9081 1
2631 1
2710 1
2560 0
6070 0
2710 1
6010 0
8807 0
2710 0
2710 1
6423 0
4727 1
7430 0
5267 0
2710 0
1246 0
9918 0
2927 0
2710 0
3969 0
7841 1
2710 0
6645 1
9151 0
7992 1
3048 0
9646 0
6916 0
2710 0
2710 0
5154 1
2710 0
9738 1
6417 0
6790 0
2710 0
5902 0
1084 1
9190 1
7036 1
8632 1
2710 1
9192 1
8930 0
2700 1
5842 1
2586 1
8952 0
6521 0
5240 0
4515 0
6755 0
9632 0
2710 1
2957 0
9908 1
4785 0
2710 0
2710 0
7535 0
8109 0
8366 0
1960 1
4693 1
6474 0
2710 1
1315 1
5877 0
9377 0
2829 1
8155 0
8722 1
1156 0
8345 1
3518 1
8678 1
2710 1
2191 0
2710 1
2710 1
3574 0
9336 0
4206 0
3795 0
4345 1
8588 1
9305 1
5805 0
2710 0
6824 1
7881 0
2710 0
2792 0
3350 0
2710 0
7145 1
3572 1
1186 0
3232 1
4728 1
7905 0
2710 0
6188 0
2710 0
2710 1
5698 1
9304 0
2710 1
5103 1
8839 1
5732 1
2710 1
5681 1
1467 1
4374 1
3794 0
5845 1
5149 0
1029 1
4322 0
3899 0
2906 0
2116 1
1411 0
5894 0
5709 1
3208 0
9887 1
2710 1
8935 1
7498 1
2710 0
2710 1
8123 1
6166 0
6417 0
2710 0
8707 1
3607 1
9008 0
2710 1
1478 0
4169 0
6589 1
4712 1
2710 1
6084 0
5736 0
2710 1
6254 0
4447 0
8880 1
2710 0
2790 1
4483 0
7319 1
2710 1
2710 0
4764 0
6465 0
3762 0
2710 1
7439 0
5288 1
7330 1
4568 0
7913 1
2710 0
1308 0
2710 0
2710 0
5076 0
2710 0
1379 1
3168 1
4161 0
2710 0
7916 0
3182 0
4576 1
1376 1
5488 1
2710 0
2710 0
9627 1
7653 1
7319 0
4316 0
8584 1
2710 0
7246 0
2710 0
1069 0
9903 0
6295 0
2710 0
6262 1
4048 0
9355 0
5669 1
4705 1
2710 1
2710 0
5734 0
6997 1
2710 1
2710 1
2710 0
3178 1
6226 1
2710 0
2175 1
3736 1
2665 0
6761 0
8279 0
7052 0
8472 1
5814 0
3083 1
6599 1
2710 1
2710 1
8109 0
2710 0
2715 1
2660 1
5954 1
4423 0
2457 0
9020 0
9162 1
2710 0
9100 0
2710 1
6440 1
8155 1
2710 1
4619 1
3625 1
1348 0
2710 1
8918 0
1163 0
9437 0
2021 0
2710 1
2683 1
2710 0
2710 0
8610 0
2710 1
4992 1
4506 1
5606 0
4082 0
8010 1
2710 0
6606 0
8575 0
7711 1
2710 1
3517 0
7509 1
2710 1
8675 1
3658 1
4429 0
3574 0
2710 0
2710 1
9971 0
3192 1
2710 1
2710 0
1317 0
6037 1
9010 0
3418 0
8540 1
2710 0
9308 1
4415 0
3586 0
2710 0
2992 0
9662 0
5699 1
4709 0
4479 0
2710 1
1681 0
2710 1
8379 1
4625 1
1161 1
2710 0
7166 0
2710 0
5427 1
2710 1
4112 1
2710 1
2710 1
2669 0
1048 1
2025 0
2187 1
8045 1
4565 1
3136 0
5416 0
5880 1
8364 0
1381 1
1988 1
7617 1
2710 0
9887 0
3582 1
2710 1
2972 0
2710 0
7598 1
8629 1
3448 0
4750 0
2710 0
2710 1
2710 0
2655 0
2710 0
4500 1
3824 1
7564 1
4537 1
8874 0
1945 1
5003 1
3031 0
2603 1
7734 1
5308 1
6839 1
4398 1
8555 1
8694 1
2281 0
5970 0
3952 1
6349 1
1402 1
9693 1
2710 0
2710 1
2474 0
1029 1
2710 1
2255 0
3317 1
7650 1
9069 0
9671 1
4120 0
2710 0
2710 0
3382 0
2196 1
1476 1
2710 1
8515 0
3163 0
9698 1
9076 0
1679 0
4519 0
5435 1
2710 1
4320 0
4796 1
3879 1
8983 1
5385 1
2710 0
9832 0
1511 0
2382 0
6817 1
4642 0
2238 1
9978 1
1921 0
3690 0
3621 0
2710 0
7694 0
2011 0
4857 1
2710 1
5650 1
4240 0
1570 1
2491 1
2534 1
2507 1
2202 1
4494 0
2338 1
2710 0
7097 1
6456 1
1896 0
2710 0
4228 1
5762 1
2710 1
2710 1
9740 1
9464 1
2710 0
2484 1
2710 0
8400 1
6649 0
8447 0
1742 1
6245 0
9070 1
6162 0
2710 0
2710 1
8535 1
1480 1
6232 1
9233 1
7680 1
8423 0
2020 0
7442 0
2710 0
2710 0
6648 1
5184 1
3016 0
5600 1
2710 0
1254 0
8735 1
3689 0
5091 0
2411 1
1319 0
6177 1
4172 1
1412 1
2710 0
2710 0
1126 0
6213 0
2710 0
2710 0
4760 1
2710 1
2710 0
3699 1
7327 1
2710 0
5683 0
2907 0
2710 1
3358 0
8458 1
1140 0
5305 1
8561 1
2261 0
5940 1
3614 0
3589 0
2710 1
2710 0
8162 0
3972 1
2710 0
2710 0
4791 1
7174 1
2710 0
7884 1
7851 1
1440 1
2710 1
7762 0
3898 1
3536 0
2710 0
7362 1
1693 1
3638 1
7874 0
5725 1
3517 1
3655 0
4543 0
7932 1
9822 1
2028 1
6539 1
3810 1
1753 1
9227 1
1125 0
5598 1
1482 0
2710 0
1421 0
2731 0
5106 1
1823 1
4882 0
5816 1
2710 1
9373 1
2324 1
9158 1
5774 0
2710 0
6199 0
2710 0
9021 1
2710 1
2710 0
5532 1
7007 0
2710 0
8256 1
2710 0
7119 0
4236 0
6787 0
4445 1
9279 1
2710 1
8274 1
2710 0
3820 0
2710 0
2710 0
4786 1
1678 0
2334 0
8842 1
7607 0
9688 0
7409 0
2710 1
7362 0
3962 0
1760 0
2710 1
2710 1
4850 1
2710 0
2710 1
7283 0
4324 0
1733 1
7815 0
2710 1
3234 1
1347 1
7368 0
4982 0
5926 0
4910 1
7312 0
1448 0
7297 0
7987 0
8987 1
2710 0
2710 0
8924 0
3907 0
6185 1
2710 1
3438 1
4204 0
3056 1
2710 0
6962 0
2710 1
3500 1
3967 0
6730 1
6272 0
