4689 9859
7151 1
6974 1
1573 0
9859 1
1495 0
7669 1
9859 1
1422 1
5277 0
9204 0
2244 1
8395 1
2721 0
9646 0
3983 0
9859 1
9859 1
5881 0
6303 1
7932 1
4488 1
9859 0
4307 1
9859 1
9859 0
9199 0
3182 0
9859 0
8537 1
7958 1
1979 1
1477 0
9122 0
6775 0
4603 1
6553 1
9415 0
9859 0
9859 0
4154 1
8464 1
9859 1
8074 0
6249 1
9156 0
9894 0
9859 1
7641 1
8150 0
1118 0
9859 0
9859 1
9859 1
3236 1
6860 0
9607 0
6482 1
6960 0
1343 1
4142 1
5373 0
5901 0
5120 1
9859 0
4777 0
7624 1
2286 0
5053 1
9653 0
9859 1
9559 0
2284 0
4538 1
8658 0
1090 1
9556 0
9657 1
9549 0
9859 1
1242 1
5785 0
1719 0
4516 0
2095 0
6249 1
9859 0
5965 0
5622 0
2524 0
5355 0
4986 0
9965 1
3185 0
3947 0
9859 1
6833 1
7047 1
7898 1
3016 1
9514 0
5466 1
2640 1
9859 1
9825 0
9859 1
9859 1
1814 0
2276 0
5056 0
9859 0
9859 1
9859 0
9777 1
1100 1
5093 1
4918 1
5043 1
3906 1
7031 1
9859 0
5320 0
9988 0
2522 0
2171 1
9813 0
9859 0
4418 1
5814 0
9859 0
8770 1
5142 0
9462 0
6802 0
8325 0
9496 0
6661 0
8415 1
1134 0
8578 0
1913 1
6768 1
9859 0
9859 1
2362 1
9687 0
6536 0
9859 1
4219 1
2196 1
2339 0
7554 1
5872 1
2217 1
3566 1
2237 1
9859 1
7188 1
9859 0
9859 1
2885 1
6099 0
9859 1
9859 0
6188 1
9859 1
1383 1
9859 0
8417 0
9859 1
2682 1
5386 0
7271 1
9859 0
6729 1
7561 1
1160 0
3669 1
8805 1
7223 1
9859 0
4382 1
8768 1
3391 0
9859 0
1657 1
5570 1
5730 1
5752 0
4557 1
9859 0
9859 0
9859 1
9657 0
3786 0
4522 0
9859 1
5381 1
9320 1
9349 1
5851 0
6526 1
1727 1
9859 0
9859 1
5194 0
4128 0
2528 0
6910 1
3582 0
9859 0
9859 1
1968 0
4213 0
3499 0
5855 1
7401 1
9859 0
9859 0
5258 0
9859 1
9859 1
4768 1
7918 0
7426 0
9859 0
4147 0
9859 0
9859 0
5281 0
4333 0
9859 1
3720 1
6327 1
8218 1
6301 1
9859 1
3306 1
6641 1
9859 1
1440 0
4725 0
9859 1
4510 0
9859 1
8171 1
9859 0
2045 0
9794 1
4437 0
6117 0
5286 0
7818 0
8334 1
9196 1
9122 1
6583 1
2145 0
5940 0
3041 0
3135 1
1974 1
9859 1
9384 1
3977 0
2417 1
9859 0
9859 1
3782 0
3211 0
7224 1
5503 0
4733 0
9859 1
7023 1
3269 0
7711 1
9859 1
1653 0
9859 1
8689 0
9027 1
9859 0
8501 1
9291 1
9859 1
9859 1
9859 1
9859 1
9859 1
7575 1
3701 1
4824 1
9859 1
7547 1
9859 0
9859 1
4416 0
5745 1
7994 0
7331 1
2865 0
9859 0
3753 0
4308 1
3890 0
9859 1
9859 1
9859 0
4779 0
1346 1
9859 0
2972 1
4837 0
2890 0
4268 0
9859 1
9934 0
5109 0
8642 0
9773 0
1119 0
1917 1
4765 1
9859 1
5418 1
6038 1
5362 0
7288 1
8794 0
9859 1
7217 1
4688 1
9859 0
9682 1
5858 0
7628 1
3667 0
8029 0
9859 1
1027 1
7471 0
2041 0
9859 1
2072 1
9859 1
3627 1
9742 0
7219 1
4750 0
3327 1
3354 0
9859 1
2519 0
2600 0
9859 0
6280 1
6260 1
9859 0
6894 1
9859 1
5650 1
5961 0
9859 1
9859 0
9859 0
9859 1
9859 0
9859 0
9859 0
9859 0
9859 1
5874 0
9859 1
9859 0
3162 1
5475 1
8562 1
9859 1
6120 0
7173 0
3565 1
6651 1
8505 0
9902 1
2576 0
7301 0
9859 0
9859 0
8988 1
5108 0
8633 0
9859 0
5314 1
7281 1
3400 1
9859 1
8293 0
4783 0
9859 1
8495 1
9859 0
8268 1
7603 1
7984 0
5581 1
9859 0
9859 1
2179 0
3004 0
4096 0
9859 1
9883 0
9859 0
9859 1
8963 0
6948 0
9859 1
9859 0
1492 1
9023 1
2027 1
5124 1
5495 0
4883 0
6244 1
5207 0
8507 0
7389 0
5243 0
9350 0
9003 1
2689 1
9859 1
5766 0
5097 1
4166 0
9422 0
7275 0
4175 0
1568 1
6984 1
1779 0
9699 0
1466 1
3468 0
4363 0
9859 1
1549 0
4359 1
7464 0
4427 0
2257 0
8055 0
9859 0
2790 1
5258 1
5973 1
6494 0
9859 1
3600 0
9859 0
9859 1
5590 1
9859 1
9859 0
3148 0
2290 1
6548 0
8874 1
5368 0
9697 0
3267 0
6672 0
8614 1
7393 1
4052 1
2798 1
9859 0
3474 0
2550 1
9859 0
9859 1
9859 0
1763 1
1891 0
1218 0
7721 1
4724 1
5665 1
9859 0
4170 0
9859 1
6322 1
6366 1
9859 1
4321 0
9713 0
3498 1
9335 1
9859 1
9859 1
9615 1
9189 1
1551 1
7046 0
9943 1
1616 0
1329 0
1179 0
9859 1
6612 0
8147 1
4285 0
9278 0
1594 1
8276 0
6791 0
3327 0
9859 0
4868 0
1735 1
5573 1
9859 0
9859 1
9859 0
9859 0
6110 1
1738 0
4881 0
9859 1
9859 1
2857 1
3698 0
9859 1
4244 0
5484 1
5575 1
5066 1
3653 1
9859 1
9307 1
9859 1
9859 1
9645 0
1977 0
5234 0
7921 1
9859 0
9242 1
9859 1
3686 1
7669 0
4692 0
3741 1
9738 1
8068 1
9859 0
9859 1
9859 1
9859 0
5814 0
7727 0
4050 0
9859 0
5929 0
6022 1
5760 0
1180 0
9835 0
1059 1
3071 0
9859 1
1544 1
1946 0
5963 0
6445 1
9859 1
9859 1
2214 1
7161 0
8592 1
6594 1
9411 0
9859 1
9859 1
8054 0
9859 0
9662 1
3979 1
1498 1
9859 0
3536 1
3132 0
4799 0
7665 0
3397 1
7803 0
5085 1
9478 0
9859 1
2399 1
1613 0
7878 1
4766 0
6345 1
9859 1
9859 1
3883 1
4791 0
9859 0
5848 1
9859 1
9859 1
5625 1
9855 0
4622 1
9859 1
9859 0
3568 1
3804 0
7595 1
9307 0
5568 0
3228 0
7853 1
7709 0
9859 1
9012 0
8564 0
2658 0
1800 0
9021 1
6855 0
2882 0
3404 1
9859 1
9859 1
1385 0
9397 0
5314 1
4324 1
9859 0
4979 0
9859 1
6874 1
9611 0
3716 1
3497 0
9859 0
7655 1
4688 1
5969 1
2654 0
6633 0
9270 1
9859 1
3055 0
9859 1
7537 0
7190 0
9859 1
9004 1
1750 1
3734 1
7203 0
1124 0
9859 0
3697 1
4282 1
9859 1
6168 1
8420 0
9859 0
9859 1
4355 0
1568 1
9859 0
2940 0
9213 1
9859 0
5678 1
3850 1
5563 1
8474 1
4622 0
5329 1
3249 0
4015 1
4249 0
9859 0
8108 1
2804 1
7275 0
3080 0
9859 1
2130 1
6459 0
8708 1
9075 0
3324 0
8761 0
8326 1
4929 0
7442 1
5284 1
4881 0
9859 0
4027 1
9859 0
9859 1
9859 1
9859 0
9245 0
9859 1
6855 1
9859 1
2769 1
4499 0
4711 1
7734 0
9466 0
1274 0
8110 0
7355 0
2278 0
7483 1
9859 0
1596 0
9914 1
9859 1
9859 1
3426 1
1716 1
6974 1
2549 0
8012 1
1331 0
6452 1
4400 1
4314 0
9859 0
4183 1
9859 0
9420 0
3746 1
2647 0
9859 0
2882 1
1890 1
9859 0
1371 1
4737 1
1015 0
8719 1
9859 0
3555 0
9859 1
2010 1
4035 1
6599 1
7183 1
9859 1
3150 0
9859 0
9859 1
4731 0
9223 1
4814 1
2052 0
7950 1
8543 0
9859 0
3846 1
4931 1
5687 0
6650 0
4336 0
9859 1
4494 1
9859 0
1700 0
9499 0
7967 0
8165 1
9859 0
6385 0
8407 0
2512 1
2192 0
5687 1
1233 0
1082 1
5826 0
9859 0
4698 0
4146 1
1930 0
9069 1
1544 0
3592 0
6548 0
4346 0
9859 1
5934 1
8437 0
3189 1
9859 0
4090 0
3159 1
3703 1
3648 1
9859 0
7274 0
7383 0
9859 1
7760 0
9421 1
2581 1
5672 1
7831 0
9859 1
9859 1
7771 1
6975 1
2692 0
8841 0
3953 0
3374 0
4956 1
6980 1
4811 1
2698 1
9859 1
5875 0
9859 0
8732 1
7573 1
9859 0
9629 1
1924 1
1062 1
9859 1
9859 1
9859 1
1940 0
9859 1
1608 1
9340 0
9859 0
9941 0
9570 1
7846 0
7908 1
7555 0
7991 1
9859 1
5384 0
9859 0
5739 0
9112 0
6405 1
3327 0
1174 1
5434 0
9342 0
7333 1
6265 1
5715 1
3205 1
9859 0
4422 0
6813 1
1602 0
5701 1
2299 0
9859 0
8533 1
2150 0
6866 0
6423 1
7059 0
9859 1
5350 0
5952 1
1653 0
9304 0
5758 0
1030 1
1362 1
1656 1
4003 1
7515 0
8597 0
9859 1
9859 1
9859 1
9297 1
9859 0
9859 0
9859 0
7657 0
9859 0
4692 1
9859 1
9284 1
9859 1
9012 0
2187 0
9859 1
8466 1
2478 1
2872 0
3628 0
9859 1
7659 0
9859 0
5723 0
7099 1
3066 0
9859 1
9592 1
4549 1
1315 1
4739 1
7535 1
9859 0
2080 0
4156 0
9859 1
1174 1
9859 1
9859 1
2105 0
9859 0
2080 1
5819 1
9706 0
2252 1
4222 0
9596 0
9444 1
7600 0
7003 1
9859 1
2893 1
9780 0
9859 1
1190 1
8794 0
9859 0
5494 1
5567 1
7962 1
9859 1
9859 1
4058 0
8935 0
1047 0
6592 1
4014 1
9859 1
9947 1
3918 1
9859 0
4445 0
9859 1
3009 1
5776 0
8323 1
9859 1
2755 1
9859 0
9859 1
7499 0
1417 1
8937 0
7609 0
9859 0
9743 1
6602 1
9859 1
9709 0
9925 0
3536 1
4036 0
4346 0
8778 0
9859 1
9859 0
2740 1
8342 0
9859 1
5822 0
8696 1
9122 1
7047 0
2741 0
6372 0
9859 0
3548 0
9859 0
5251 0
3671 0
9859 0
8545 0
2683 1
2644 0
2910 0
9637 0
9859 1
8155 0
7720 0
9323 1
2995 1
7841 1
2383 1
2400 1
8465 0
4623 0
6153 0
9859 0
8598 0
1329 1
3042 1
9291 1
8986 1
3668 0
3763 1
9859 1
5731 1
9859 0
6796 1
2747 1
9428 0
2470 0
8113 1
7099 0
7119 0
9859 0
9696 0
2779 1
7367 1
1956 0
9203 0
2248 0
9859 0
3897 1
9997 0
7116 0
6999 0
6913 1
8054 0
2543 0
7655 0
7682 1
2646 1
5157 1
6075 0
2938 0
7389 1
2536 0
5814 1
9859 0
9859 0
2524 0
6558 1
8204 1
9713 0
5789 0
9859 1
8566 1
9859 0
1818 1
9859 1
2632 0
4398 0
6969 0
3650 0
9859 1
1978 0
9859 0
1232 1
2701 1
3058 1
5582 1
9859 0
1923 0
2185 0
2133 0
1001 1
8332 0
8254 1
2127 0
9859 0
7646 0
3229 1
4147 0
2112 1
9859 0
9377 0
6731 0
5063 0
9669 1
1797 1
8697 0
9859 1
7577 0
8076 0
9188 1
8938 1
9859 1
7019 1
8434 1
9859 1
9859 0
9859 1
4950 1
2843 0
9859 0
8005 0
4545 0
3484 1
3461 0
8714 0
6339 0
2103 0
7362 0
4853 1
9859 1
1056 1
5171 0
9859 1
2892 0
9859 1
7301 1
7540 0
3235 1
4182 1
9079 0
4171 0
1580 1
5751 1
7500 0
4332 0
9859 1
9020 1
3130 0
4696 0
3623 1
6404 0
8352 1
1389 1
6046 0
2470 1
7095 1
9859 1
8262 1
9859 0
2360 0
9859 1
2091 1
9859 1
7846 1
9859 1
9859 1
1241 1
9859 0
9859 0
1169 1
6009 1
3550 1
9859 0
6030 1
9862 0
5060 1
5218 1
2689 0
3370 1
5860 0
3883 1
8571 0
9859 0
9859 0
5202 0
9859 1
9802 1
9859 0
8185 0
1396 1
6553 0
8649 1
5946 1
8582 1
9859 1
9097 1
3981 0
9859 1
9859 0
9859 1
2742 0
2183 1
6567 0
9859 1
1694 0
6628 0
4383 0
9859 1
9859 1
3000 1
1261 1
1411 1
1957 0
8056 1
1156 0
8202 1
4830 1
5566 1
5611 1
9030 1
3302 0
4473 1
8576 0
9859 1
2593 1
7892 1
9859 1
9859 1
5988 1
6175 0
9859 0
5581 0
9859 0
3893 1
8822 0
2245 0
7818 1
6102 1
9859 0
9859 0
5637 1
3725 1
9844 0
9264 0
9510 0
5684 0
6929 0
2100 1
7202 1
3928 1
2995 1
7237 0
3999 0
6568 1
9859 1
4408 1
9128 0
9859 1
6620 0
9859 0
4848 1
9297 0
9859 0
4564 1
7641 1
4686 0
1241 0
8832 1
4352 0
9973 0
1147 0
1602 1
9859 0
5864 1
5052 0
5917 1
9859 1
2089 0
9921 1
1626 1
7951 1
5450 1
9859 1
9859 0
4277 1
9095 1
8905 0
9859 0
9971 1
9859 1
3157 0
8136 0
9199 1
9859 1
4549 1
9859 1
2029 0
9859 0
9365 0
9119 0
7315 0
8080 1
6823 1
3517 1
2013 0
5563 1
5570 0
8478 0
9859 1
9859 0
9859 1
1986 0
2501 0
2340 1
9859 0
7631 0
9859 1
8971 1
4541 1
9859 1
9859 0
9859 0
9859 0
1143 0
9713 1
9859 0
5382 0
7776 0
2184 1
1155 0
2048 0
7771 0
5207 0
8007 1
2793 1
5432 0
9859 0
9859 0
1672 0
9859 1
9859 1
9859 0
9859 1
8141 0
8494 0
2479 1
2960 1
9506 1
4198 1
4821 1
6357 1
9349 0
5280 0
9859 0
9457 1
3905 1
5360 1
5961 1
9859 1
8134 0
9859 1
9859 0
5287 1
5690 0
6340 1
5132 0
8769 1
2238 1
4020 1
9859 0
9859 0
8124 0
6696 0
8336 1
4026 0
9859 0
8661 0
7959 0
9859 0
4679 1
8016 1
3348 0
1473 0
4521 1
2857 0
3235 0
2602 1
9859 0
9859 1
9859 0
9859 1
9859 1
1400 1
9859 1
5441 0
6172 1
1670 1
8653 0
2065 0
6841 1
6929 1
6029 0
7848 0
4135 0
3044 1
1638 1
4060 1
6089 0
3419 1
1396 1
9859 1
9859 1
4357 0
8557 0
9859 1
7763 1
9249 1
9859 0
9859 1
9859 1
3718 0
4103 0
9859 1
6512 1
7221 1
5778 1
4823 1
3265 0
2344 0
4484 1
6418 0
9859 0
4763 1
7255 1
1210 0
9859 1
7555 0
9859 0
9471 1
2642 0
8052 0
8641 0
9859 1
3768 1
9859 1
9859 1
1530 1
2277 1
6127 1
5442 0
9859 1
2412 0
5589 0
9859 1
7222 0
1287 0
4255 1
2137 1
9859 0
5787 1
1216 1
9859 0
9859 1
5004 0
1094 0
2796 0
7267 1
4549 0
9859 0
6049 0
8387 1
4486 1
9170 0
9785 1
7031 1
8550 0
9859 0
9859 1
7799 0
9859 1
3540 0
9859 1
5654 0
7943 1
9859 1
5657 0
9859 1
5996 1
9859 0
3924 1
1723 1
9859 0
7620 0
2753 1
7021 1
9111 1
9859 0
9859 1
1761 0
5704 0
1642 1
7657 0
9859 1
6013 1
2975 1
1942 0
9859 1
1871 0
3591 1
9859 1
9022 1
9859 1
5307 0
1121 1
1734 0
9859 0
9027 1
8215 1
6515 0
6400 1
9859 0
2490 1
9859 0
9859 1
5498 0
9533 1
6934 1
6309 0
6627 1
4799 0
3608 1
9859 1
5515 1
9859 1
2200 0
4051 1
9859 0
1781 0
4328 0
2522 1
9859 1
4661 0
5326 1
9859 1
6155 0
9104 0
3770 1
5626 0
9859 0
5577 0
3576 1
2973 0
9859 0
3811 0
9859 1
3930 0
8383 0
9859 0
9859 1
3491 1
6251 0
9691 0
3006 0
9859 1
8846 0
4510 0
3550 0
9859 1
1951 1
8815 1
8658 0
9859 1
6131 1
2666 1
4879 0
9859 1
4371 0
9859 1
3752 1
1215 0
5793 0
4287 0
3811 0
6294 1
9859 1
9859 1
9859 1
9269 1
3857 0
9995 0
4851 0
9859 0
6216 0
9859 0
9859 0
6869 0
8313 1
9859 1
4997 1
8832 0
8396 0
4361 1
6893 1
2570 1
7886 0
7014 0
6141 0
3228 0
5860 1
7761 1
9859 1
2804 1
6164 0
9859 1
2426 1
6664 1
1031 1
6172 1
8400 1
1612 0
5725 0
5597 0
7574 1
1213 1
1376 1
5383 1
8469 0
4856 0
1857 1
2832 1
4766 1
4288 0
8262 0
9859 1
2373 1
7300 0
6243 0
2570 1
6716 0
6615 1
9859 1
6274 0
6914 0
2528 0
7281 0
5996 0
2260 1
9382 1
9859 0
8645 0
2612 1
6091 1
9859 1
9859 0
7806 1
9859 0
9859 0
4549 0
5809 1
2544 0
9268 1
7846 1
4110 0
3763 0
4056 1
1862 0
1407 0
4062 1
4481 1
5258 1
9859 1
3033 0
4093 1
1651 1
4685 1
1110 1
1454 0
9859 1
9859 1
9859 1
9859 1
9859 0
1172 1
3206 1
6299 0
4302 0
7987 1
9859 0
2638 0
5510 1
8797 0
9859 1
8884 1
9057 1
2263 0
4914 1
5568 1
3555 0
8005 1
1262 0
9221 1
4681 1
1249 0
2427 1
1986 0
9545 0
9859 0
6437 0
5288 1
7065 0
2093 0
6672 1
9859 1
6085 1
4864 0
9859 0
9859 0
1026 0
3728 0
8986 0
9601 1
7830 0
5280 0
1116 1
3553 1
9859 1
6244 0
9859 0
2678 1
5407 1
4393 1
9859 0
9859 0
9859 0
9859 0
9859 1
8407 0
7382 0
9859 0
4220 0
5587 0
9859 0
9823 1
9859 0
9859 0
9859 0
9024 1
7284 0
9859 1
9859 0
7238 0
9859 1
9602 0
6370 0
7546 1
3114 1
5381 1
9859 1
8083 0
1842 0
4470 1
9859 1
6408 0
3362 0
9859 1
5682 1
2760 1
9859 0
4371 1
2810 0
9859 1
9859 1
9851 0
9859 0
2604 0
2319 0
7404 0
9859 1
6008 0
9847 1
3598 1
9859 0
6573 1
9859 0
9859 0
9859 0
9859 1
7217 0
5783 0
9859 1
1883 1
7390 0
7268 0
6308 1
9233 0
4809 0
5582 0
5311 0
3711 0
8515 0
7002 1
4973 1
5204 1
9859 1
7145 0
9859 1
8589 1
9859 1
1186 0
5669 1
5936 0
2585 0
9859 0
9859 1
4296 0
2699 1
9352 1
1690 0
9962 0
7500 0
3169 0
8105 0
9691 1
6669 1
9859 1
6802 1
9859 1
9859 0
9859 0
2486 1
9859 0
8488 1
9859 0
8590 1
2947 0
2176 0
8248 1
9859 0
9145 1
3129 1
9859 0
9859 1
9859 0
3633 1
1643 0
9859 0
8523 1
9859 0
3464 0
9859 0
8429 1
9859 1
3858 1
2666 0
4834 1
9859 0
2883 0
3346 0
8615 1
7416 1
1676 1
9106 1
6341 0
9859 0
7918 0
2753 0
4529 1
8977 0
9859 0
3187 1
9603 0
9859 0
5038 0
4784 1
1037 1
7955 1
9859 0
3939 1
7813 1
2386 1
4573 0
4177 0
1809 1
9859 1
9859 0
5718 1
9620 1
9859 0
5518 1
3640 0
1947 0
3480 0
4094 1
6592 0
9859 0
5244 0
7315 0
9859 1
1544 1
9859 0
1567 1
8153 0
6266 0
2973 0
9672 0
9859 1
9859 1
6152 0
9859 0
9859 1
9216 0
2631 0
5038 1
8392 0
2578 1
6210 1
6434 1
9859 0
9859 0
4616 0
3288 0
8856 0
9859 1
7242 1
9859 1
6852 0
5453 1
6276 1
8995 1
5535 1
9859 1
3929 1
9859 1
4304 0
6169 0
9859 1
3394 1
8945 0
1707 0
9859 0
1129 0
9859 1
9859 1
4789 0
4212 0
2868 1
5118 1
4477 1
9859 1
5374 0
9859 1
9910 0
4146 1
9859 0
5195 1
1662 0
7786 0
9859 1
2401 1
9859 1
6959 0
9859 1
5253 1
9859 1
8123 0
6833 1
9333 0
3397 1
8329 1
3084 0
9859 1
6209 0
1729 0
5982 1
9859 0
9859 1
9859 0
9859 1
2509 1
9859 0
9859 0
9859 1
9024 0
6693 1
9859 0
8821 0
9859 0
7600 0
3943 0
8768 0
7629 1
8888 0
5828 1
9859 0
8838 0
4282 0
3104 0
4260 1
6090 1
7316 1
1380 0
9859 0
9859 0
9859 1
9859 1
1104 1
9859 0
9859 0
6310 0
7200 0
9859 1
9859 1
7813 1
9859 1
6216 1
6640 1
5540 1
5645 0
3647 0
2518 0
9140 0
8372 0
9992 0
9593 0
5564 1
2956 1
9859 1
9859 1
2205 1
4852 1
3722 1
9215 1
9859 1
2991 1
1766 0
9859 1
8115 0
2782 0
1990 1
3195 0
4400 1
4474 0
3689 1
1277 1
9859 0
9859 1
9868 0
5335 0
7118 0
5460 1
7656 1
8408 0
9859 0
3249 0
5995 1
1731 1
7234 0
1473 0
4809 1
6368 0
9859 1
1868 1
9276 1
2158 0
6730 0
8931 1
3693 0
9859 1
9859 1
9859 0
5671 1
5656 1
3055 1
5648 1
9829 0
9859 0
9668 0
5797 0
4652 0
8748 1
5478 1
6256 0
1245 0
6103 1
7588 1
1232 0
6959 0
8969 0
2024 0
1322 0
5589 1
5527 1
9859 1
9859 0
4123 1
1712 0
8296 0
9859 1
3230 0
1963 0
8693 1
9987 0
9859 1
8867 1
9859 0
3042 1
9859 1
3277 0
9859 1
7979 0
8556 1
9859 0
3457 1
9859 1
1916 0
9784 0
6672 1
9859 1
2573 1
7396 1
1615 0
7064 0
9859 0
6375 0
8847 1
9763 1
9859 1
2771 1
3827 1
5401 0
9859 1
4554 0
8241 0
9126 0
5501 0
1700 1
1463 1
7363 0
3582 1
9859 1
9859 1
1652 0
9859 1
5476 0
6566 0
6591 1
2334 1
3444 1
2014 0
6059 0
6579 0
8853 1
6571 0
4054 0
7364 0
8331 1
9859 1
7652 0
6947 0
3605 0
9197 0
2331 1
4021 0
6819 0
9859 1
9859 1
4713 0
9859 0
4241 0
3155 1
9434 0
9859 1
7346 1
6779 0
9859 1
9859 1
8665 0
4482 1
7630 1
3076 0
6809 1
9859 1
9859 0
1085 0
5480 1
2350 1
8914 0
9859 1
9859 0
8737 1
9859 0
5472 0
8633 0
9642 0
9371 1
3799 1
9859 0
9505 0
3573 0
7657 0
9859 0
9859 0
9859 1
9859 1
1398 1
9859 0
1462 0
9859 1
4611 0
7248 1
8799 1
5282 0
9859 1
2756 1
3135 0
6049 0
2725 0
9539 0
1561 1
7591 0
4126 0
9587 0
3706 0
6923 1
7752 0
8375 1
9859 0
9138 1
9859 1
6797 0
4388 1
9859 1
7377 0
2097 0
2347 1
9859 1
9859 1
6563 0
1115 1
1066 0
8740 1
7099 0
8743 1
6121 1
4570 0
9859 1
1292 1
9331 0
3342 0
5697 0
9859 1
8424 1
9859 1
2039 1
9122 0
4913 0
7737 1
8029 0
9859 1
7599 1
9865 0
9549 0
7974 1
9849 0
7820 0
9859 0
9617 0
7354 0
9859 1
9859 0
9859 1
9855 0
9859 0
2898 0
9872 1
9859 1
2933 0
7637 0
4606 1
8312 1
1048 1
3848 1
3704 1
9016 1
9859 0
7256 1
1681 0
9859 1
1833 0
5440 1
1104 0
9859 0
4882 1
7020 1
9859 0
2141 0
9699 0
9859 0
4146 0
9049 1
2470 1
9859 1
9859 0
5392 1
9859 1
2764 0
1622 1
9512 0
9362 0
9859 0
9859 0
3793 0
5264 1
4545 1
9859 1
3331 0
6393 0
1199 1
3498 1
9859 1
6146 1
9859 1
9859 1
9859 0
7948 1
8846 1
4253 1
9859 1
6806 0
9859 1
4038 0
9859 0
2790 0
5154 1
9871 0
9859 0
9859 0
7806 1
9859 0
9859 1
9434 1
1707 0
9859 1
9859 1
6045 1
9560 0
9650 1
1483 0
3951 1
5244 0
6944 1
3730 0
4437 0
5534 1
9859 1
6716 1
5798 0
4751 1
9859 1
2267 1
9859 1
4878 1
9859 0
9308 1
8192 0
4417 1
5688 1
9859 0
7312 1
7259 1
6273 0
8514 1
9859 0
9859 0
7550 0
1877 0
9859 0
8941 1
1194 1
9859 1
2584 1
9859 1
5894 0
1760 1
1504 0
5935 0
4998 1
3106 1
8399 1
8593 0
3190 0
7590 0
6743 0
4110 0
9859 0
5672 1
9859 0
6734 1
9859 1
5577 0
9568 0
5440 0
9859 1
7539 0
5723 1
9859 0
9859 0
5956 1
6695 1
4376 1
9859 1
3429 1
2967 0
2047 0
7718 1
7484 1
1360 1
4152 0
4016 1
9859 1
9859 1
7441 0
9870 0
9189 0
9859 0
6315 0
4853 0
2814 0
9859 1
8228 0
4189 1
9859 1
8942 0
3964 0
9859 1
6946 1
9729 1
9859 1
7739 0
9859 1
9859 1
9859 0
8679 1
9859 1
4926 0
7609 0
8721 1
5668 0
2749 1
1804 1
9859 0
2886 0
3838 0
2518 1
2037 1
6851 0
5629 0
5232 1
1801 0
9859 0
5348 0
9859 0
2082 0
9859 0
9859 0
5933 0
9859 1
5383 1
1013 1
5245 0
6046 0
3049 0
6091 0
9859 0
9859 0
9859 0
2078 1
9827 1
5668 0
7860 1
9859 1
1505 1
2343 0
9859 1
9859 1
6656 0
7076 0
9859 1
7939 0
4610 1
8312 0
6732 1
3045 0
1756 1
8869 1
9424 0
7748 0
9859 1
1345 0
1317 0
4249 0
6157 1
5434 0
9859 0
7049 0
3270 1
2694 1
6795 1
4716 1
1240 0
5194 1
3246 1
8609 0
6814 1
6745 0
9859 0
5477 1
9859 1
6067 0
9783 0
7375 0
2569 0
2168 1
9777 1
6591 0
9689 0
4693 0
7188 1
9859 1
9859 1
9859 0
5195 1
2286 1
6928 1
9981 0
3176 0
9859 1
2387 1
9859 1
3381 0
6386 1
3495 1
5042 0
6328 1
9859 0
1875 1
3485 1
6005 1
7392 0
5224 1
7772 1
8457 1
7062 1
9963 0
4432 0
9859 1
2757 0
8227 1
9859 0
7852 0
9428 0
4553 1
9362 0
6425 1
6388 1
9859 0
3308 1
2418 1
6997 0
7831 1
8887 1
1625 0
9859 0
2090 1
7515 0
1255 0
7428 0
4239 1
3707 1
8009 1
8121 0
9859 0
6486 0
3842 1
6273 0
6146 0
9859 0
5468 0
8708 1
8767 1
9859 0
6025 1
1886 1
4724 1
9859 0
9859 0
9859 0
6338 0
9568 1
9859 0
8332 1
7099 0
1227 1
2477 1
9286 1
3730 1
7338 1
2809 0
4307 0
7604 0
6019 0
8048 1
9129 0
3588 1
7933 0
7002 0
9859 0
9859 0
1909 0
2569 0
9859 1
7862 0
9859 1
9859 1
6074 0
8662 1
3948 1
7302 1
7292 0
5166 1
8909 0
3793 0
9859 1
1504 0
8138 1
2984 0
6575 1
5495 1
6176 1
5958 0
9859 0
3685 0
9859 1
9859 0
6435 1
1062 1
9763 1
8126 0
6790 1
2756 0
5014 0
8791 0
2476 1
5307 1
8794 0
9859 1
1763 1
9286 1
9859 1
8386 0
9859 0
9859 1
9859 1
1299 1
2776 0
4435 0
3229 0
7534 1
7829 0
9859 0
5985 0
9859 0
9859 0
9859 0
9837 1
5101 0
1413 1
7583 1
4694 1
8159 1
8741 0
1920 1
2484 1
3191 0
8054 1
9859 0
9859 0
3566 1
1149 0
9859 1
9859 0
6855 0
9859 1
9859 0
3070 0
1857 1
9859 0
2768 0
7568 1
7486 0
4988 1
6183 1
5538 0
9986 0
6354 1
4206 1
4250 0
2347 0
9859 1
4693 0
4465 0
4504 1
9859 1
9859 0
6963 0
9859 0
6827 1
5296 0
7482 0
8788 0
9859 1
7638 0
3455 1
1386 1
3926 0
9859 1
9859 0
2019 1
1044 0
3319 0
4293 1
8985 0
3976 0
9859 1
2759 1
9859 0
6176 0
9859 1
7467 0
5781 0
2134 1
3211 0
9859 0
1062 0
6760 1
7887 0
9975 0
3504 1
2233 0
9859 1
9859 1
3679 0
9859 0
3992 0
9859 0
5026 0
2237 1
1208 1
9859 0
9859 0
9881 1
6265 0
7431 1
7083 1
8946 0
5978 0
1005 1
2242 0
8802 0
9787 0
7590 0
9859 0
7895 0
2090 1
2874 0
9859 0
4538 0
9859 1
3385 0
9859 1
9859 0
5431 0
9859 0
4517 0
8764 0
9859 0
9986 0
8546 0
9859 0
6964 0
6701 0
2020 0
2273 0
6614 0
1131 0
8895 0
9859 1
8462 0
9859 0
9859 0
9859 1
9859 0
3865 0
9859 1
4899 0
2362 0
5271 1
3375 0
1851 0
9859 1
7316 1
7516 1
2032 0
9859 1
9859 0
1965 1
9859 0
8825 1
2784 0
9859 1
8967 1
5632 1
5657 1
2126 1
8076 1
9859 1
7146 0
9495 1
8320 0
9859 0
7352 1
3671 0
5655 1
1312 1
8790 0
9859 1
7221 0
9859 1
9913 0
4408 0
9859 0
3387 0
8153 1
9411 0
9859 1
1359 0
4676 0
9859 0
6544 0
6682 1
8748 0
9859 0
9859 1
2609 1
9859 0
5320 1
9853 1
2887 0
1129 0
9859 1
5042 0
5898 1
7514 1
2774 0
9859 1
4588 0
9859 0
6155 1
9859 0
9859 1
9859 0
6841 1
9859 1
2453 1
9859 0
8058 1
3254 1
1276 1
7717 0
9859 0
2297 0
9768 1
9859 1
9859 1
3271 0
6405 0
9859 0
9859 1
9011 0
9859 1
8617 0
2678 1
3975 1
1095 0
2324 0
9859 0
2362 0
1061 1
6817 0
3180 1
8820 1
3176 1
4109 0
9859 1
9859 1
5929 0
3434 0
9859 0
7219 1
3678 1
9859 0
1031 0
4516 0
9859 1
2665 1
9859 0
3775 0
7551 0
4821 0
9856 1
6343 1
3371 0
9754 0
4270 0
8681 0
6031 0
3756 1
6411 1
8852 0
3442 0
8241 0
4715 1
7748 0
7161 0
9859 0
9859 0
5671 0
5779 0
8543 1
9859 1
9767 1
9859 1
6194 0
9423 0
3407 0
7014 0
6654 1
8677 1
1808 1
9351 0
4099 0
7640 0
9423 0
3272 1
9859 0
3264 0
8785 0
6412 1
9859 1
9859 0
9026 0
2264 1
4269 1
1567 0
2317 1
3686 1
9859 0
5197 1
5652 1
8488 1
3132 0
9859 0
1180 1
1801 1
2368 1
9859 0
9859 1
9859 0
6026 1
4466 1
5669 1
4120 0
8740 0
4022 1
2335 0
5033 1
4369 1
7370 1
1767 1
9361 1
9859 1
7607 1
1493 0
3296 1
9859 1
7703 1
9088 0
3458 1
9828 0
7948 0
7309 1
4621 0
7370 0
2338 0
3653 0
9299 1
1938 1
5504 1
2769 0
9859 0
8628 0
3227 0
9859 0
1139 0
2477 0
9859 1
7206 0
6823 0
9859 1
9859 0
3697 0
3914 0
5340 1
7885 0
9155 1
9859 0
8470 0
1856 0
5701 1
1094 1
8492 0
7076 1
1146 0
6011 0
9859 1
2563 0
5911 1
9859 1
3720 1
5774 1
3220 0
1712 0
5140 1
5286 1
9859 1
6869 1
9859 0
6998 0
8862 1
2582 1
4708 0
9859 0
2197 0
7303 0
3592 0
9859 1
9859 1
7067 0
5484 0
7627 0
3580 0
8563 1
7219 1
8417 0
3072 0
5665 1
6422 1
6696 0
9106 0
5861 1
8279 1
4294 0
2925 0
9859 0
3900 1
5829 1
5880 1
9859 1
2692 1
9859 1
8359 0
4323 1
7453 1
8754 0
8858 0
9859 1
8397 0
9859 0
9859 1
9859 1
8309 0
9108 1
5768 0
4411 1
6348 0
1210 1
5766 1
8663 0
1983 0
4412 1
4699 0
9263 0
3186 0
4136 1
9859 1
6338 0
1583 1
6668 0
1151 0
2605 1
9676 0
9859 0
1419 0
9957 0
9859 1
9077 0
5415 0
3351 0
9019 0
9859 0
3621 0
1078 0
2235 1
9859 0
3435 0
1359 1
9436 0
9859 0
7199 1
8418 0
9859 0
7055 0
6556 0
5426 1
4598 0
9859 1
9859 0
1365 1
2759 1
4834 1
9859 0
6219 1
2668 0
9949 0
6034 1
2333 1
3093 1
9115 0
7922 1
9859 0
1762 1
6767 0
1876 1
9392 1
4464 1
3963 0
4413 0
9859 0
3555 0
1477 1
9235 0
3380 0
9859 0
6100 0
2844 1
9859 1
9859 0
9859 0
1037 0
8285 0
9859 1
9859 0
1727 1
9185 0
4409 0
6862 0
6058 1
2367 1
5344 0
5381 0
1019 0
5132 1
6779 0
4163 1
7666 1
1652 1
9859 1
3225 1
6103 1
7559 0
6739 1
2890 1
8425 0
3039 1
9859 1
5095 0
3099 1
6547 0
3874 1
1531 0
3611 1
3353 0
5548 0
9859 0
5947 0
8138 0
2242 0
3121 0
9859 0
9859 0
8610 1
1760 0
7001 1
5132 1
8040 0
9859 1
9242 0
1960 0
5777 0
6141 0
6731 1
9859 0
6640 0
9859 1
4998 1
1128 1
9100 0
5694 0
9859 0
7153 1
6698 0
6616 1
9859 0
6442 0
9859 0
9282 0
2697 0
1621 0
8778 1
7270 1
4423 1
7474 1
4090 1
2938 0
1074 0
9859 1
4512 1
9859 1
9859 1
2207 1
9859 1
9186 0
9543 0
2176 1
2873 1
5782 0
8246 0
9859 1
1533 1
7465 0
8673 1
9859 0
6138 1
5681 1
9859 1
6334 1
9859 1
7880 1
9025 1
9859 0
7245 0
9451 1
2853 1
9072 1
4533 0
9859 0
9859 1
9859 1
1825 0
9776 1
8804 0
8365 1
2743 1
9859 1
8928 1
4277 0
9859 0
9859 0
9859 0
5279 1
3875 1
9859 0
9859 0
2293 1
9859 0
9859 1
3903 1
4296 1
9859 0
4444 1
5696 1
7327 0
1202 0
5489 0
4995 0
3319 0
2560 1
8275 0
7889 1
7582 1
9859 0
9859 1
2919 1
9859 0
2813 1
6042 0
9859 0
8892 1
9404 1
5718 1
7465 0
1009 0
5601 1
7520 1
6994 0
8309 0
1972 0
9859 0
4971 0
9212 0
7707 1
5070 1
9859 0
6789 0
4309 1
7656 1
5965 0
4289 0
1243 1
9859 0
9859 0
3954 0
9859 1
6259 1
6741 0
9859 1
8353 0
3387 0
2807 1
8221 1
9523 1
6115 0
9859 1
1668 0
9859 1
7914 1
6195 0
1900 0
9859 1
4873 0
1908 0
5538 1
9859 0
8510 0
9859 0
6986 0
9859 0
5061 1
6213 0
1673 1
5923 0
9859 1
8884 1
9859 1
6312 1
6405 1
7166 0
8558 0
9859 0
9193 1
4323 1
2741 0
9957 1
9859 1
1668 0
4333 1
9859 0
1717 0
7055 0
4075 0
9620 0
9859 0
2971 1
9721 0
5337 1
9859 1
4402 0
9859 0
9859 1
9859 0
2971 1
6046 1
5666 1
8610 0
1647 0
3641 1
9859 0
7469 1
7864 0
9859 0
5956 1
7927 0
3973 1
5991 1
4602 1
9859 1
4811 1
9859 1
7187 0
9381 0
9421 1
2729 0
9859 0
9178 1
7133 0
8467 0
3503 0
7314 1
9859 1
4731 0
4112 0
9859 1
6015 0
4139 0
3317 1
6803 0
5270 0
5126 0
8792 1
2382 0
2420 1
9418 0
9859 0
1619 1
9859 1
6350 1
3153 1
4775 1
8901 0
7694 1
6428 1
5200 1
4618 1
6992 0
1720 0
7547 0
9859 1
4405 0
2089 1
9859 1
1478 0
4258 0
5810 1
9859 1
4079 1
6865 1
3597 0
4525 1
9859 1
9007 0
2792 1
9622 1
1233 1
6043 0
9859 0
9859 1
3938 1
2057 0
9859 0
8193 0
5963 0
3289 0
1636 0
9041 1
8901 1
7025 1
8228 1
9859 1
6989 1
6767 1
9859 1
8276 1
9859 1
8129 1
5036 0
6939 1
9859 0
9859 0
2805 1
5454 0
3474 1
3037 0
3130 0
2774 1
9859 0
9774 0
9859 1
9972 0
4548 0
3705 1
5512 0
7986 1
7375 1
9505 1
9859 0
4032 0
9859 0
9859 1
9116 1
3559 1
7856 1
3643 1
2204 1
4010 0
9859 0
4509 0
7268 0
3204 0
1561 1
6242 1
9176 0
8463 1
6966 0
9807 1
1023 1
9744 0
2802 0
9747 1
8577 0
9171 1
7029 1
2743 0
1100 0
9661 1
9584 0
9859 0
9859 1
3814 1
3562 0
9859 1
6215 1
8145 0
4708 1
6130 1
1384 0
1958 0
7466 0
7123 0
7197 1
9891 1
4120 1
1478 0
3789 0
9859 0
4587 1
4487 1
1324 1
7456 0
1064 1
9859 1
9859 1
6478 0
9700 0
1261 0
1962 0
5549 0
9859 1
7737 1
1761 1
5612 0
9859 0
8492 1
9859 0
7218 0
4205 0
5572 0
2153 1
9859 0
9859 0
8305 1
9859 1
9859 0
9472 0
7964 0
6638 1
7661 1
6297 1
3247 0
9859 0
1030 1
9859 1
9859 1
7175 1
7644 1
6231 1
3074 0
3487 1
9859 0
3183 0
3865 0
2964 0
1560 0
3802 0
7999 0
2669 1
1654 0
9859 0
5931 1
9389 1
9859 0
8434 0
7750 1
9859 0
1599 0
1742 0
8529 1
8899 1
2343 0
4626 1
4016 1
9859 0
8270 0
6020 1
9859 0
8515 1
6609 1
5138 0
9859 1
1045 0
2928 1
7195 1
7031 1
5301 1
7673 1
8356 1
4855 1
9859 0
9859 0
9668 0
9713 0
8993 1
6189 0
9859 0
1535 0
9130 1
9859 1
8069 0
1760 0
9859 0
9602 0
8568 0
9947 1
9481 0
9057 1
9859 0
8681 1
5169 0
9591 0
9859 1
9859 1
9859 1
4804 1
4754 0
1050 1
8886 0
9859 1
9859 1
3046 0
4567 0
4158 1
4510 1
9859 0
9859 0
8534 1
6202 0
3081 1
1265 0
4630 1
4028 1
9859 1
9295 0
9859 1
9859 0
7046 0
9984 0
7677 1
2772 0
8402 0
9859 1
9859 1
3832 0
1427 0
8533 0
1149 0
4547 1
9859 0
8323 1
2240 0
8075 0
8311 1
7787 1
2653 0
9859 1
1186 0
9859 1
2489 1
8386 1
4061 0
5302 0
3377 0
8040 1
9859 1
8229 1
7234 0
7420 0
2459 1
9859 0
3426 1
6488 0
8142 0
1519 1
5911 0
8091 1
2924 1
9296 1
3311 0
9859 0
9747 0
9264 0
6814 1
2731 0
9859 0
3612 0
1703 0
9859 1
5513 1
6402 0
6102 0
9859 1
5043 0
6731 0
9859 0
8986 1
3198 1
9859 1
9859 0
4907 1
9859 0
7374 1
9859 0
3196 0
9859 0
9859 1
5424 1
2788 0
9859 1
9859 1
9263 1
8370 0
9342 1
9859 0
9859 0
9859 1
8574 0
5718 1
9859 1
6435 1
6580 0
9949 0
9859 1
1786 1
9859 0
1932 0
7020 0
5305 1
4534 1
4086 0
9859 0
9677 0
9859 0
9466 0
1503 0
7051 0
9859 1
9859 1
9859 1
6661 0
7548 1
9859 0
4125 0
1154 0
3985 0
9231 0
6264 0
7128 1
2189 0
3342 1
9162 0
3719 0
5157 1
2167 0
3284 1
1220 0
8659 0
1501 1
7679 0
8861 0
1409 0
9859 0
5870 0
2118 1
9859 0
4440 1
4660 1
9859 1
9859 0
6179 1
9859 1
4066 1
9859 1
8128 1
9859 1
2909 1
4065 1
7506 0
2166 1
1838 1
2011 0
9859 1
4523 1
9859 1
9859 1
9859 0
7383 0
6204 1
2545 0
8497 0
7326 0
3972 1
8444 0
9704 1
3292 0
9859 0
6252 0
3610 1
7063 0
8693 1
5965 1
4743 0
2227 1
7527 1
7350 0
8724 0
7131 0
2920 0
9859 0
5189 0
9140 0
1393 0
4490 0
4089 0
9110 1
3482 0
9019 1
1807 0
9910 0
6075 1
7286 0
1813 1
9084 1
5934 0
9311 0
1038 1
6842 0
9859 0
9614 1
7288 0
9152 0
7508 1
9859 1
8325 1
4259 1
9859 1
9859 1
9297 0
9941 0
9859 0
9859 1
8381 0
4885 0
2393 1
5002 0
7203 1
3085 1
7109 1
6406 1
6347 0
2443 0
8901 1
4852 0
9859 0
4190 1
9854 0
6529 1
1777 1
3292 1
7973 0
9859 1
2268 0
7521 1
9859 0
4564 0
5106 1
4961 0
1490 1
8619 1
8263 0
9859 1
9859 1
7731 1
9859 0
9128 0
9859 0
3513 1
1318 1
9859 0
9859 1
4427 0
2814 0
7327 1
2664 1
9859 1
1104 1
6053 0
9859 0
5859 1
6970 0
9859 0
6138 0
2995 0
8056 1
9859 1
2682 1
9859 0
8148 0
4508 0
9859 1
3634 0
9859 0
9859 0
8930 0
9859 1
3862 1
9859 0
3240 0
7936 0
3436 0
6944 0
9859 1
4626 0
3434 0
9859 1
9685 1
9198 1
9859 0
9859 0
7688 0
6705 1
7743 0
9859 0
3357 0
9859 1
9859 0
6068 1
3105 1
2303 0
4722 0
9859 0
7398 1
9859 1
5895 1
2979 0
9859 1
9764 1
4526 0
2965 1
3358 1
7336 1
9859 0
8695 0
4199 1
9859 1
4147 0
9859 1
9859 1
9017 0
7815 0
8719 0
8278 0
8911 0
6276 0
2969 1
5077 0
9859 0
2033 0
3256 1
7108 1
7414 1
6884 0
6196 1
2757 0
7013 1
9859 0
4737 1
9859 0
9859 1
8725 1
3711 1
5513 1
3386 0
5889 0
9859 1
1314 0
7820 0
8439 1
5679 1
6600 1
7129 1
2118 1
9859 0
8650 0
9859 0
1380 1
9859 0
8550 0
7329 0
6535 1
9859 1
8416 0
8401 1
1548 1
9859 0
2926 0
1924 0
3516 0
2067 1
5748 1
8636 0
7133 0
6318 0
8901 0
7748 0
2597 0
4691 0
2332 1
5866 0
9859 0
9859 1
6076 0
3210 0
9859 0
9859 1
2582 0
9488 1
9320 0
1077 1
1702 0
9859 0
7076 0
7918 1
8409 1
6965 1
1988 0
6730 1
4741 1
2979 1
9859 0
9859 0
7052 0
9859 1
5238 1
2473 0
1544 1
1703 0
9797 0
9859 0
6922 1
7697 1
9859 1
3403 0
4115 1
5705 0
7178 0
7722 1
5778 1
9859 1
7057 1
9859 1
5653 0
6409 1
8812 1
9279 0
2337 0
9859 1
7207 0
6646 0
8683 1
5740 1
6071 1
1451 1
9859 0
9581 0
6212 0
9859 1
2176 1
8383 1
2382 1
1065 0
9859 1
1402 0
5761 1
6529 1
3462 1
9859 1
3168 0
1696 1
6432 0
7814 1
5231 0
7388 1
9320 0
9859 1
9859 0
6308 0
8828 1
9859 1
9859 1
4957 1
3310 1
3445 0
9363 0
4723 1
1533 0
2122 0
9859 0
1774 0
3966 1
3823 1
8442 0
8084 0
5882 0
2534 1
4794 1
5774 1
8356 1
8650 1
2684 1
7330 0
1638 0
9859 1
9859 0
7151 1
8685 0
9831 1
2957 0
1313 1
6316 0
8000 1
9859 1
6342 1
9859 0
9859 0
3247 1
9859 0
1178 0
9859 1
9859 0
9859 0
8041 0
8056 1
9859 1
1307 1
3628 1
3204 1
9859 1
7216 1
7394 0
2028 0
9859 0
9859 0
7616 1
4255 1
8314 0
9859 1
1893 1
2562 1
9399 0
9441 0
9859 0
5218 0
9346 0
9859 1
9859 1
2011 0
6650 0
9859 0
9871 1
9859 1
9207 1
9859 1
1932 1
9859 0
7654 0
3862 1
3176 0
8232 1
1881 1
9859 0
2899 0
9025 0
5629 1
3913 0
6415 1
5616 1
1779 1
4513 1
9859 0
6289 0
5415 1
9646 1
1436 0
4579 0
2595 1
5724 0
5996 1
9089 1
9664 1
1723 0
8237 1
5003 1
9795 1
1216 0
1902 1
5356 0
7074 0
9859 0
4995 1
4910 0
4818 0
9142 0
4111 0
5869 1
8557 1
3841 0
9859 1
3178 1
6454 0
1445 0
9859 0
8598 0
9859 0
7314 0
3239 1
9859 0
8499 1
6376 1
9859 1
9285 1
9859 0
5366 0
7354 0
3788 0
9859 0
9859 0
7011 1
9095 1
9859 0
8348 0
1110 0
4041 0
4194 0
8127 0
1659 0
8283 1
4111 0
9859 0
6243 1
8170 0
2680 0
9859 0
7909 0
9859 0
6033 1
2293 0
9859 0
7295 0
9859 1
9859 0
9859 0
9859 1
6962 1
2464 1
3743 1
6143 1
8529 0
9822 1
7480 0
9859 0
8627 1
8267 1
9612 1
9859 0
1352 1
4096 0
6591 1
5120 0
9859 0
7469 1
6189 1
2168 0
9859 1
6085 1
9859 1
7269 0
7712 0
7106 1
6729 0
2773 0
9859 0
6433 1
6620 1
7132 0
9569 1
4543 1
3573 0
5699 1
1768 0
1958 1
3443 1
3702 1
9859 1
7591 1
7329 0
9819 1
1776 0
3240 0
6723 1
2132 0
9859 1
6767 1
9470 0
6483 1
1672 0
9859 0
9859 1
2086 1
9859 0
2802 0
1714 0
4116 0
9133 0
7008 0
8524 1
7631 0
9859 1
9859 1
2430 1
9435 1
8589 1
6655 1
9859 1
1574 1
1088 1
9859 1
2453 0
9859 1
9859 0
9859 1
1174 0
6961 0
5551 1
9859 0
9608 0
7535 1
7623 0
2428 0
9859 0
6540 1
7932 0
5458 1
2420 1
4323 0
2881 1
1211 0
8502 1
6411 0
6165 1
8043 1
9818 1
1811 1
5786 1
9859 1
9859 0
9859 0
9859 1
5712 0
9859 0
3867 0
9032 1
9859 1
9859 1
2923 1
9337 0
8170 0
9859 1
4136 1
6240 0
2522 0
5957 1
8975 1
6107 1
9859 0
6275 0
5612 0
1135 1
5166 0
9859 1
5468 1
4342 0
6651 1
9859 0
5991 1
9859 1
9859 0
6640 0
8682 1
1667 0
9859 1
9859 1
6200 1
9542 1
3546 0
5524 1
3610 1
4722 0
7714 0
9859 0
2575 0
8163 1
9859 1
1008 0
6903 1
9449 1
4973 1
4935 0
6009 0
1075 0
3824 1
7240 1
6527 1
9859 1
2476 0
3065 0
2905 1
4510 1
9859 0
9859 0
3955 1
7582 1
3784 1
4501 1
9558 0
9859 0
5035 0
5026 1
8991 1
9859 0
8276 0
2231 1
6165 1
8949 0
9803 1
9859 1
3872 1
7907 1
9286 0
8277 1
9873 1
9859 1
5563 1
1729 0
9859 0
3491 1
8167 0
9859 0
3097 1
5951 1
4267 1
2970 0
9859 0
9859 0
5451 1
3791 0
3945 1
7547 1
7167 1
6616 0
2568 0
5835 1
9859 1
3249 0
8031 0
9859 0
7563 0
7861 0
5408 1
8928 0
5544 0
4464 0
6651 1
8161 1
9859 1
9859 1
6837 1
9859 0
5398 1
6628 0
7975 0
9733 0
5101 1
9859 1
6221 0
3668 0
9859 1
2211 0
8247 0
3646 0
6626 0
9859 1
9859 1
2274 0
7993 0
1364 0
1895 0
9859 0
8141 1
5682 1
9859 1
2736 0
8806 0
9859 0
2474 0
9859 0
2460 1
6798 0
2157 0
2248 0
4966 0
9859 0
9859 1
1430 0
9859 1
9859 0
9859 0
9388 0
9859 1
5714 1
9859 0
9859 0
2109 0
3427 1
4489 1
4639 1
9947 0
7785 1
3131 1
2980 0
9859 0
8408 0
4462 0
8301 0
2902 1
9847 0
5574 0
1435 1
3340 1
1985 0
7832 0
9859 0
9859 1
9859 0
5904 1
7498 1
3582 0
9656 1
4030 0
5188 0
9859 0
9148 0
9068 1
7396 0
9186 1
6630 0
9859 1
6222 0
3231 1
6261 1
1449 1
6280 0
2084 0
7205 1
3869 1
6996 1
9859 1
9859 1
9859 0
4706 1
8663 0
7554 0
8670 0
6285 0
2969 0
3400 1
9859 0
9859 1
8109 1
4065 0
7771 1
9859 0
2287 0
1934 0
8715 0
2046 1
9859 0
6872 0
9859 0
9859 0
3931 0
8825 0
6541 0
2339 1
5669 1
1163 0
1553 0
7750 1
9859 0
9112 0
7471 1
9023 1
3273 0
9363 1
5093 0
1756 0
6135 0
9859 1
8650 0
9859 0
1808 0
5631 1
9859 1
9999 0
9859 0
9859 1
5089 1
9859 1
9859 1
9859 0
7244 0
1304 0
6854 0
9874 0
9859 0
8626 1
4598 0
4151 1
9859 0
4034 0
9859 0
8623 0
5280 1
