8171 7351
7282 1
7351 1
8646 1
7351 0
9275 1
7351 0
6773 1
3012 1
1189 0
7253 1
2824 1
7351 0
5711 1
7220 1
7351 1
5341 0
1102 0
7351 1
6671 0
7351 1
2738 0
1922 1
5627 1
6615 1
7351 0
5154 0
7351 1
1413 0
1145 1
8151 0
9799 1
8890 1
7351 0
3795 1
3377 0
7245 0
7351 1
3001 1
3414 1
3559 0
7351 0
9481 0
7351 1
7351 0
7351 0
4059 1
7351 0
1725 0
2354 1
4355 0
6769 0
6680 0
2095 1
7351 1
7976 1
1888 1
7351 1
7351 1
7351 0
7770 1
7351 1
9551 0
3672 0
9353 0
1448 0
4109 0
9874 0
1611 0
8111 1
4486 0
7351 1
6004 1
1474 0
5228 1
8576 0
2090 1
7351 0
6102 0
4065 1
2177 0
5663 0
9262 1
9971 1
7351 1
2096 0
7025 0
8115 1
1910 1
2878 0
8729 0
7351 0
6259 0
7351 1
7819 0
7351 1
2852 0
7403 1
2425 0
7972 0
4326 1
6393 0
6989 0
9600 1
2473 0
1669 1
7351 0
9556 1
6069 1
7050 1
7351 0
8194 1
1939 0
5280 0
4880 1
7351 1
7351 1
4039 0
7351 0
4757 0
7351 1
9158 0
8098 0
1808 1
7351 0
7351 0
1443 0
7351 1
6116 1
6507 1
7613 1
4189 1
9308 1
6648 0
7351 1
2183 0
3860 0
7351 1
7728 0
7351 0
6720 1
5675 0
7351 0
6405 0
6913 0
2871 0
5989 0
6123 0
7351 1
3191 0
8791 0
2863 0
7539 0
5927 0
6314 0
3778 0
6083 1
6923 1
1623 1
7351 0
8876 1
9769 0
2069 0
7351 1
9139 1
7351 1
8706 0
2807 1
8249 0
7166 1
5347 1
4223 0
7351 0
3913 1
7125 1
3617 0
5422 0
7358 1
5377 0
6671 0
8588 1
7351 1
7351 1
1141 0
1406 1
7351 0
7351 0
9699 1
9093 1
9724 0
1267 0
1155 1
3217 1
8765 1
8906 1
9313 0
4197 1
7351 0
7351 0
9157 1
6233 1
6500 1
4008 1
6225 0
7351 0
6669 1
7351 1
5669 1
8682 0
8746 0
7903 1
1488 0
4341 1
7349 0
7351 0
2645 0
7351 0
5277 0
9946 1
5980 1
4726 1
8981 0
7351 1
7351 1
6410 0
4898 0
9533 1
3530 0
7807 0
5105 1
7437 1
2163 0
7496 1
4317 1
7351 0
6472 1
7351 0
8341 0
1871 0
6030 0
7487 1
4924 0
7351 1
8043 1
7351 0
8411 0
5969 0
7351 1
6617 0
7351 0
1546 1
7351 0
7351 0
7351 1
7351 0
8632 1
5919 1
7351 0
4762 1
6592 0
6079 1
8699 0
6598 1
7351 0
3608 0
2448 1
7432 0
3352 0
9932 1
7351 0
6228 0
2307 1
1007 1
6605 0
5681 0
5814 1
1055 1
7351 1
7351 0
5642 0
5278 0
1506 0
9166 0
6525 1
9482 0
2515 0
7351 1
6747 0
7083 0
9771 1
3392 0
2314 1
2689 1
7339 0
7351 0
7351 0
7351 1
9710 1
7165 0
7351 0
7351 0
8311 1
7351 1
9515 0
4168 1
4340 0
7351 0
2180 1
2989 1
7698 0
9154 0
7694 0
6006 0
4061 1
9783 0
8194 0
3944 0
3591 0
7510 1
2139 1
9286 0
1705 0
3271 0
7557 0
2358 1
6680 0
7351 1
8720 1
7521 0
3014 0
5206 1
6552 0
2944 1
4343 1
7351 1
7351 0
7703 0
7351 1
7351 1
7351 1
7351 1
7351 0
2334 1
3903 0
9551 1
3905 0
7532 0
7351 0
7351 0
3223 1
2511 0
2190 0
7351 0
4131 1
9101 0
1622 0
5088 1
9249 1
6917 1
4984 0
6943 1
7351 1
2962 1
6545 0
8814 1
2338 1
7062 1
9395 0
9260 0
1769 0
2626 1
7351 1
7081 0
8260 0
2934 0
7351 0
5163 1
8577 0
7973 1
4585 1
5355 1
7351 1
7464 0
4545 0
9158 1
2092 1
1422 1
7351 0
1110 0
5435 1
9020 0
4375 1
7708 1
7351 1
7351 1
4555 1
1748 0
7351 1
1465 0
7351 1
7351 1
7351 1
3671 1
1766 1
9478 1
5654 0
2727 0
7959 0
2635 0
6733 1
7838 0
4971 0
7351 1
5947 0
7351 0
8210 0
3864 0
2944 0
9903 1
7351 0
7219 1
2348 1
3589 0
5321 0
7351 1
7351 0
8637 1
5880 1
8886 1
5857 0
1245 0
7465 0
7351 1
7623 1
7125 0
7351 1
1980 0
9618 1
2850 0
7351 0
7351 1
5638 0
7355 1
7351 1
1525 0
9280 0
7351 1
2686 0
6184 1
1445 0
9333 0
7351 1
5169 0
5712 1
1072 0
1598 0
7351 0
2436 1
4122 0
9306 1
9751 1
6437 0
4934 1
7351 0
9349 1
9421 1
7351 1
8844 0
1280 1
1755 1
1061 1
7351 1
7351 1
4702 0
7351 0
9311 1
7351 0
1029 0
7401 0
2003 1
6248 1
2544 0
2209 1
7351 1
7351 0
7351 1
4526 0
1501 0
8544 1
4734 0
7351 1
9821 0
7351 1
4968 1
6177 0
8946 1
7351 0
8547 0
7351 1
5710 0
9777 0
7351 0
3549 1
7351 1
7861 1
8415 1
4769 1
1432 1
3970 1
7351 0
7351 0
7351 0
7351 0
5276 0
5178 1
9219 1
7351 1
7351 1
7351 1
7351 1
7351 1
2723 1
6431 0
5289 0
3137 0
4766 0
8944 0
8163 1
3690 1
5626 0
9425 0
1144 0
8977 1
7351 1
5362 0
8099 1
7351 1
7620 1
5784 0
5826 0
7351 1
7351 1
2293 0
8641 0
7351 0
5739 1
7351 1
7351 1
5724 1
7351 1
7351 1
7607 0
1315 0
7351 1
2695 0
6421 1
9125 0
4865 1
7706 1
8435 0
7351 1
9969 0
4928 0
5243 0
5930 0
7911 1
2180 1
7351 0
7351 1
2958 1
9024 1
1748 0
8069 1
7351 1
2078 0
7351 0
8438 1
2593 1
7848 1
3485 0
5443 0
7351 1
6434 0
9184 1
7351 1
7616 1
6880 1
5318 0
7351 1
6559 0
9452 1
5451 0
5839 0
8625 0
7351 0
9800 1
7351 0
4688 0
1494 0
2087 0
7351 0
6443 0
5347 1
4866 0
4969 0
1665 0
1465 1
5234 1
5882 0
7351 1
3175 1
7173 1
7975 0
4228 1
7351 0
3549 0
4214 0
2032 1
6266 0
8500 0
4053 1
1484 1
5609 0
2025 0
2477 0
4176 0
7351 0
7351 1
4544 0
7162 1
5663 1
7351 0
5809 1
3916 0
7351 1
7351 0
8369 0
2545 0
4799 1
7351 1
4125 0
6096 0
2395 0
3562 1
6168 1
9580 1
4808 0
5785 1
8707 0
2494 1
7351 0
7351 0
7351 0
8829 1
7351 0
8696 1
9959 0
3868 1
2436 1
7351 1
7351 0
7351 0
3307 0
7351 1
1196 1
9025 0
6784 0
2673 1
4207 0
8278 1
4255 0
7351 1
2200 1
7351 1
7351 1
8507 1
9900 1
6346 1
7351 0
7351 1
3279 1
7351 1
7726 0
7351 0
6718 0
7351 1
4596 0
3103 1
7351 0
7351 0
2767 0
1839 1
1470 0
2027 0
3191 1
3390 1
7351 1
7351 0
2644 1
1102 0
2822 0
1942 0
7351 1
3441 0
5190 1
2018 1
6384 1
7351 0
7351 0
9176 1
7351 1
8422 0
7492 1
7282 0
8667 1
3224 0
7351 1
7435 0
1001 0
1925 0
7453 1
1688 0
8338 0
7754 1
5126 0
7351 1
1280 1
1983 1
2637 1
5135 0
7351 0
1449 1
7351 0
7351 1
7351 0
1934 1
3412 0
2056 1
4703 1
7077 1
7351 0
2563 0
9465 1
9399 1
1731 0
3003 0
7402 1
8250 0
1120 1
1271 0
3492 0
7784 1
6071 1
2160 0
3091 1
7203 0
7351 1
4473 1
4050 0
1081 0
7351 1
9357 1
4493 1
7351 0
6084 1
7351 1
7351 1
4723 1
4324 1
7351 0
7351 0
3905 1
7122 1
3831 0
7324 1
7351 0
8440 1
8817 0
4335 1
4630 0
2046 0
8864 0
4115 0
4974 1
1691 0
7782 0
2880 0
7351 1
6798 0
4063 1
2005 0
5035 0
9135 1
7153 0
9696 0
7351 1
6990 1
7351 0
7351 0
7351 1
9700 0
5119 1
4390 0
4824 1
4031 0
7351 1
8072 1
9651 1
9117 1
2261 0
8548 0
5371 0
1654 0
8501 1
9422 1
4886 1
7867 0
7351 0
2931 0
4123 0
4091 0
7351 1
2827 0
9833 0
8334 1
7757 0
2643 0
7351 1
5285 1
7216 1
7691 1
1782 1
3064 1
7351 0
4750 0
9436 1
7351 1
8213 1
5646 0
9931 1
7147 1
2191 0
7351 1
6162 1
7430 1
7351 0
9934 1
7351 1
2036 0
2527 0
3569 1
8986 1
2129 0
2553 1
7351 1
8166 0
5338 0
2625 1
7640 0
8220 1
4447 1
6956 0
6613 0
4813 0
2339 1
3902 1
7028 1
6474 0
2841 0
9243 1
5525 0
4376 0
5917 0
8587 1
3811 0
3102 0
1243 1
5766 1
8289 0
7351 0
6703 1
5681 0
7351 0
7351 1
7351 1
5877 1
7351 0
2974 0
7351 1
9780 1
3050 1
1574 1
4630 0
9311 1
9927 1
9443 0
5321 0
8955 0
1543 1
8171 1
7312 1
7159 1
6957 1
2230 1
7351 1
2617 1
4375 1
4337 0
6462 0
5767 0
7351 0
6436 1
3596 0
7351 1
7351 1
8151 1
4785 0
9863 1
7351 0
1313 0
2315 0
3391 0
3582 1
5511 1
1539 0
2662 1
7351 1
3298 1
7351 1
8685 0
8998 0
7665 0
7408 1
9990 0
2854 1
3393 1
2408 0
8077 1
7723 1
4720 0
2406 0
3595 1
7351 0
7351 1
1346 1
3200 0
7351 0
6477 0
8015 1
7351 0
3863 1
6444 0
7351 0
2579 0
2985 0
4324 0
7351 1
1904 0
1891 1
2184 0
7351 0
5463 1
7351 1
3713 0
6595 1
7351 1
8186 0
7210 0
2083 0
5254 1
2779 1
8088 1
9903 0
2944 0
1322 0
7632 0
6927 0
9546 0
6279 0
4874 0
8161 0
2506 0
7351 0
8735 0
3653 0
7351 1
7351 0
3264 1
3491 1
2567 1
4042 1
3513 0
7351 0
8442 1
1375 0
2604 1
1508 0
7044 1
6859 0
6221 1
8214 1
7351 1
7297 0
2108 0
1251 1
5481 0
6012 1
6356 0
9533 0
7749 1
7351 0
4002 1
8083 0
1897 1
4950 0
7351 1
1681 1
4045 0
7351 1
8887 0
7351 0
1377 0
9432 0
3272 0
9761 1
8358 1
4558 0
7351 1
4761 0
7293 1
7351 0
2500 1
2878 1
8662 0
7351 0
4804 1
2705 1
5178 1
3070 0
4183 0
7828 1
1361 0
2348 0
3929 0
5403 0
5909 0
3697 1
5364 0
2671 0
1832 0
4911 0
2129 1
9848 1
7797 1
7351 1
2778 1
7351 1
7351 1
7351 1
2374 0
7351 1
9813 1
2076 1
3205 1
3054 0
7203 1
1612 0
6271 0
7351 0
5289 1
6663 1
5562 0
8873 1
4369 0
8818 1
8216 0
5494 1
8758 1
2270 1
3023 0
7437 0
1831 0
7351 1
5367 0
3947 1
5043 0
3311 1
3117 0
7294 0
3487 1
3970 1
1116 0
9176 0
4462 1
7351 1
7492 0
7351 0
7351 1
3871 0
3869 0
5136 0
5779 0
1210 0
7351 1
7351 1
4115 0
7351 0
7596 1
3554 1
1078 0
7581 1
7351 1
7351 0
3575 0
7351 1
4113 1
4300 0
1268 0
6966 0
2139 1
7351 0
3062 0
7351 0
3756 0
7351 0
6242 1
2476 0
1010 0
7351 0
7351 0
6006 1
4498 0
1598 1
3916 1
5298 1
5782 0
8376 1
9852 1
7215 1
3579 1
4177 0
3240 0
7351 1
9701 0
5222 0
7204 1
7351 0
7351 0
6237 1
3631 0
1550 1
7351 1
7351 0
3832 0
8463 1
5899 0
7351 1
7884 1
9384 1
3835 0
4709 1
4426 1
2027 0
5165 1
3044 0
5261 0
7351 1
7244 0
6357 0
7351 0
2271 0
3333 1
7351 1
9886 0
3720 0
6738 0
5571 1
6655 0
3899 0
7351 0
7351 0
5750 0
6511 1
7351 1
7351 1
1951 0
7607 1
3659 1
3972 1
6370 0
8582 0
6675 1
7351 1
4187 1
7351 1
7351 0
7351 0
6296 1
1752 1
1923 1
3592 1
1574 1
6568 1
4307 1
8766 0
4278 1
7351 1
7490 0
2033 1
5428 0
4246 0
4141 1
8014 1
9825 0
7633 1
8627 0
7351 1
7351 1
1190 1
7351 0
2754 0
8183 0
7204 0
7351 1
9862 1
7351 0
6921 1
2900 0
6401 0
7304 1
7351 0
6086 1
9187 0
7351 0
3452 1
8210 1
7498 1
1771 1
3672 1
6425 1
3729 0
8338 1
5701 1
1247 1
9350 1
7351 1
9843 0
5659 0
9412 1
3447 1
2112 0
7351 1
8554 0
4255 1
7351 1
7351 1
5429 0
1845 1
4759 0
5796 0
7351 0
9835 1
5048 1
9965 0
2674 1
6714 0
6358 0
8294 0
7425 1
2216 0
2770 0
3124 0
7351 0
8358 1
7826 0
1549 1
7351 0
9546 0
7840 0
7351 0
9109 0
7351 0
7351 1
7728 1
8670 1
7351 1
3598 0
7351 0
4845 0
4391 0
7351 0
6232 0
7351 1
7351 1
7351 0
7351 0
7001 0
9088 1
3270 1
1279 1
5124 1
8515 1
7099 0
7301 0
3985 1
2626 1
5347 0
6738 0
8511 1
6628 0
2295 0
3424 1
1529 1
2219 0
1955 0
9790 0
7351 0
9357 0
6625 1
6164 1
5982 1
7276 1
4438 0
7351 1
9979 1
7351 0
3365 1
8246 1
7351 1
7340 0
7351 1
1451 0
1041 1
7351 0
7146 0
2197 1
6810 1
7028 1
7123 1
6148 0
3488 0
4007 1
8037 1
4170 1
1182 1
5953 0
1704 0
7390 0
8504 0
4336 0
6562 0
5045 1
1331 0
7351 0
8199 1
7792 0
8582 0
3535 1
1867 0
6323 1
4279 1
7351 1
7097 0
7428 1
1438 0
9023 1
1595 1
6793 0
7351 0
2688 0
5363 0
7351 1
9376 0
3825 1
7351 1
7351 1
8694 0
8321 1
7150 0
8535 1
4568 1
5403 0
2728 1
7351 0
7351 0
8693 1
4657 0
9703 0
8024 1
2526 0
1061 1
7351 0
5070 1
7351 1
6662 0
7462 0
7351 1
1443 0
2078 1
3484 1
7351 1
1796 0
3215 1
5357 1
9937 0
7351 1
8586 1
3790 0
4233 0
7351 0
8939 0
4703 1
7351 1
7963 0
7351 0
5563 0
7351 0
9664 0
7351 1
2126 0
7351 0
6016 0
2307 0
7351 0
7584 1
5547 1
8379 0
8762 1
2160 1
9497 0
1623 0
3335 1
6711 1
8939 1
2570 0
9141 1
7604 1
7351 0
4127 1
2910 0
8123 0
2037 1
3794 0
8753 0
7351 1
1635 1
7351 0
7351 0
7351 1
9066 0
9127 0
7351 1
7351 1
4378 1
7792 1
5269 1
1685 0
2320 1
5800 1
6884 1
5951 1
2430 1
7351 0
4943 0
7351 0
4908 0
9177 1
9863 1
8535 0
1688 1
7572 0
7351 1
7351 1
6709 1
6799 1
7351 0
3727 0
4225 0
7351 0
9387 1
7351 1
7351 0
4423 1
4355 0
9594 0
2398 0
7351 1
7351 0
7351 1
5452 0
7596 1
7351 0
7351 0
7952 1
7351 1
5912 0
3619 1
4388 1
8309 0
8793 0
8158 0
1877 1
8869 1
7022 0
2319 1
2389 1
3403 0
7351 0
5079 0
7351 1
7351 1
7351 1
7351 0
4449 1
7351 1
8113 1
9279 0
7351 0
8779 1
7351 1
7351 1
7351 1
2872 1
9934 1
7351 0
9316 1
7920 0
3386 1
7351 1
2108 1
7351 1
7351 1
6728 0
6608 1
1195 0
7351 0
7351 0
7876 1
3149 0
5535 1
7200 1
8037 1
3669 0
6750 0
9710 1
9905 1
7331 0
8020 0
9991 1
4989 0
5211 0
3894 1
7351 1
3133 0
7991 1
5127 0
7351 0
6755 0
7351 1
8983 0
7351 1
3541 1
4837 0
4171 1
3526 0
5983 1
7351 0
7351 1
3855 0
1085 1
7351 0
7351 1
5737 0
3269 1
5853 1
2002 1
7351 0
7351 1
5869 1
3770 1
2654 0
8615 1
4559 0
7351 1
2034 0
7351 0
4847 0
8908 1
7033 0
7351 0
7151 0
8076 0
6439 0
2179 1
3795 0
4830 0
6472 0
7351 0
9341 1
7351 0
5625 0
7351 0
7351 1
7351 0
6292 0
4823 0
4970 0
8800 1
7351 0
8949 1
8290 0
2016 0
7351 0
7351 0
7351 0
2442 1
8179 0
7351 1
4650 1
7351 1
6001 1
4950 0
9592 1
1608 1
4604 0
6308 0
7351 0
2381 1
8413 0
9415 0
9218 0
5350 0
7351 0
7351 0
7130 0
5433 0
6096 0
8972 1
1353 0
6118 1
5533 1
7351 0
5979 0
1275 0
7351 0
5302 0
7087 1
7351 1
6943 1
7351 1
7351 1
4978 0
6864 1
7968 0
4422 0
2226 0
4924 0
9991 0
3787 1
7351 0
6897 0
8186 1
7351 0
6916 1
4884 1
8306 1
7351 0
1438 1
7351 0
7351 0
8292 1
5374 0
7351 0
1622 0
2756 0
7337 1
1119 0
7351 0
7351 0
4450 1
8302 0
7351 1
5887 1
7351 0
8067 0
7351 1
7351 0
9082 0
3348 1
4920 1
3376 1
8994 1
1116 1
9530 1
1670 1
6089 1
8994 1
7351 1
1230 1
5427 1
6836 0
2980 1
7757 0
5647 1
5776 1
7351 1
2881 0
7351 0
7420 1
7351 0
6093 1
7351 0
8698 1
4605 1
8732 0
8463 0
5725 0
1174 1
7738 1
5159 1
9161 0
3295 0
3265 1
5215 0
7351 0
7430 1
7538 1
4438 1
3220 0
9229 1
4058 1
7351 0
3939 1
7351 0
7351 1
2762 1
6929 0
9559 0
5266 1
1147 1
1118 0
7351 1
9932 1
6995 0
7351 1
7351 0
5455 1
4500 0
6527 1
6369 1
8642 0
7741 0
6190 1
6122 0
7351 1
7351 0
7351 0
7213 1
7351 0
7351 0
2591 1
7960 0
6602 0
7351 1
7786 1
5252 1
2688 0
2001 1
8518 0
3354 0
1438 1
2329 0
4997 0
7351 1
8711 1
7351 1
2385 0
7351 1
3739 0
5326 0
7351 1
9955 0
7351 0
2417 0
7351 0
6872 1
2936 1
7533 0
8841 0
7351 0
3414 0
9711 1
9361 0
7351 0
7351 0
7272 1
3619 1
8312 1
7351 1
7351 1
7351 0
5336 0
5102 1
4813 0
1527 0
7329 0
2900 0
7351 0
2759 0
9091 0
3955 1
4013 1
8346 0
7871 1
6389 1
4911 0
8545 1
9451 1
3977 0
3166 1
2493 1
7351 0
7351 1
2738 1
6961 0
7351 0
4434 1
9273 0
7351 0
5733 0
6714 0
9433 1
9812 1
4205 0
3295 1
7351 1
6276 1
7062 1
6335 1
9699 1
7351 0
7351 0
9146 1
9449 0
7351 0
4006 1
7351 1
1589 0
6901 1
4178 1
7351 1
2352 1
7098 1
7856 1
6854 0
4282 1
7351 1
7772 0
5714 1
8967 0
3145 1
5758 0
4121 0
6525 1
8074 0
7351 1
2546 0
6187 0
7351 0
7351 0
5846 1
8241 0
3288 0
6040 0
7351 1
5670 1
8938 1
6962 0
1425 1
6365 1
7019 0
6640 1
7351 0
3865 1
7351 1
5888 0
7351 0
5865 1
7592 1
2718 0
4087 0
1577 1
1264 0
1841 0
7351 0
8896 1
7351 0
1668 1
3886 0
7830 1
7351 0
9789 0
1664 1
9543 1
4009 0
4693 0
9941 1
2078 1
1125 0
7351 1
1690 0
1238 1
7578 1
5495 0
3677 1
7351 1
5681 0
5623 1
6701 0
4178 1
3903 0
3391 0
3230 0
4079 1
8911 0
9396 0
4611 1
9674 0
1339 1
1978 1
5477 0
9666 1
2446 0
1804 1
3009 1
9540 1
3474 0
9244 1
7301 0
7263 1
7351 0
8069 0
7796 0
7106 0
9496 1
7351 1
7356 0
7182 1
6426 0
3728 0
7343 1
6110 0
9586 1
7351 0
7351 0
7351 1
1005 1
7222 0
8517 0
8060 1
3055 1
8053 0
2136 0
3287 0
5939 0
5698 0
4952 0
7351 0
7351 0
2113 1
9174 0
2229 1
9283 1
1419 0
1058 0
3350 1
8048 1
7351 0
6233 0
7351 1
2825 0
8351 0
9581 1
6216 1
3987 1
4045 1
7351 1
7351 0
8034 0
7351 1
4504 1
8115 1
8736 0
7351 0
5237 1
8724 0
1855 1
7351 1
7351 1
1668 1
1820 1
1910 1
7351 1
8447 0
9190 0
4217 0
7351 1
3668 1
8932 1
3980 1
7351 0
3722 0
5565 0
7351 1
1651 1
7351 0
2796 1
7351 0
3289 1
7333 1
8652 0
7347 0
4213 0
8398 1
7351 1
8156 0
2416 0
4212 1
6135 0
4260 1
7351 1
8736 1
6084 1
7351 1
9934 0
5122 1
9630 1
7351 0
5225 1
8335 0
7351 0
3707 0
1260 0
7351 1
5187 1
7351 1
6688 1
7199 1
7472 0
7351 1
9679 1
4777 1
7351 1
3758 0
1017 0
3359 0
2351 1
5391 0
2590 0
6414 0
7351 1
9007 0
3785 1
3272 0
5913 1
3701 1
3029 0
7295 0
7351 1
7191 1
3605 1
4261 1
7351 1
1509 1
3782 1
6047 0
7351 0
7258 0
1115 1
5715 0
7351 0
6405 0
7770 1
7351 1
7351 1
7351 1
6138 0
2185 0
7351 0
6310 0
3777 1
8492 1
7751 1
9615 1
8388 1
4608 1
2694 0
7351 0
8473 1
3111 0
4879 1
3128 0
4030 0
1037 0
5660 0
1984 1
1171 0
4403 0
7351 0
7015 0
8641 1
9726 0
3861 1
9765 1
8493 0
4167 1
7634 0
7351 1
8543 1
6830 1
5404 1
6927 0
7825 1
3942 1
8381 0
2757 1
7351 0
3531 1
5782 1
3585 1
4415 0
7734 0
8422 1
7351 1
3198 0
1580 0
7351 1
7828 0
7711 1
7351 1
7351 1
6937 0
1055 1
7351 1
6706 1
5313 0
7351 0
6044 0
5734 0
7351 0
9603 1
9449 1
6584 0
7351 0
6923 0
9933 0
3199 1
7351 0
1731 0
7351 1
2678 1
7351 0
6207 0
3742 1
7214 1
8093 1
9324 0
1755 0
4059 0
7351 1
6092 0
5123 1
2215 1
4837 1
5726 0
1960 0
4117 1
9911 1
2553 0
5563 0
2282 1
3795 0
7351 0
5744 1
7351 1
8362 1
9322 1
9791 1
9703 0
8608 0
4172 0
5454 1
7351 1
3273 1
7351 1
1376 0
7351 1
4275 1
4581 1
7351 1
7351 0
7351 0
7351 0
7351 0
9550 0
5151 1
6145 0
4984 0
2160 1
2787 1
7351 0
4716 0
1532 0
7284 0
1340 1
9458 1
7518 1
9670 1
3198 0
1818 1
8555 1
1497 1
8403 1
3529 1
2752 0
7351 0
7351 1
1306 0
9976 1
9527 0
7697 1
6252 1
4101 0
2504 0
2385 1
4138 1
4664 0
7351 1
1649 0
9682 1
7428 0
6376 0
3077 1
7351 1
4404 1
3141 1
3631 0
7351 1
7351 1
6107 0
7726 0
6224 1
2419 1
1218 0
3118 1
3874 1
6015 0
7351 1
9216 0
3817 1
1715 1
7351 0
8640 1
7411 0
7629 0
9747 1
3621 0
5988 0
1987 1
7351 0
5417 1
7351 1
5604 1
1596 0
5359 0
7351 0
7351 1
9701 1
7351 0
2400 0
7351 0
1772 0
6190 1
6027 1
1512 1
6710 1
7351 0
9900 0
7351 1
2449 1
5590 0
7351 1
7351 1
4266 1
4035 0
7351 0
7351 0
9169 0
9730 0
6982 0
3322 0
5073 1
8225 1
2117 1
2735 0
5770 0
7351 1
7351 0
8126 1
5208 1
7351 0
4036 0
7351 1
5605 0
2211 1
9420 1
7351 0
7351 1
2136 0
1493 0
2232 1
4711 0
6961 0
7351 1
8670 1
2833 0
7351 0
2529 1
7351 0
7326 0
1965 1
7351 0
9928 1
9604 1
7351 0
9230 1
4197 0
3023 1
4973 0
7351 1
7250 1
2492 1
7351 0
5592 0
5851 0
9423 0
8653 1
9202 0
7351 1
3293 0
6217 1
3467 1
4959 0
7800 1
1568 0
1293 0
9685 1
8347 1
8099 0
4598 1
8373 1
6759 0
7351 0
4068 0
6136 1
7658 0
3319 0
2180 1
7351 0
3491 0
4441 1
9166 0
5926 1
8504 1
9594 1
8492 1
3696 1
7334 0
2707 0
4371 1
1902 0
6851 0
9385 0
8968 1
2620 1
1407 1
7351 1
4785 0
8915 0
8437 1
7802 1
7351 0
5759 0
2496 1
7351 1
8063 1
4038 0
7090 0
1875 0
7142 0
5579 0
9733 1
7693 1
7625 0
9160 0
1802 0
7351 0
9369 1
7351 1
6827 1
3969 0
7351 0
1135 1
8798 0
3220 1
5491 0
8226 0
1399 0
7120 1
4243 1
7351 0
7351 1
2145 1
7351 0
2771 1
7351 1
9231 0
9399 1
7722 0
7351 0
1944 0
7351 1
6736 1
1045 0
7351 0
7351 1
7351 0
7351 0
8507 1
1002 1
7351 1
3154 1
8741 1
2489 0
7351 1
5552 0
1992 0
7351 1
7351 0
8220 1
1884 1
7651 1
8492 0
1171 1
7351 1
6094 1
3161 1
4661 0
3049 1
9097 1
7438 0
2581 1
4501 1
5927 0
6094 0
2455 0
6042 1
8955 0
1448 1
6730 0
7585 1
9323 0
6065 1
1298 0
9407 1
9117 0
5445 0
8238 1
4193 0
7375 0
6355 1
7351 0
3015 1
1342 0
7351 1
9420 0
5889 0
1334 1
8572 0
9117 0
6493 1
2848 0
5408 1
5831 1
7351 0
7885 0
5535 1
1341 0
6698 0
2561 0
7351 1
1085 0
7351 1
7183 1
7351 0
7426 0
7628 1
4602 0
7351 1
1877 1
7351 1
3845 1
7575 0
4861 0
7351 0
8145 1
2374 1
3587 1
7351 0
5420 1
7351 0
7351 0
7803 0
7351 1
7351 1
3495 1
4299 1
2444 0
1171 1
1110 0
1513 1
7992 0
7351 0
7351 1
7790 0
6118 1
5965 0
9264 0
7351 0
7899 1
4324 0
4630 1
6708 1
7736 1
3704 0
7351 0
3022 1
7351 1
7351 1
4372 1
7714 0
7212 1
3187 1
7351 1
2347 1
1894 1
1944 1
3925 1
1102 0
9237 1
3425 0
4511 1
7351 0
7351 1
5408 0
7351 1
5662 1
7351 1
3277 1
3392 0
1494 1
9551 0
7351 1
3555 1
8830 1
1497 0
8970 1
4632 1
6539 1
2148 0
6674 0
7351 1
6091 1
1067 1
9362 0
7351 1
8874 1
7844 1
2476 0
7351 1
4455 0
3149 0
8690 0
2133 1
8552 0
7351 0
3700 0
8926 1
6770 0
5598 0
9966 1
1186 1
9728 0
1232 1
2710 0
4428 0
3715 1
1849 1
8973 0
5927 0
1034 0
7351 0
7351 1
7351 1
7117 1
7351 0
7717 0
7351 1
9555 0
7351 1
3627 0
7351 1
6712 0
7351 1
7351 0
1589 0
7351 0
4418 1
9477 0
6317 1
7351 1
7351 0
3334 0
7351 0
8369 0
7413 1
5054 1
3058 1
7180 1
7351 1
1156 1
2457 0
2545 0
2231 0
8097 0
8028 1
7351 1
5890 0
7949 0
2481 1
6196 0
8946 1
7351 0
5341 0
7351 1
7245 0
4316 0
7801 0
1043 0
7992 0
6826 0
7351 0
1946 0
4742 0
7351 0
5880 1
7351 1
6305 0
1067 1
6825 0
7351 0
7027 1
4217 1
4635 0
7351 1
1224 1
5247 1
3479 0
6136 0
6204 1
9381 0
3965 1
7030 0
4408 1
2732 1
7351 0
5225 1
7098 0
5800 1
4649 0
7796 1
6286 1
7111 1
1801 1
1379 0
6812 0
7351 0
5213 0
3786 1
6957 0
7351 0
7351 1
9746 1
7351 0
3246 0
7351 1
4259 1
7351 0
7272 0
7351 0
3459 0
9638 1
1467 1
6444 1
7351 1
9966 0
3406 1
9116 0
5532 0
7351 1
8080 1
7891 1
7530 0
5349 0
8145 1
3204 0
9343 0
7351 0
7351 1
7351 0
1695 0
3348 1
7735 0
7351 0
7351 1
8149 1
3646 0
5851 0
7351 0
8236 0
4217 0
4731 1
7049 1
4715 1
8351 1
7540 1
6081 1
8419 1
7351 0
4810 0
5718 1
6619 0
8214 0
7351 0
7351 1
3085 0
8703 1
3470 0
7235 0
7351 0
7351 0
4206 0
5244 1
7351 0
7566 0
4428 1
6673 0
4736 1
8103 1
4310 1
5031 1
8989 1
6477 0
8656 0
7351 0
4504 0
5405 1
3096 1
8489 1
7353 0
9804 1
7351 1
7351 1
7351 0
5419 1
7469 1
7086 0
1132 1
7203 1
7351 0
8943 0
7351 0
7772 1
6879 0
5951 0
7351 0
5767 0
3216 0
2165 0
9340 1
7351 0
6319 0
7351 1
9557 1
9119 0
5977 1
2962 0
5081 0
4649 0
5814 1
2507 0
3975 0
7351 1
1223 1
5986 1
7628 0
7351 0
7351 0
5205 1
5527 0
7351 0
3549 1
9120 1
6018 1
7351 0
3094 1
9765 0
7351 1
4686 1
7351 0
4471 0
8779 0
8901 0
7883 0
7351 0
3401 0
2898 0
7382 1
9494 1
4180 0
8460 1
7351 0
2463 0
7717 0
2952 0
9144 0
3736 0
9423 0
3226 1
3051 1
3818 0
3379 1
9965 0
5031 1
7351 0
8048 1
3679 0
5655 1
8421 0
9299 1
3930 0
9422 1
7351 1
5165 0
9197 1
1141 1
2127 0
9259 0
7351 0
8974 0
5625 1
8555 1
7977 0
3929 0
7351 1
1669 0
1811 1
2938 0
8549 0
4985 0
7351 1
1213 0
8768 1
7351 0
4051 1
5523 0
7351 1
2443 0
7351 0
1638 0
2022 1
7351 0
2853 1
2387 0
5056 0
8695 1
7351 0
6640 0
5067 0
8039 0
7351 1
5011 1
3839 0
3044 1
4431 0
8487 0
4534 0
7351 0
8292 0
9711 0
7750 1
3779 0
7183 0
5733 1
1188 0
7351 0
5839 1
6725 1
7561 0
7083 1
7792 0
7351 1
9555 1
6738 1
2471 0
2660 0
8902 0
5245 0
8434 1
7351 0
5571 1
9715 1
2010 0
1977 1
9126 1
7351 1
7351 0
7787 1
7351 1
7351 0
7351 1
2404 1
4328 1
4043 0
5054 1
6031 0
7351 0
7351 1
9480 1
4620 0
6609 1
7351 0
7351 0
6377 1
2962 1
5891 0
7351 0
9443 0
7351 1
7351 1
7351 1
7511 1
8021 0
7351 0
7351 0
7351 1
8229 1
7351 0
1335 0
4025 1
6597 1
7351 0
7351 1
7051 0
7351 0
6994 0
7211 0
3062 1
7351 1
6116 1
4800 0
8960 1
2787 0
1124 1
7175 1
2413 0
7351 1
7351 1
9679 1
7351 0
6420 0
7351 0
1266 0
9164 1
7351 0
5416 1
7351 1
7351 0
7351 0
5179 0
8516 0
7497 0
7351 1
7351 0
6393 1
8898 1
7351 1
8326 1
1946 1
7124 1
2855 1
8053 1
6780 0
7561 1
6737 1
6180 0
2139 1
9492 1
9866 0
1556 0
7351 1
6075 0
7351 1
9561 1
7351 0
3587 1
5660 0
7351 0
3787 0
7351 1
7351 0
5941 1
5226 0
1301 0
5388 1
8632 1
7351 1
7351 0
3153 0
8785 1
6931 1
7351 0
8293 1
4390 1
7863 1
5117 1
7351 1
7729 0
5221 0
7374 0
3511 1
7351 1
8256 1
6549 0
7291 0
5155 1
7351 0
3132 1
7351 1
1430 0
2448 1
4509 0
4049 1
8657 0
5206 1
2497 1
4004 0
9628 0
7184 0
5959 1
3807 1
2914 0
1409 1
3443 0
7410 0
7351 1
5423 1
7351 1
2248 1
8432 0
7351 0
7246 1
6604 1
7351 1
7023 0
5231 1
7645 1
7351 0
9718 0
3805 1
8795 1
2843 1
6441 0
3046 0
6681 1
7351 1
7463 0
7351 0
7165 1
6883 1
7351 0
6891 1
7351 1
1653 1
7351 0
9870 0
7351 0
5404 1
7351 0
9757 0
6922 1
3805 1
7197 1
3033 1
7351 0
4377 0
7691 1
7215 1
8972 0
1840 0
2520 0
9922 1
3925 0
7351 0
6205 0
9621 1
8213 0
6676 1
2747 1
1890 1
6718 1
8262 0
7333 1
7351 0
3915 1
3063 0
9298 0
7351 0
4993 1
4092 0
4982 1
7351 1
7351 0
9219 1
1324 0
1897 1
5027 0
7351 0
6688 0
7351 1
6627 0
7351 1
5514 0
7351 1
4690 1
7351 1
7351 0
9925 1
8239 0
5211 0
7351 1
7351 0
7351 0
4100 0
7351 0
9937 0
3138 0
1910 1
1006 1
7351 1
8723 0
7351 1
7351 1
6181 1
7724 0
4253 0
7351 0
7351 0
7351 0
4590 1
7351 0
9250 1
7351 1
1364 1
7980 0
7351 1
7630 0
1463 1
6787 1
4465 1
9788 1
8936 1
5538 0
6833 0
8032 1
4738 1
8356 1
7689 1
7351 1
7351 1
7351 0
5604 0
1647 1
7351 0
3766 0
6746 1
1973 1
1621 1
2602 0
4047 1
2280 0
1330 1
6520 0
4295 1
1313 1
7351 0
2468 1
2905 1
7351 0
5831 1
8878 0
7510 0
7351 0
9711 1
7351 1
7351 1
7351 1
7351 0
9542 0
5798 0
2674 0
4857 1
3736 1
7598 0
2791 1
3504 1
7351 0
8944 0
2976 1
7477 0
8587 1
2299 1
3809 0
9298 0
9084 1
8218 0
9363 0
7234 0
9365 0
8390 1
3214 0
6064 0
3771 1
4215 1
2257 0
8442 0
5483 1
6388 1
7536 0
2115 1
8010 1
7351 1
2126 0
7905 0
3982 0
5496 1
7351 0
8291 0
2032 1
5920 0
7351 1
8317 1
7351 1
1319 1
3861 0
9619 1
4985 1
7794 0
3437 0
1821 1
7351 1
3052 0
1369 0
4195 0
1794 1
3651 0
5842 1
3529 0
2797 1
9093 1
7351 1
5842 0
8618 1
3792 1
7197 1
7351 0
1907 1
7351 1
1339 1
6181 0
4460 0
3560 1
8402 1
7021 0
9813 0
7010 1
7351 1
5867 0
8969 0
5600 1
7732 1
8958 0
7351 1
4090 1
7463 1
4629 1
7991 0
7082 1
9150 0
9221 1
8990 0
7351 1
7351 0
8456 0
2546 1
6362 0
7351 1
7351 1
6056 0
6044 1
8178 0
7351 1
7351 0
7351 0
3504 0
8312 0
9858 1
3572 0
3563 0
7898 0
9315 0
7234 1
4375 0
9505 0
8169 0
6196 0
1958 1
6745 1
8848 1
4911 1
3481 0
3675 0
7286 1
7351 1
9162 0
5405 0
2607 0
7351 0
6353 0
2553 1
7351 1
2010 0
7351 1
1872 0
7351 0
6909 1
5798 1
9884 1
2140 1
7021 0
7351 0
3575 1
7351 1
2854 1
7351 0
8459 0
4165 1
8034 1
7308 1
8190 1
8796 1
6112 1
8687 0
8672 0
7351 1
6528 0
7320 0
2373 0
2225 0
8312 0
7351 0
1384 1
6496 0
7351 1
4018 1
8718 0
2598 0
8918 0
7643 1
8868 1
4533 1
3721 1
4510 1
4724 1
7351 1
3863 0
6955 0
7962 1
3860 1
6861 0
2398 0
3890 1
7883 1
7872 0
9090 1
4325 0
7351 1
7351 0
3206 1
7351 0
9525 0
7351 0
4164 1
7351 0
7351 0
9930 0
7512 0
7635 0
8963 1
5477 1
7696 1
9842 0
2171 1
2687 0
5577 0
3818 0
6476 0
1910 0
4633 1
7351 0
1534 1
9259 1
7351 0
7351 1
7658 0
9537 0
7571 0
7351 0
9624 0
4128 1
1300 0
2949 0
7351 0
1185 0
1590 1
7351 0
7351 1
5736 1
4586 1
6265 1
8854 0
9780 0
9659 1
9720 1
7257 0
7351 1
9936 0
5478 1
4419 0
7351 0
3481 1
8687 1
8467 1
8127 0
7351 1
3051 0
3475 0
9763 0
5241 1
8660 0
2128 0
3270 1
8861 0
4907 1
5003 0
7351 1
3136 1
8792 1
5248 0
5642 0
5330 1
7351 0
7351 0
7003 1
1653 0
3430 0
6758 1
7351 0
3814 1
1447 1
3322 1
7351 0
3621 0
8146 0
5149 1
7351 0
1729 0
7351 0
3203 0
7351 0
7351 1
7351 0
1234 0
7351 1
7351 0
7351 0
1298 0
2799 0
4953 0
7351 1
7351 1
9255 1
7351 0
6911 0
6234 1
7351 1
7351 1
2588 1
9239 0
8390 0
7351 0
7351 0
3420 1
9027 1
6337 1
7351 0
2247 1
2790 1
4253 1
2663 0
7351 0
1700 0
4420 1
7351 0
7351 1
8545 0
2516 1
2317 0
4923 0
6461 1
7351 1
7351 1
1841 0
1913 1
9478 1
9343 1
7888 1
7351 1
8905 0
7351 1
5288 0
8765 0
2258 1
9451 1
1364 0
7195 0
7351 0
8979 0
9615 1
5872 0
7959 1
9633 0
7832 1
2435 1
7351 1
7351 1
9265 0
9870 0
8849 0
5817 0
1689 0
6001 1
2986 0
9818 1
8606 0
3025 0
7351 0
2396 0
7351 0
7351 1
5853 0
4623 0
7351 1
7586 0
6610 1
8319 0
7351 1
5545 1
2967 1
4609 1
8562 1
1767 1
5391 1
7070 0
7351 0
2258 0
7351 1
7351 0
7351 1
6448 0
7351 1
5938 1
4500 0
5267 1
7010 1
4080 1
9755 1
3651 1
7631 1
9014 0
7532 1
7351 1
3151 1
9677 0
7351 1
7351 1
6794 1
5880 0
3577 1
7351 0
7351 0
1610 0
5494 1
1131 0
8354 1
1631 0
7351 1
1762 1
7351 0
1263 1
5228 1
6825 1
4787 0
7351 0
3378 1
5808 0
1564 1
6056 0
4171 1
8487 0
1966 1
1161 0
4739 0
5429 0
5234 1
8448 1
2216 1
4949 0
6128 1
3607 0
1349 0
9671 1
5819 0
3106 1
8675 0
8361 0
7351 0
7351 0
4414 0
6894 1
9501 1
9850 1
9521 0
2692 1
4798 0
3473 0
8187 1
1355 1
9432 1
6805 1
4697 0
6287 0
7351 0
1778 0
4169 0
4774 1
5178 0
6479 1
7351 1
7351 1
7351 1
7202 1
5128 0
9257 0
1259 0
6601 0
7351 0
9915 1
7351 1
8492 0
3089 0
7351 1
8226 1
1374 0
8809 1
8648 0
3750 1
3066 0
9334 1
8091 1
9670 0
7351 0
2818 0
4589 0
7841 1
7351 0
3816 0
6567 0
5985 0
5319 1
9763 0
6785 1
5421 1
7351 1
2373 0
6567 1
4269 0
2092 1
5636 0
3700 1
8345 1
6489 0
2616 0
8150 0
9668 0
3842 1
8535 0
4397 0
5826 0
7351 1
7351 1
2293 0
7351 1
7351 0
4267 1
5521 0
2853 1
7351 0
7003 1
7351 1
6537 1
7053 0
2206 1
7351 0
6103 1
9206 0
5164 1
3438 1
1906 1
7351 1
8788 0
7351 0
2222 1
8248 0
9216 0
2671 1
8230 1
3394 1
3184 0
7351 0
7673 1
3813 0
5491 0
7351 1
5860 1
7351 1
5678 0
4793 0
6131 0
9200 0
4557 0
2230 0
5043 0
9535 0
1110 0
1623 1
1924 1
8013 0
2156 1
4491 1
1013 0
3114 0
6109 0
2846 1
3547 1
9108 0
7351 1
7351 1
5738 1
4246 0
5089 0
7351 0
7351 1
7351 1
7351 1
8419 1
7351 0
7345 1
6793 0
4517 1
7351 1
2711 1
6805 1
6529 1
7351 0
6105 0
5910 1
4430 1
8127 0
7351 0
7566 1
7351 0
5493 0
3494 1
5134 0
9614 0
3071 0
7351 1
8647 1
7351 1
6482 1
6505 0
2989 0
7351 0
7351 1
7351 1
7351 0
3311 0
1684 1
3405 0
2052 1
5401 1
7631 1
2131 1
1129 1
3690 0
1321 1
7351 1
5464 0
8612 0
7351 0
4888 0
9290 1
4273 1
7351 0
7351 1
8351 0
6122 1
8853 1
2247 0
7351 0
4008 0
3991 1
3408 1
7351 0
1265 0
9557 1
7908 1
1382 0
7351 1
7351 0
2058 0
5676 1
7351 0
9727 1
2068 1
7351 0
2286 0
7527 1
4292 0
9858 0
9614 0
7351 0
1334 0
5362 1
7351 1
7351 0
6157 0
4651 0
5350 1
7661 1
1355 1
6989 0
7351 1
7351 1
8433 1
2224 1
3856 1
6365 1
7368 1
2718 0
7351 1
4537 1
7351 0
7351 0
7351 1
5183 1
4036 0
5409 1
6180 0
2025 1
9582 0
5730 0
7351 1
4107 0
7183 0
5421 1
8154 1
1744 1
7351 1
4308 0
7351 0
6763 0
9700 1
6721 0
7180 0
1716 1
7351 1
7351 0
8282 0
5193 0
3239 1
5135 1
7351 1
5129 1
9483 0
6047 1
1672 1
4444 0
9546 1
4663 0
4259 1
7164 0
9107 0
7351 1
5795 1
4172 0
7351 1
7537 0
7351 1
7351 1
7351 1
7351 1
4607 0
9064 1
8657 0
7351 1
8550 1
3015 1
2528 0
9065 0
7398 0
5278 1
4173 0
3680 1
9351 1
2481 1
7351 1
7233 0
9054 1
9604 1
5156 1
8768 0
7351 1
7351 0
7351 1
8993 1
6874 0
8323 0
5674 0
5041 0
3287 1
7351 1
2105 1
7351 1
3657 0
4245 1
3239 0
6465 0
4789 1
6815 1
8208 1
1496 0
1095 0
7351 0
3683 1
4763 1
6337 0
7351 1
4829 0
8618 1
7351 0
5670 0
4081 0
7351 0
6434 0
8304 0
3831 1
7351 0
7351 0
7351 0
4798 0
9768 1
8906 1
7351 1
1986 1
2754 1
7351 1
4132 1
6964 0
5920 1
7351 1
1967 1
2901 1
7783 0
5687 1
6673 0
7351 0
2352 1
2837 0
8801 0
4721 1
6962 0
7351 1
8921 1
6704 1
7351 0
9446 1
7351 0
5056 0
7351 0
6354 1
7351 1
3738 0
7052 1
7351 0
6629 1
7351 0
6684 0
7351 0
9300 0
4356 1
2642 0
7351 0
2139 0
8589 0
8760 0
7627 1
1995 1
7351 1
4664 0
3965 0
7351 1
3269 0
7351 1
7351 1
7351 0
7351 0
7351 1
4446 1
9258 1
7351 1
7351 0
2988 0
5953 0
9627 0
3295 0
6355 1
6497 1
8114 0
2560 1
8170 1
7351 0
8844 1
8574 1
7974 1
7351 0
7351 1
7313 0
2907 1
7351 0
6487 0
8286 0
7351 1
7351 0
7351 0
4728 0
1497 0
4245 1
7351 0
2029 0
3936 1
4887 1
7091 1
1387 1
1311 0
6431 1
3773 0
7351 0
1529 1
9817 0
5207 1
2196 1
7899 1
3228 0
1706 1
7906 0
7351 1
2558 1
1704 1
9099 0
9125 1
9171 1
2096 1
2387 1
1980 1
7351 1
7351 0
8472 0
7382 1
5438 0
4537 1
7351 1
7351 0
8137 0
9185 0
5534 1
9221 1
7351 1
7351 1
4496 1
7351 1
1259 0
2148 1
2163 1
1349 1
5335 0
7351 1
7351 1
4006 1
6619 1
7351 1
9008 0
9854 1
8606 1
9477 1
2891 0
7465 0
7351 1
6888 1
7246 0
7351 0
4821 1
7351 1
3422 1
7713 1
7351 0
1081 1
7583 1
6773 1
7351 0
6883 0
7351 1
7490 0
2766 0
7351 1
1768 0
9409 0
7351 0
3140 0
9469 1
7351 1
6304 1
3586 1
9317 0
9868 0
7351 1
9661 1
8695 0
7359 1
7351 1
1027 1
7011 0
9667 1
3254 0
8923 0
8791 0
9392 0
7351 1
5943 0
9654 1
9154 0
2827 1
1755 0
9668 1
8486 0
2053 1
1133 0
2647 0
2509 1
5912 0
9131 0
3378 1
3635 0
9912 0
9443 0
7897 1
5143 1
7351 1
7351 1
7351 1
7351 0
2224 0
9330 1
6615 0
4655 1
2363 1
4910 1
7351 1
7751 0
9588 1
3528 0
2224 0
1283 1
7351 0
4388 0
7351 1
3939 1
7351 0
6376 0
4557 1
7119 1
7351 0
7612 0
7982 0
2341 0
4715 0
8740 0
9031 1
7681 0
8939 0
5300 1
3897 1
2375 0
8429 0
5766 0
7483 1
3421 1
5787 1
1973 0
3535 0
7351 0
7351 1
1466 1
9193 1
4974 1
7351 0
6914 1
6084 1
7351 1
7351 1
7351 1
7351 0
7351 0
6002 0
7952 0
7351 1
7803 1
9369 1
7686 1
1175 0
6576 1
2271 1
3943 1
2587 1
1448 1
4478 1
6702 1
1251 0
4541 0
5054 0
8916 0
2914 1
8669 1
2772 0
7351 1
7351 1
5835 1
8889 0
6492 0
1033 0
7351 1
6789 1
7351 1
9842 0
2811 1
3719 0
7351 0
6227 1
7351 0
7351 0
7351 0
7351 1
8901 1
6667 0
4836 1
4678 1
3841 1
6560 1
1636 0
5251 1
1403 1
9400 0
7351 0
9117 1
7351 1
7351 0
7351 1
3215 0
4528 1
7351 1
5376 0
9628 1
7351 1
7351 1
5172 1
4273 0
9042 1
5998 1
7351 1
4492 0
6960 0
1223 1
4156 1
7351 1
7351 0
7351 0
2088 1
8056 0
7351 0
7351 1
5048 0
8541 0
2853 1
3076 0
7351 0
9732 1
1696 0
6833 0
3596 0
5752 0
1259 0
7351 1
7351 1
7351 0
6617 1
2459 1
7210 1
7351 1
7351 0
6125 0
6073 0
8178 1
8437 1
4541 1
2949 0
7351 0
9522 1
2756 1
7351 0
7351 0
7141 0
4315 1
2045 1
7202 1
8483 0
7351 1
9342 1
9668 1
7351 1
4615 1
7351 1
4686 1
7351 1
7351 1
8421 1
7351 1
7351 1
9876 1
3905 0
7351 0
7351 1
7351 1
6495 0
6062 0
2771 0
2796 0
7351 1
1292 1
5449 1
3691 1
7627 1
8583 1
4692 0
5386 1
5631 0
3923 1
6483 1
7351 0
2829 1
2833 0
7780 0
1379 0
7351 0
7351 0
7351 1
3189 1
4876 0
4765 1
3034 1
7948 1
5664 0
3422 0
7808 1
7351 0
7351 1
2892 0
7351 0
6570 0
1875 1
9016 1
8514 0
1389 0
7594 0
7636 0
7351 1
5404 0
4649 0
6083 0
7351 1
3615 0
8984 1
7351 0
4639 1
9360 1
5867 0
7243 1
2648 1
6297 1
8732 1
4829 1
7353 1
9338 1
9790 0
7351 1
5285 1
2107 0
7351 0
7776 1
1425 1
7351 1
5400 0
9779 1
6790 0
7651 0
3751 1
8036 1
9144 1
5298 0
3394 1
2511 0
7693 0
4829 1
7351 1
4654 1
7826 0
1666 0
6955 0
8132 1
7351 0
9302 0
7351 1
7351 0
4726 1
4555 0
7526 0
7351 0
3176 1
6278 0
1727 0
7354 0
2937 0
7351 1
7528 0
2254 1
3161 1
7351 1
9504 1
9032 0
5311 1
7351 0
4690 0
7460 0
3961 1
7351 1
4753 0
3974 1
1942 1
7351 0
7351 1
7601 1
9352 1
7351 1
4276 0
7351 0
1981 0
2470 1
7351 0
7351 1
7351 1
7473 1
7351 1
8727 0
7351 1
6294 1
9501 1
7521 0
8502 0
7325 1
7891 0
7067 1
1892 0
5554 1
4168 0
2135 0
6800 1
6312 1
3326 1
8416 0
2038 0
5167 1
9745 0
7351 0
7351 1
6520 1
7351 1
3723 0
1928 0
7351 1
3737 0
1980 1
7351 0
1419 1
1165 1
4737 1
7351 0
9116 0
5739 0
3552 0
2724 0
7351 0
7351 0
7295 1
7351 1
3927 0
1041 1
7351 0
1371 0
8133 0
2267 1
1034 1
7351 0
4730 0
4876 0
2136 1
5063 1
7351 0
4585 1
4956 1
9441 1
7351 1
1191 1
3107 1
4189 1
5417 1
6553 0
7969 1
6777 1
2444 1
3660 0
4065 0
4462 1
5420 1
1659 0
9058 0
4803 1
8853 0
1627 0
7351 1
4139 0
4311 1
7351 1
6122 1
7895 0
7351 0
1106 0
7351 1
9024 0
7351 0
5600 0
7351 1
7027 1
7691 1
5878 0
8133 1
7563 1
2062 1
7351 0
7351 1
6737 0
3240 0
8776 1
5804 0
9847 1
5725 0
3859 1
7351 0
6380 0
5684 1
7459 1
4207 0
7351 1
3844 0
7351 0
6642 1
7351 0
1968 1
7351 1
7351 0
7351 0
8402 0
9788 1
2616 1
7351 0
2898 0
5942 1
7351 1
7351 0
1949 1
7351 1
1216 0
2252 1
7351 0
7137 0
7351 1
3948 1
5846 1
8141 0
7078 1
2727 0
7351 1
2950 0
4545 0
1893 1
8030 1
4135 0
8572 1
9890 0
9384 0
7351 1
1547 0
5187 0
7351 1
7351 1
2233 0
7351 1
9281 1
7351 1
7351 1
7894 1
9636 1
8457 1
6356 1
7351 1
9588 0
2597 0
8148 0
6433 0
1501 1
7846 0
7729 1
4349 1
3928 0
1991 0
2148 1
4597 0
2983 0
4804 1
5866 1
1221 1
9822 1
9060 0
7351 0
3640 1
2416 0
9781 1
9744 0
5206 1
6102 1
4851 0
1446 1
2123 0
3501 0
7807 0
4104 1
7901 0
7351 1
6920 0
5446 1
5081 1
1171 0
7351 0
4004 1
6505 1
4313 0
4769 1
2671 1
2670 0
3047 1
4956 0
1617 0
8603 0
7737 0
7078 0
7351 1
5030 1
6117 1
6326 0
7351 0
7027 1
7351 1
3818 1
3039 0
7351 0
2194 1
7398 1
7351 1
1780 0
7917 1
7351 1
6235 0
2194 0
6886 0
6391 1
5239 0
6434 1
7351 0
7351 1
7351 1
9950 1
3461 1
7351 1
8408 1
4337 1
9435 0
7573 0
2971 1
7351 0
6012 0
5760 1
3062 0
5524 1
5477 0
8948 1
5274 0
8758 0
7351 0
9631 1
8019 1
9831 1
1752 1
2584 1
4159 1
2713 1
5792 1
1282 0
7351 1
7351 0
6679 0
7351 0
7951 1
3590 1
1292 1
7222 0
2277 0
2633 0
7351 0
6248 0
7351 0
1409 1
5833 1
1136 0
7351 1
7950 1
7351 0
7300 0
4798 1
7351 1
2471 0
6825 0
7230 1
7351 1
5933 1
1543 0
7351 0
1048 0
7642 0
7351 1
7309 0
4642 1
7351 1
9834 0
4461 0
3922 1
3520 0
5844 0
7351 0
7351 0
3455 1
7351 0
7351 0
9639 1
4214 1
7351 1
3889 1
6812 1
9332 1
2528 0
4773 0
2011 1
8467 1
1349 1
9128 1
7351 0
4391 0
9827 1
1260 0
3585 1
9293 0
4446 0
2053 0
4629 1
6478 1
1570 0
5089 1
2498 0
5719 0
7351 0
3369 0
7028 0
1170 0
2482 0
7351 0
2030 1
2600 1
7351 0
6430 0
1805 0
7351 1
7351 0
3998 1
9967 1
7857 0
7785 0
1100 0
8635 1
4019 1
9449 1
7606 1
2108 0
7979 0
7351 0
7927 1
8425 0
7351 1
7351 1
7351 1
7351 1
5883 0
2684 1
9290 1
1398 1
5729 1
1311 1
3666 0
2629 0
9457 1
7750 1
7351 1
9940 0
5515 0
4966 1
7881 1
5611 0
7351 0
9391 0
2020 0
7351 1
1655 1
9635 0
7351 1
3326 1
8907 1
5887 1
7351 0
9252 0
7351 0
7352 0
8606 0
7351 0
7351 1
4419 0
1347 1
7351 0
2772 1
5011 0
6311 0
4335 0
8103 0
1242 1
1211 1
9462 1
8298 1
7351 1
7351 0
7351 0
9433 1
7351 1
8276 0
1509 1
7351 1
7351 1
7351 1
7900 1
7351 1
7351 1
2044 0
6070 0
5647 0
7351 1
6642 0
7943 1
4700 0
4347 1
7351 1
5179 1
7351 1
7351 1
3477 0
1425 1
7351 1
1928 1
1680 0
1941 1
8647 1
7351 0
4013 1
7351 0
4783 1
3518 0
7323 1
4128 1
5056 0
3088 0
4029 1
7351 0
9108 1
7351 1
7351 1
7351 0
7351 1
8983 1
7351 0
7351 1
5137 0
9495 1
8394 0
9007 1
7351 0
1767 1
7779 0
2990 0
4276 1
8300 0
2393 0
8028 1
8909 1
7351 1
4136 0
5818 0
7351 1
4927 1
6917 0
7351 1
2585 1
9982 1
7351 1
8687 0
7351 0
7351 1
3812 0
5983 0
1720 1
5410 1
7164 1
5965 0
4473 0
8473 0
7351 0
4960 0
2286 0
5246 0
3786 1
9029 1
7351 0
7351 0
5493 0
5308 1
8713 0
8442 0
3402 0
7351 0
1847 0
6205 0
8635 1
6476 1
1480 0
7802 1
5949 1
5217 0
7351 1
7971 0
6363 0
9002 1
5426 1
7232 0
1203 0
3130 1
7351 1
9782 0
7351 1
5489 1
3460 1
8823 1
7351 1
6950 0
7351 1
7351 1
4391 1
3873 0
4667 0
1273 0
9124 1
3481 1
7520 1
7351 0
4699 0
6300 0
8973 1
2330 0
6420 1
4304 1
7351 0
7351 0
7986 0
7607 0
7351 1
6711 1
3477 1
3432 0
1482 0
7351 1
1462 0
7369 0
5141 0
7351 1
5776 0
2676 1
7351 1
7351 1
2955 1
5139 1
2301 0
7351 1
6884 1
6096 0
7351 1
7351 1
4864 1
7351 1
2000 0
4970 1
5767 0
7210 1
5370 0
3992 0
7351 1
6480 1
7351 1
9227 1
5376 0
6376 1
7698 0
3465 1
9676 0
2398 0
7351 1
5020 0
7351 1
6096 0
7351 1
3976 1
1154 0
3071 0
9034 0
7351 0
7351 1
5722 1
7465 0
2896 0
2202 0
7351 0
7351 0
9123 0
7351 1
7547 0
7351 0
2045 0
6958 1
7351 1
7351 0
8657 0
6528 0
4172 0
6320 1
1002 1
6121 1
7351 0
1886 1
5240 1
7351 0
3780 0
7351 1
7351 1
1048 0
8387 1
8400 1
3889 1
3278 1
7351 1
8247 0
3032 0
7351 1
7398 1
7351 1
8125 1
7351 1
3605 0
1669 1
7351 0
9810 0
2764 1
2510 1
9045 1
6711 1
7351 1
7351 1
6776 1
7351 0
3094 1
6797 1
7351 1
5168 1
4936 0
4223 0
8994 1
8515 0
8492 1
2620 0
4638 1
3947 1
9788 0
6440 0
2207 0
2133 1
7456 1
7351 1
8518 1
9099 0
5527 1
6761 1
1820 1
4504 1
8709 1
5201 1
7351 1
8357 0
5200 1
9949 0
7351 1
5240 0
8353 0
7351 1
3035 0
6891 1
9306 0
3854 1
8563 0
3763 1
3712 0
7609 1
8914 0
7351 0
1174 1
7556 1
9999 1
7643 1
3909 1
9153 1
7351 0
7351 1
7351 1
9522 1
7351 0
2756 1
6739 1
9681 0
7351 0
4792 1
7701 1
4206 0
7351 0
2185 1
4439 1
7351 0
5024 0
7351 1
7351 1
7489 1
7193 0
5130 1
7351 1
9966 1
9477 1
1716 1
8829 1
6602 1
7795 1
9200 0
7351 0
4849 0
8980 1
4211 0
7351 1
7351 1
7351 0
7917 1
4587 0
7351 0
6959 1
3512 1
8072 1
8584 0
5248 1
2726 1
3910 0
7351 0
9073 1
3660 1
5293 1
5940 0
9018 1
3441 0
3621 1
8966 0
7351 0
9614 0
9601 0
3346 1
1142 1
1643 1
8721 0
9976 0
3963 0
5012 0
7336 0
7612 0
7351 1
7994 0
7351 1
7414 1
7351 1
3979 0
1100 0
7351 0
3304 1
4958 1
3316 0
1289 0
5214 0
8838 0
7351 0
5325 1
5656 1
3109 0
7351 1
5564 1
6875 0
7351 1
7351 0
7351 1
7351 1
4995 1
7091 0
8768 1
4425 1
6534 1
3009 0
2386 0
5814 0
4295 0
1712 1
8763 0
5583 1
3045 0
7351 1
1323 0
6684 1
7351 1
9711 1
2877 1
6172 1
4236 0
9352 0
2287 0
4332 0
8549 1
6217 0
2244 0
7351 1
9471 0
7956 1
6274 0
7351 0
7268 1
8555 1
7351 1
5952 1
8831 0
7351 0
1262 1
9540 0
4343 1
8022 1
5938 1
3206 0
1761 1
1001 0
7790 0
5500 0
7351 1
8103 1
3066 1
7351 1
7351 0
8970 1
6899 1
7351 1
1541 0
7734 1
7351 0
5468 1
8924 0
6233 1
7453 1
7351 1
4330 1
7351 0
1376 0
7351 1
4964 1
3076 1
2757 1
8755 1
1209 1
2080 0
9585 1
3915 1
6653 1
8323 1
7351 1
4319 0
6370 0
3889 1
9333 0
7351 0
2816 0
2401 1
7351 1
9467 0
7351 0
1433 0
4667 1
9977 1
7351 1
7351 1
7351 1
7351 0
3670 0
9188 0
1348 1
9815 1
2669 1
3111 0
6872 0
7351 1
4077 1
9001 1
8309 0
7351 1
7351 0
2715 0
4096 1
7351 0
7351 1
5667 0
8891 0
3246 0
7351 1
3785 0
8446 1
2584 1
5599 0
7514 0
4002 0
4413 1
9633 1
7351 1
7351 0
1193 1
1330 0
7351 1
3223 1
7351 0
7351 0
7178 0
1180 1
1946 0
7931 1
2015 0
7351 0
4131 1
9221 1
7351 0
4113 0
7351 0
7351 1
7351 1
7351 1
1325 1
7351 1
3228 1
2976 1
7351 1
4763 0
9991 1
5793 0
1210 0
7351 1
7389 0
4991 1
1231 1
3459 0
5435 0
4704 1
7351 1
6123 0
7351 1
7351 0
9537 0
9734 1
7420 0
7351 1
1081 0
3543 1
9367 0
7388 1
7351 0
8258 0
2258 0
8147 0
5233 1
2653 1
6250 1
7351 1
7351 0
7351 0
7891 1
7351 0
9168 0
3184 0
4657 0
8281 1
8799 1
7351 0
8211 1
4250 1
1058 0
5301 1
4111 1
3668 0
4888 0
7351 0
6873 0
3024 1
9577 1
7351 0
5462 0
5521 0
7351 0
7710 0
7351 1
3091 0
7751 0
7351 1
3550 0
3419 0
2363 0
3365 1
6659 0
2843 0
6905 0
9014 0
6058 0
8046 1
6908 1
5146 1
2961 0
4126 1
1564 0
1761 1
7351 0
3160 0
5707 0
7351 1
7351 0
7351 0
1832 0
7351 1
7351 1
4062 0
7351 0
7351 1
4397 0
3886 1
2754 1
5740 1
7351 1
6121 1
6953 1
2996 1
7351 1
6664 1
9300 0
1049 1
7351 1
7351 0
7545 1
5254 0
4190 1
7351 0
6539 0
4282 0
2439 0
7351 1
9817 0
7351 0
7351 1
3279 1
7351 0
4834 0
5376 1
2988 1
6303 1
5265 0
9892 1
2170 0
9850 0
7351 0
7351 1
3432 1
7267 0
7351 1
1298 0
2883 1
7351 0
7351 1
7351 0
5080 1
9663 1
7351 1
5004 0
7437 0
7351 0
7351 0
8475 0
7568 1
5869 1
6124 0
2010 0
2344 1
7351 0
3907 0
6074 1
1562 1
7655 1
2397 0
5375 1
9806 0
3998 1
7351 0
7351 0
4196 0
7103 1
9529 0
7351 0
7351 1
6589 0
7351 1
7351 1
7351 0
2278 1
7351 0
7003 0
7265 0
1750 1
5240 1
3628 1
6426 0
3108 0
7351 0
7351 1
1962 1
7351 0
4489 1
5115 0
4094 0
7925 1
7351 1
2561 1
9717 0
7351 1
2120 1
2231 1
9951 0
1793 1
7351 0
8980 0
8223 0
4079 1
5640 1
7351 1
1860 0
9333 0
7351 0
7322 0
9907 1
6727 1
3059 0
1282 0
4361 1
6353 0
8062 0
5197 0
7351 1
5136 0
3004 0
1665 1
2587 0
8863 1
6771 0
5266 0
2119 1
9613 0
8513 0
8602 0
3365 1
7035 0
7351 1
3694 0
7351 0
2971 0
7238 1
5709 0
5322 0
7351 1
7507 0
8002 1
2304 1
1132 0
3827 0
7351 1
2403 1
8641 0
4350 0
6024 0
3564 0
7351 0
5046 1
7351 0
7351 0
5788 0
8710 0
3670 1
9472 1
2627 1
6412 0
8597 0
7351 1
7351 1
1169 0
6630 0
2418 0
7481 0
1151 0
7351 1
1099 0
8121 0
7351 1
3674 1
7351 0
7939 0
1329 0
6554 0
5793 1
5567 0
7351 0
5085 1
2880 0
5008 1
7683 1
6961 0
3761 1
3543 0
4744 0
9777 1
8610 1
4417 1
1475 1
8898 1
7285 0
3923 0
4853 1
7351 1
3175 1
3815 0
7351 0
3314 0
7351 0
7811 1
7351 0
7145 0
6654 0
6828 1
9763 0
7351 0
1263 1
6798 0
5211 0
1900 0
6063 1
3317 1
1373 1
1887 1
5647 1
7231 1
1990 1
5916 1
7909 0
6172 0
7351 0
3631 0
8328 0
7351 0
5295 1
7294 0
7351 1
7351 1
3781 0
7351 0
3045 0
5570 1
1212 0
5941 1
2605 1
5858 0
7351 1
5915 1
7351 1
8412 0
6196 0
5593 0
7351 1
1875 0
8337 1
1480 0
7351 1
7351 0
7351 0
1203 1
7351 0
7351 0
6266 0
4631 1
7351 1
9240 0
5222 1
9873 0
7351 1
4536 1
4550 1
2650 1
7351 0
5978 0
6144 1
6037 0
5277 0
7351 1
7351 0
7351 0
7973 1
8970 1
1679 1
9644 0
1629 0
7182 1
6545 0
7351 0
6277 1
1621 1
7389 0
1972 1
2363 0
8765 0
4091 0
4395 0
7196 0
3386 1
6501 0
7351 1
4235 1
7351 1
7351 0
9974 0
5343 1
6708 0
6055 1
2585 0
4659 0
6670 0
3710 1
7351 0
1900 1
7856 0
3528 1
4317 0
8197 1
3825 0
5649 0
7211 1
5275 0
7351 1
7351 0
7351 0
7453 1
2513 1
5619 1
7351 0
7351 1
6401 0
7351 0
7351 1
2336 1
5140 1
7351 1
9472 1
7351 0
9240 1
7351 0
7455 1
7383 0
3785 0
8539 1
1505 1
5099 1
7351 1
6003 0
7351 1
5778 1
5206 0
9013 1
7351 1
6910 0
4525 1
7367 1
7351 0
8613 0
8840 1
6252 0
8382 0
7351 1
9044 0
9804 1
7351 1
8746 0
3529 1
8481 1
7351 1
4209 1
7351 1
6112 0
6468 1
8182 1
3009 1
7351 0
5758 0
8069 0
5959 1
7231 0
1440 1
5671 0
5878 0
3917 0
7352 1
1591 0
7351 0
7351 1
7351 1
1118 0
3972 1
5930 1
2859 1
4901 1
9764 0
3809 0
8863 1
8076 1
6545 0
6800 0
4674 0
6263 0
7351 0
7351 1
3989 0
3753 0
3914 0
2778 0
7206 1
7351 1
8366 1
2780 1
4985 1
6422 1
2761 0
7351 0
2109 0
2376 1
7351 0
1047 0
7351 0
6226 0
5033 1
4083 0
7351 0
9183 0
7351 1
7351 0
1546 0
2922 1
6076 0
3788 1
1603 1
5321 0
7351 0
8836 1
7351 1
7351 0
2504 1
5865 1
4868 1
9475 1
2482 1
7351 0
7351 1
4057 0
1025 0
2834 0
3827 0
7351 1
8293 0
9208 1
5487 0
7351 1
5929 1
4665 1
7351 0
2946 0
5116 0
3237 1
2537 0
7182 1
6390 0
8230 0
9479 1
2660 0
4579 0
2722 0
5659 0
9674 1
6836 0
4537 0
9124 1
7351 1
4491 1
8688 0
1012 0
4652 1
7351 1
7351 0
4940 0
7353 0
5914 1
7351 1
7351 1
7883 0
7351 0
4132 0
7351 0
6374 1
7351 1
7351 1
7385 1
9674 0
7351 0
7351 1
7351 1
3265 1
3889 1
7679 0
7351 1
7351 1
6761 1
8501 0
7351 1
7385 1
2549 1
1957 1
1028 0
4335 1
3285 0
2753 0
1454 0
7351 1
8921 0
2160 1
4074 1
7351 1
4585 1
7351 1
8351 1
2929 0
7623 1
2281 1
5349 0
7351 1
8361 1
7351 0
6923 0
6680 1
3140 0
7843 1
7351 0
2642 1
7351 1
8101 1
6614 1
1908 1
5840 1
2763 1
5795 0
5288 0
3131 0
9256 1
1355 0
6384 1
7351 1
8561 0
7351 0
2680 1
7351 0
8751 1
8409 1
4204 1
3603 1
1997 0
3288 1
7351 0
4619 1
1459 0
7351 0
2724 0
7351 1
8458 0
9823 0
9830 0
6393 1
9467 1
5507 1
7351 1
7123 0
7351 1
7206 1
8966 0
7424 1
7248 1
4430 1
7351 1
7351 1
1537 0
5654 0
3417 1
7351 1
7351 0
1347 1
3738 1
5013 0
3080 1
7351 0
2724 0
8367 0
7351 1
7351 1
3361 0
3579 1
4706 0
7448 0
7614 1
8732 0
7351 0
7351 1
7351 0
1723 0
4945 1
9500 0
9679 1
1912 0
8327 0
1872 0
8314 0
1242 0
4398 1
4292 0
7351 0
5455 0
7572 0
7351 1
9353 1
7351 0
5758 0
9432 0
2681 1
7351 1
8417 1
6381 1
8291 1
7052 1
5493 0
7351 0
2257 0
7015 0
6447 1
7351 1
8024 0
6441 1
7351 1
4821 0
4679 0
7351 0
4561 1
4687 0
4388 1
5537 1
7682 0
5706 0
8500 1
7675 1
5141 1
6011 1
2375 0
7351 0
8448 0
7351 1
1517 0
8199 0
1258 0
7351 0
2998 1
8393 0
5820 1
7069 0
3113 1
7913 1
9484 1
6923 0
5765 0
7351 0
9614 1
7351 1
3981 1
7351 1
9486 0
1092 1
7351 1
7351 1
9085 0
3360 0
7351 1
5321 1
7351 1
5212 1
8194 0
7351 1
4394 0
4486 1
4127 0
8298 1
8516 1
9333 0
7351 0
2165 1
6377 0
1923 1
2623 0
7351 1
2874 0
3354 0
7351 0
2933 1
9031 0
6868 0
8033 1
7351 0
1818 0
8461 1
6849 0
6076 0
8430 1
3786 0
6659 1
6217 0
6781 1
7351 1
2058 1
1096 0
1757 1
7351 1
6596 0
7351 0
2510 0
2522 0
7351 1
7766 0
2425 0
9464 0
5674 1
9344 0
9864 0
3812 0
2542 1
7351 1
1370 1
1935 0
4763 1
1535 1
5717 0
7348 1
9737 0
6441 1
3877 0
9122 0
7351 0
4783 1
6764 1
7351 1
7351 1
8739 1
3609 1
6823 0
7253 1
7848 0
7338 0
3534 1
4670 0
1434 1
4057 1
9706 1
7351 0
7351 1
3023 0
7351 0
1162 1
7351 0
2626 1
9853 1
1644 0
2247 1
8747 0
2338 0
7538 0
6913 0
3541 1
7351 0
3501 1
5232 1
7689 0
6773 0
8501 1
7775 0
7351 0
5650 0
7351 1
7523 0
1347 1
3848 0
5433 1
9474 0
3600 0
8453 1
6228 1
3094 1
8540 0
7351 0
7608 0
4491 1
6616 0
7351 1
8310 1
7351 0
6481 1
7351 0
7351 0
8742 1
7351 1
4932 1
7351 1
1055 0
7106 0
8590 0
6900 1
5163 1
1878 1
1174 1
8917 1
3552 0
7351 1
9881 1
9617 1
7351 0
7351 0
3581 0
9170 1
7351 1
7351 0
6722 1
7351 1
4895 1
8531 1
7351 0
7351 0
7309 0
7351 1
7351 0
3362 1
1680 0
9876 0
3950 1
5942 0
1485 1
6626 1
8458 1
3120 1
6257 1
9328 1
7351 1
4726 1
7330 1
7012 0
7351 0
3865 1
7351 0
1259 0
9480 0
6405 0
8096 0
7588 1
8667 0
3349 1
6713 0
1617 1
7866 1
8656 0
3037 0
6723 1
3570 1
2293 0
7275 1
9392 0
5244 0
3475 1
7351 0
9828 1
5198 1
7351 1
1683 0
4254 0
2899 0
6526 1
5918 1
7351 0
5525 0
7594 0
7422 0
8972 1
2725 0
3086 1
8150 0
1210 0
7351 1
3234 0
7351 1
5369 1
2963 1
6737 1
3062 0
4787 0
6873 1
2375 1
8937 1
6870 1
6891 1
3725 0
1716 0
6778 1
7351 1
2015 0
5537 0
2197 1
5284 0
9542 1
8791 1
7884 1
2346 1
5124 0
7351 0
7351 1
6111 0
8001 0
9198 0
1834 0
1376 0
7351 1
3521 1
4671 0
6537 0
5181 0
7351 1
7351 1
3890 0
1879 0
4538 1
7351 1
6838 1
3373 1
7351 1
6354 1
7351 1
2221 1
6880 1
7507 0
6887 1
8692 0
1868 1
7706 0
7351 1
3113 1
7351 1
8904 0
7351 1
7351 1
6011 1
7305 1
7351 1
7351 1
1390 1
7351 0
7351 0
6155 0
2698 0
7660 0
6697 1
2264 1
4577 1
7351 0
5055 1
8654 1
7351 0
7584 1
7351 1
1695 0
6890 0
1486 1
2689 1
8904 0
9777 1
7351 0
3383 1
2243 1
6179 0
3622 1
2764 0
8567 1
2066 0
7351 0
9213 0
8990 1
1174 1
7351 1
2675 1
5206 1
7829 1
6945 1
7351 0
8943 1
9252 1
8465 1
4807 1
4981 0
7351 1
8075 0
9634 1
7463 0
1760 0
6273 1
2852 0
1613 1
9896 1
5599 0
3828 0
5399 0
7351 1
7351 0
7943 0
8703 0
7351 0
2422 0
1280 1
7351 1
6335 1
9002 0
8068 1
2562 1
5690 1
9985 0
8689 0
3665 0
6846 1
7991 0
7351 1
2457 1
8413 0
7351 0
7358 0
9401 1
9386 1
7351 1
1967 1
7351 0
4113 1
2799 1
7351 1
6103 0
3359 0
7351 1
3080 0
7351 1
1786 1
6214 1
7351 1
2328 0
1089 0
7870 0
4460 1
8464 1
7351 0
7351 1
7351 0
5731 0
8766 1
5727 0
5752 0
7351 1
9893 1
7351 1
7351 1
8711 1
7351 1
9880 0
9268 1
7351 0
5483 0
1210 0
3315 0
5910 0
8147 1
7351 1
6849 0
3121 0
7351 1
7351 1
7874 1
7351 1
7351 0
7299 0
7351 0
3562 0
9060 1
7351 0
2234 1
7351 1
6110 1
8159 0
3385 1
6978 0
4397 1
5058 1
4972 1
7351 0
7351 0
5698 0
1830 1
4293 0
7351 0
1865 1
4502 1
7089 0
7576 0
7582 0
5074 1
4411 0
4981 0
4433 1
7351 1
7351 0
7351 1
2954 0
7351 0
2109 1
2435 1
7351 0
7158 1
7921 1
2903 1
6336 1
9357 1
3233 0
7351 1
7351 0
6418 1
7351 0
9855 0
8161 0
7351 0
7351 1
7351 1
7351 0
4115 0
7351 0
8970 1
1509 1
6745 1
7351 1
5245 1
4368 0
7351 0
4456 1
8147 0
5526 1
2262 0
7584 1
7351 0
4079 1
7351 0
7351 1
1457 1
6856 1
6581 1
7351 0
3698 0
7351 1
3118 1
7055 0
7351 1
9387 0
2675 0
6561 0
4815 0
7351 1
2627 1
7957 1
2461 1
1932 0
7351 1
4436 0
1176 0
9203 0
5764 0
6931 0
7613 1
6854 1
7351 0
7351 0
9677 0
7806 1
7351 0
2882 0
3845 0
9875 0
7351 0
6852 1
9740 0
7141 1
9173 1
7351 1
5468 1
8252 1
1135 0
7351 0
7351 1
6846 1
7572 0
5911 0
1105 1
7351 0
7351 1
2051 0
2412 0
1368 1
7351 0
4009 0
7920 0
7351 0
2826 1
7351 0
7351 1
9329 0
7351 0
2287 1
7351 0
5029 0
7706 0
8067 0
3339 0
2849 1
7351 0
4089 1
2124 0
2360 0
7351 0
9604 0
1986 0
8692 0
7351 1
9322 0
2872 0
7351 0
1162 1
7885 0
7747 0
8511 0
5468 0
7351 0
5626 0
7351 1
7850 1
1133 1
7913 1
8075 1
3312 1
7411 1
5923 0
1391 0
4197 1
5695 1
7351 0
5597 1
2278 1
7351 0
4347 1
7351 1
7351 1
4851 0
5153 1
3034 0
5317 1
5692 0
6566 1
7351 1
7351 1
4572 0
7351 1
7556 1
7979 0
4325 0
4766 0
7351 0
5931 1
7363 0
4393 0
9053 0
3625 0
5136 1
8779 0
7351 1
4545 1
8311 1
6715 0
7100 0
4474 0
1257 1
7351 1
7351 1
6674 1
2563 0
2784 1
7351 1
4483 1
4978 0
7756 1
7898 1
2433 0
2373 1
2290 1
3695 0
7351 1
1272 1
3954 0
7351 1
3034 1
9790 0
7689 0
9122 0
7351 0
7351 1
8697 0
8275 0
9868 1
9737 1
1441 0
3475 1
7351 1
2783 0
6360 1
8144 1
6475 1
7027 1
6068 1
8029 1
7648 0
7351 0
9855 1
9473 1
7351 1
8585 0
6729 1
7351 1
6804 0
9434 0
2933 1
2520 1
2549 1
7351 0
3177 1
7351 0
4816 1
8014 0
4166 1
7351 0
2018 1
3524 0
7351 1
5041 0
1993 0
7351 0
9801 0
5866 0
7351 0
6201 1
6530 1
3444 1
7351 1
8790 1
7351 1
7351 0
7351 1
7351 0
1252 0
9045 0
8178 0
1731 1
7261 0
9706 0
2773 1
7351 0
2873 0
7351 0
2801 0
3053 0
8450 1
7351 0
3737 1
4375 1
2004 1
8734 0
5255 0
4480 0
5522 0
7351 1
3733 1
2184 0
5164 0
7351 0
3307 1
7351 0
7351 0
8740 1
3744 0
8360 1
7351 1
7351 1
4081 1
7351 1
5632 0
1916 0
4224 1
4888 1
6934 1
7351 0
9264 0
6283 0
3983 0
4417 1
7351 0
7351 0
7351 0
7351 0
7351 0
2939 0
7351 0
4367 0
6646 0
4638 0
3624 1
6028 0
7868 1
9044 1
4784 0
1101 1
1305 0
4796 1
3579 0
7351 0
1570 0
1680 1
5206 0
8471 1
1905 0
5517 1
7351 0
7351 1
7351 0
2610 0
2514 0
6056 1
9574 1
9121 1
3887 1
7351 0
7351 0
9061 0
5931 0
7988 0
7351 0
7351 0
7351 1
7351 0
7351 0
3549 1
7716 1
1355 1
4899 0
1312 0
3596 0
7936 1
4886 1
7351 0
7351 0
6004 0
7351 1
1052 0
7351 1
5984 0
2466 0
6478 1
8084 0
9485 0
4891 0
7307 0
9664 0
7351 1
7351 0
7012 1
9348 1
1814 1
7292 0
5377 0
2214 1
3457 1
9765 0
6781 0
2350 0
6894 1
5415 1
8165 0
3808 0
7351 1
2164 0
7351 1
3265 1
9382 1
7351 1
5587 0
7886 0
1280 1
7351 1
7351 0
7148 1
7442 0
7351 0
9825 0
7351 0
7070 1
9586 1
4452 1
7351 0
7351 0
8504 0
3365 1
9386 1
2352 1
6775 0
4463 1
7885 0
7471 1
7351 1
7351 0
4820 1
9677 1
3042 0
8780 1
1132 0
6907 1
7722 0
2960 0
6783 0
5059 0
7546 1
2477 0
7486 0
5427 0
7351 0
7351 1
7351 0
7351 1
8908 0
4828 1
7372 1
1521 0
2138 1
7351 0
7351 1
7351 1
4292 1
7351 0
1604 0
5274 1
8586 1
1311 1
6235 0
7351 1
7351 0
1560 0
7863 0
9594 0
4066 1
2023 1
6297 0
7351 1
7351 1
6707 1
3816 1
1912 0
8824 0
4040 1
3634 1
6700 0
7723 0
1372 0
7351 1
9107 0
1198 1
5154 0
6760 1
8504 0
6211 1
7351 1
1549 1
5624 1
5997 0
4956 0
5462 0
7351 0
9330 0
7351 0
3903 1
7765 0
5262 1
5811 1
1435 0
7351 0
7534 1
2512 1
6689 1
7351 1
2272 0
7351 1
8718 1
5447 1
2025 0
7351 1
5214 1
9377 1
1026 0
5431 1
7351 1
3577 0
7351 0
6341 0
7351 1
8679 0
7351 1
7351 1
7518 0
6895 0
7351 1
3738 1
9094 0
2672 0
7351 0
7351 1
3420 0
2100 0
7553 0
4864 1
9521 0
7617 0
1356 1
6802 1
8474 0
8996 0
9734 0
3487 0
7351 1
6347 0
1100 1
7351 0
6665 0
7021 1
3824 1
8650 1
4999 1
7351 1
6986 1
9803 0
7351 0
7351 0
5965 0
1930 0
1173 1
3994 1
2813 0
7351 0
7953 0
7351 1
5249 1
7351 1
7670 1
1272 1
1974 1
4699 0
3074 0
3109 1
5338 1
7351 1
7351 0
3077 0
7245 1
7351 1
1380 1
9354 1
4368 1
1443 1
7351 0
7351 0
7790 1
7434 1
6764 0
7351 0
1333 0
3982 0
5072 0
8182 0
7351 0
7139 0
9591 0
7351 0
7285 0
4319 0
3423 0
3757 1
7351 1
1625 0
7351 0
1926 0
4524 1
7935 1
3359 1
6996 1
7351 0
3794 1
2820 0
6376 0
7351 1
7351 0
6210 1
7096 1
7658 0
3145 1
2434 0
6819 0
7351 1
9270 1
8413 1
4894 1
9146 1
7351 1
9880 1
7538 1
9684 1
7351 0
8015 1
3400 1
2670 0
7351 0
7130 0
7352 0
1136 0
1016 1
4907 0
4591 1
3061 0
4703 1
5958 0
7351 0
2432 0
3762 1
1590 1
1096 1
5687 0
4002 1
7351 1
6842 0
1545 1
3855 1
8853 0
6406 1
7351 1
4279 1
7351 1
7351 1
9204 0
6949 1
2901 1
1426 0
7572 1
2363 0
4937 0
7351 0
5091 1
1091 0
5022 1
2791 0
6988 1
2731 1
8019 1
7162 1
2510 0
9617 1
7351 1
6869 0
3206 1
7351 1
5467 0
7351 1
1880 0
5289 1
6271 1
5968 1
6955 0
5567 1
7351 1
9354 1
9382 0
7351 1
8669 0
6901 0
8542 1
7351 0
7617 0
9988 1
9479 1
7531 0
4237 1
9971 1
7351 0
7351 1
7351 1
3782 1
7351 1
7782 1
7565 1
1654 1
9311 0
6757 1
2550 1
9648 1
3528 0
8755 0
7153 0
2558 1
4581 0
1296 0
6490 0
9215 1
9882 0
4169 0
8628 0
8971 1
9449 0
6517 1
7351 0
9344 0
7043 1
7351 1
7351 1
7351 1
4250 1
9272 0
5174 1
8832 0
7351 0
1681 1
6789 1
4471 1
7832 1
6936 1
9734 1
6849 0
3060 1
8019 1
8808 1
3418 0
2976 1
7351 1
2324 1
8139 0
5314 0
2731 0
3559 0
3778 1
8712 0
8809 0
7351 0
7784 1
3368 0
1249 0
5538 1
5110 0
3216 1
5480 1
3374 1
8432 1
6002 1
8151 0
9601 0
7351 0
7564 1
3604 1
8944 0
7731 0
7351 1
9898 0
5682 0
1685 1
8836 1
8437 1
8164 1
6155 0
4078 0
1016 1
2177 1
5042 1
8325 0
5538 1
5269 1
9435 1
5636 1
8402 0
2124 1
3791 1
9541 0
7351 0
3582 1
2018 1
7351 1
6625 0
7351 0
8042 1
2991 1
1401 0
5746 1
9071 0
8900 0
2482 1
9852 0
7343 0
6495 1
5747 1
7351 1
3303 0
4583 0
7351 0
7351 0
9594 0
2185 0
9594 0
3007 1
8397 0
7351 0
8957 0
6630 0
2056 1
7351 1
7920 1
7351 0
4519 1
5265 1
1859 0
8552 1
6532 0
2842 0
5824 0
6881 0
5462 0
9639 0
7351 0
5347 1
7351 0
7351 0
7351 0
7351 0
7351 1
7351 0
7006 1
3369 0
7351 1
7958 1
7597 1
6909 1
2872 1
5020 1
7526 0
7351 1
2712 1
7351 0
9535 1
3032 0
9990 1
7588 1
7351 1
7351 1
6707 0
6935 0
5875 0
7351 0
7351 1
7351 1
7351 1
2019 1
1049 0
2943 0
6999 1
3268 1
9743 0
7123 1
5512 1
5612 0
8135 1
7351 0
5404 1
7350 1
4236 1
8323 0
6133 1
8037 1
8914 0
1935 1
6821 0
6836 1
7871 1
3658 1
7351 1
6213 0
5669 1
3745 1
7351 0
5438 1
7351 1
7351 0
4869 1
5502 1
7891 1
4982 1
5309 0
1311 0
5095 1
1619 1
6058 0
2431 1
1978 0
7362 0
7968 1
2233 1
7351 0
1195 0
1567 0
7351 0
4004 1
9062 0
7351 1
4895 0
1410 0
6647 0
6354 0
8199 0
8394 0
6313 0
4701 1
6284 0
5200 1
4485 0
5360 0
7351 1
5515 1
7351 1
7351 1
1901 1
2788 0
7351 1
4977 0
7351 1
3972 0
7458 1
7351 0
5684 0
7551 1
7351 0
7351 1
4389 1
6177 1
2236 1
7351 0
1201 1
6980 1
2467 1
7351 0
2838 0
7021 0
9509 1
3899 0
6428 0
7665 1
3291 0
7645 1
6964 1
4311 1
1046 1
4333 0
7187 0
6602 1
2976 1
2609 0
6830 0
8604 1
7351 1
9195 0
7351 0
7858 1
7351 0
1790 1
2124 1
7882 1
7351 0
8757 1
7351 1
7351 0
9276 1
5824 0
2498 0
7490 1
8820 1
7351 0
6261 1
6922 1
3896 0
7351 0
4216 1
9845 0
5669 0
4519 1
2009 0
7351 1
6637 1
2898 0
7351 1
5128 1
8476 0
7351 1
7423 0
7542 1
7351 1
6003 0
7351 1
3621 0
7351 1
5266 1
7791 1
4213 0
8983 0
2862 1
8969 1
7351 1
9979 0
3771 1
3744 0
6953 1
7433 1
7351 0
2325 0
7660 0
6874 0
3196 1
2553 0
6914 0
6767 0
5213 1
8493 0
7351 0
5495 0
7351 1
7351 0
7351 1
6218 0
9021 0
7351 0
2206 0
7351 0
7351 0
7541 1
7351 1
6551 0
4913 0
5117 0
2910 1
7351 1
7351 0
9581 0
1787 0
6113 0
5653 0
1037 1
3940 1
7351 1
4622 0
3905 1
8405 0
7351 1
8105 1
7351 0
3890 0
7351 1
9956 0
7351 1
4693 1
2546 0
7351 1
4145 0
2550 0
4478 1
3093 1
8607 1
8071 1
7351 1
4385 0
8078 1
9624 0
1493 0
3595 0
2565 0
7351 0
8277 0
4236 1
8659 0
4038 0
7351 1
5374 0
2350 0
2844 1
2791 1
4357 0
6431 1
3015 0
3351 1
6155 0
4839 0
7351 0
7351 1
7351 0
8846 0
7351 1
4068 1
9674 0
4081 1
3202 1
2601 0
7351 1
3524 1
6200 1
7132 1
7351 0
4705 0
7351 1
5219 1
6029 0
8855 0
7351 0
4834 1
4075 1
6521 1
7351 0
2364 1
7351 0
9614 0
6607 1
6307 0
6654 0
8826 0
7351 0
1263 1
7351 0
5078 1
8412 1
5076 1
7351 1
3919 0
7351 1
4990 0
7820 1
3035 1
7318 0
6251 1
7681 0
6093 1
1169 0
2212 1
6215 1
6524 1
9840 0
7351 1
9326 1
1862 0
7351 1
1553 1
6646 0
4168 0
2732 1
7351 1
7351 1
7351 0
8016 0
4701 1
9892 0
7351 0
1309 0
9721 0
5581 1
8996 1
4091 1
9940 1
6180 0
3336 1
6091 1
9115 1
6012 0
3463 1
3912 1
4881 1
4934 0
7351 1
7351 1
7351 0
7601 0
8144 1
5931 1
6098 1
5392 0
7950 0
9124 1
5583 0
7235 1
7351 1
5444 0
6045 1
2736 1
4895 0
3067 0
1053 1
7351 0
6412 1
7351 1
3383 0
4267 1
6064 0
7351 1
7600 1
9094 1
4039 0
3377 1
7351 1
9953 1
7185 0
9569 0
1188 0
3604 0
2065 1
8615 0
3708 0
7220 1
8137 0
1007 1
7351 0
5408 0
9710 0
1412 0
6264 1
7351 0
7351 1
9970 1
1187 1
7351 1
8290 0
7351 1
7351 0
2432 0
7351 0
9251 1
4170 1
6506 1
4810 0
5821 0
7351 1
9053 0
7351 1
8674 1
2836 1
7351 1
4495 0
3700 0
8670 0
4785 0
9870 0
3494 1
7351 1
4437 0
3111 1
4947 0
2072 0
1096 0
6994 0
9399 0
6613 1
3353 1
9498 0
4473 1
6358 0
5897 1
9713 0
5375 0
1090 1
7351 1
5770 1
3620 0
1115 0
8683 1
4336 0
5804 1
2220 1
6060 0
7348 0
8279 1
5961 1
7351 1
7678 0
8956 1
4373 0
8570 0
5007 1
4048 1
8099 0
7351 1
8595 0
7351 1
7351 0
3635 1
7351 0
9237 1
9376 0
6550 1
3009 1
4818 0
7352 0
8054 0
1399 1
4383 1
2398 1
7351 0
7693 1
2861 0
7351 0
7351 1
1691 1
6817 0
7351 1
5322 1
5817 1
1182 0
7971 0
8702 1
7351 0
3010 1
3027 0
3718 0
7351 0
2965 1
7351 1
7351 0
5887 1
9675 0
5224 0
7465 0
2568 1
5683 0
2869 0
6450 0
8415 1
9406 1
6215 0
3207 0
1874 0
1891 1
1772 1
7351 1
6618 0
7351 1
1394 1
7351 1
1917 1
4733 1
2891 0
1576 0
6989 1
7351 1
6664 1
6090 0
1034 1
7780 0
1293 1
3213 0
7351 0
2155 0
9084 0
6073 1
9528 0
7160 1
7762 1
7351 1
8605 1
7351 0
8271 1
7535 1
7351 1
4586 1
9645 0
7351 0
3761 0
2228 0
7513 0
1344 1
1437 0
7351 0
2073 0
1401 1
4987 0
1984 0
3313 1
2989 0
6103 1
3689 1
3585 1
8731 1
9692 1
4169 0
6612 0
7351 0
3366 0
2878 0
7351 0
8443 0
7351 1
4842 0
5252 1
8075 1
8198 1
1664 1
5304 1
5023 1
6901 1
6235 1
7733 1
3541 1
7351 1
7351 1
8823 1
7351 0
6986 0
7569 1
6191 0
7813 1
5423 0
7828 0
8719 1
8031 0
7145 0
9456 0
7351 0
7351 1
5994 0
8537 0
7351 0
4881 1
6971 0
1715 1
4602 0
5589 1
8047 1
2232 1
7351 1
3174 1
8063 1
7351 0
7351 1
8965 1
5663 0
9193 0
1176 1
7351 1
6306 1
4801 1
7736 1
9023 0
6183 0
7225 0
5238 1
7351 0
7351 1
7351 1
6327 1
3349 1
7351 0
1525 1
9832 0
7203 1
5339 1
5015 0
3241 0
7393 1
4880 1
8311 1
5401 1
6292 1
2271 1
6273 0
7351 1
7351 1
9907 1
9500 1
6893 1
8125 0
3789 1
8190 1
4482 0
5753 1
7351 0
