2034 4779
4047 1
3264 1
6975 1
7717 1
4779 1
9703 1
8988 0
2851 1
4779 1
1603 1
4636 0
5035 1
4651 0
7978 1
5696 0
3919 0
9814 1
3462 0
9447 0
3274 1
7432 1
4779 1
8955 1
3597 0
3137 1
9453 1
4779 1
3034 0
2848 0
8647 1
8273 0
4779 1
6376 0
5331 1
7929 0
4779 0
9993 1
3213 1
2599 1
4779 1
9187 0
1302 0
1550 1
6927 0
2258 1
6539 1
3957 1
4779 1
3981 0
2933 1
3732 1
9531 0
1955 0
5436 1
4779 0
4779 1
3838 0
4612 0
5380 1
8362 1
7647 0
1379 0
7262 0
8217 0
3654 0
6120 0
5318 0
4779 0
4779 0
9789 1
4779 1
4779 0
6377 1
5073 1
4779 1
4779 1
2074 1
4779 1
4779 0
3158 0
4779 0
2032 1
9790 1
3486 1
4779 1
2374 0
8518 0
1231 0
4779 1
4779 1
2642 1
2284 1
4779 0
4413 0
7334 0
5408 1
9734 1
6052 1
4779 1
4779 0
1435 0
3874 0
4779 0
6373 0
4779 0
4506 0
4023 0
2384 1
2119 1
6724 1
5208 1
5644 1
4779 0
6892 0
3265 0
4779 1
4110 1
4485 1
3221 1
4779 0
7978 0
7718 1
5795 1
7519 1
4411 0
6676 0
2255 0
4779 1
4770 0
4343 1
5036 0
4779 0
6634 1
2429 0
4779 0
4011 1
4779 1
5888 1
5380 1
4779 1
4478 1
4204 1
4304 1
9454 0
7605 1
4022 0
4385 1
7614 1
4779 1
2476 0
7300 0
4779 1
9300 0
4779 0
4257 0
3680 0
4506 0
6225 1
4779 1
7031 1
3477 1
7743 1
4779 0
5459 0
3371 1
3981 1
6661 1
4779 1
7049 1
4779 0
5077 1
5187 1
4779 0
5666 0
8460 0
8463 1
4779 1
9523 0
4779 1
4139 0
4236 1
4779 0
5902 1
4393 0
4779 1
4779 0
8312 0
4127 0
1788 0
4779 1
4779 1
3956 0
4779 0
7469 1
3371 0
4116 0
1095 0
4779 1
1976 0
2566 1
5763 0
4779 1
6598 1
4178 0
4779 1
3256 0
8233 0
7183 0
4779 1
3327 1
9646 0
5105 1
2381 0
5331 0
4779 1
4779 1
5959 1
7894 0
8504 1
4779 1
4779 1
4779 0
6966 0
8423 1
4779 0
6253 1
7410 1
4759 0
1716 1
5906 1
1984 1
6904 1
7348 0
2234 1
5325 0
3201 1
4452 1
5864 0
4779 0
9637 1
3909 1
1592 1
7179 0
1100 0
4779 1
3926 1
6127 1
6931 0
9147 1
8734 1
7289 0
4779 0
4280 0
7812 0
7912 0
5975 1
7363 0
4779 0
1020 0
6519 1
2605 1
8895 1
4861 1
7323 0
8716 1
8496 0
7194 0
4779 0
4779 0
4428 1
9948 0
2553 1
1448 1
4779 0
4779 0
1624 0
8947 0
4953 1
4779 1
4779 0
7008 1
2701 0
1838 1
4779 1
7708 0
6722 0
5708 0
9761 1
9663 1
6759 0
7997 0
9749 1
4387 1
5074 1
4779 1
8161 1
4779 1
4779 0
6580 0
9097 1
8646 1
1551 0
6817 1
4779 0
2098 1
4779 1
2832 1
3065 0
4779 1
4746 1
4779 1
3322 0
9547 1
4769 0
6093 1
8155 1
5292 0
4779 0
4779 1
2054 1
4164 1
4779 1
4779 1
1406 0
2241 1
5414 1
4779 1
6964 0
4779 0
4779 1
4779 0
4779 1
4135 1
4028 1
4779 0
1695 1
5937 0
4779 0
7756 1
7457 1
5238 1
4779 1
6564 1
6027 0
6006 0
2006 0
2701 1
7638 0
8938 0
9047 0
4779 0
6810 1
7105 0
2740 0
1510 0
3308 1
6923 0
1112 1
4779 0
4779 0
3463 0
7683 0
4494 0
4779 1
2082 0
2591 0
5458 1
4779 1
1054 1
5747 1
1447 1
4779 0
9109 0
4779 1
4779 0
6743 0
3787 1
4779 0
3634 1
2965 1
1518 1
4779 1
8492 1
8754 0
6700 0
5492 0
8588 1
4779 1
4779 0
9243 1
5133 0
1078 1
8123 0
3967 1
4779 1
8991 0
9394 0
1597 0
5737 0
8053 1
1356 0
5625 1
1412 0
4779 0
4779 1
4779 0
8206 1
3108 0
9123 1
4779 1
4779 0
4779 1
6745 0
2128 1
6590 1
3878 1
4134 1
3463 1
4918 0
6639 1
8271 1
7485 1
4407 0
2014 1
4779 1
4319 1
6597 0
1034 0
4779 0
2182 0
5174 1
4779 1
5342 1
3245 0
1499 0
8431 0
9103 1
5700 1
3086 1
8468 0
5954 0
4779 0
4779 1
9294 0
2540 0
4779 1
7761 0
6223 1
5352 1
5635 0
3183 0
5617 1
3225 1
9630 1
4319 1
6049 1
4779 0
4779 0
1403 0
3108 1
7743 1
7278 0
2895 1
5120 0
4779 1
3797 0
6442 1
4779 0
4779 1
4779 1
4779 0
4512 0
4779 0
8962 0
3041 0
6627 0
5671 1
4779 0
6125 0
2945 0
3946 0
4779 1
2509 1
7729 1
6691 0
4779 1
4779 0
4779 0
4735 0
3203 1
4465 0
1557 1
3337 0
7646 1
4779 1
1868 0
4779 0
4779 1
8806 1
4779 1
4779 0
4779 1
4779 0
4779 0
2765 0
4779 1
4485 1
7881 1
6101 1
9327 1
4779 1
4226 0
2414 0
2806 0
4779 0
5802 0
2106 1
5591 0
4779 0
6179 0
7914 1
5038 1
8264 1
4779 1
6793 1
6473 1
8627 1
4779 1
5503 0
1899 1
7078 1
2344 0
6383 1
1999 0
8030 0
6867 0
4779 1
5324 0
5057 1
4779 0
4779 1
3626 0
7839 0
8538 1
2207 1
1933 1
2156 1
4779 0
8269 0
4779 0
9681 0
4779 1
3259 0
4779 1
5166 1
7864 1
2561 0
4288 0
6587 1
2309 0
9198 1
8879 1
2077 1
4779 1
6429 0
8564 0
2894 1
6726 1
6368 1
5475 1
4779 0
4779 0
2101 0
4779 0
9880 0
4779 1
1184 1
4779 0
4338 1
7416 0
1136 1
5612 1
7464 1
4779 1
5886 1
2197 1
1761 1
8297 0
2360 0
8061 0
5448 0
4779 1
5580 0
3044 0
9495 1
2762 0
4910 0
9909 0
4779 1
5108 1
3170 0
4779 0
4779 0
1490 0
4779 1
4779 0
4779 1
8081 0
5419 0
4779 0
4576 0
6069 1
4779 0
9540 1
7836 1
5678 0
4715 0
4007 0
8440 0
1211 0
7433 1
7404 1
8835 1
9788 1
4779 1
9043 1
4779 1
4779 0
4779 0
4092 0
4779 0
2223 0
4779 1
7317 1
4779 1
4779 0
4779 0
4396 1
9792 0
3903 0
3415 1
6507 1
1473 0
7517 0
1400 1
2837 0
2307 1
9406 1
6620 1
4978 1
2900 0
8689 0
3843 1
9220 1
7958 1
4779 1
4779 0
4779 1
6999 0
5589 0
4779 1
4779 1
7880 0
4779 1
3035 0
2738 0
9717 0
6993 1
9450 1
1867 0
4779 0
3866 1
8846 0
6726 0
9647 0
3764 0
4779 0
5057 1
4779 1
1923 1
9461 0
4779 1
3936 1
1559 1
9632 1
3846 0
6448 0
4436 1
4779 1
7228 0
4779 1
6698 0
6079 1
6367 0
6926 1
3910 0
4109 1
4779 1
1469 1
4779 1
9370 0
5655 1
4779 1
6658 0
1899 1
4779 0
4193 0
4779 0
7801 1
7358 0
4779 1
6645 1
6915 0
4779 1
6542 1
1326 0
7830 0
8611 0
3303 0
4779 0
6890 0
9494 1
4779 0
5738 1
3574 0
4779 0
2220 1
1595 1
4779 0
4779 0
9244 0
6700 1
4779 1
9631 0
3123 1
8882 1
4779 1
6076 0
9223 0
7552 1
4493 1
1089 0
4141 1
4656 0
9337 0
3076 1
4779 1
8443 1
8297 0
8130 1
2959 0
3700 1
4779 0
4779 1
7563 0
7670 1
9899 1
4779 1
1457 0
6119 0
4779 1
3641 1
7001 0
7454 0
1894 1
4779 0
6634 0
4779 1
4856 1
2647 0
4113 0
9997 1
3639 0
4779 0
4779 0
9346 0
3477 0
4131 0
2699 1
3907 0
2906 1
6019 1
6017 0
4779 0
9965 0
2163 1
4779 1
1537 1
4779 0
4036 0
1103 1
7913 0
4779 0
7025 1
4953 0
3531 1
4893 0
2953 1
3491 0
4779 1
8776 1
6231 1
4779 0
2560 0
5938 0
7243 0
7127 1
2020 1
1326 0
4779 1
7576 0
3704 0
8935 1
9431 0
6904 0
4779 0
2896 0
9023 1
1043 0
7721 0
7890 0
8923 1
4779 1
2367 0
8151 0
4779 1
4779 0
5332 0
4135 1
4779 0
8998 1
4779 0
2351 0
1274 1
8517 1
3643 0
4779 1
5091 1
7568 1
1155 0
3563 1
2561 0
5735 0
9399 1
1884 1
4779 1
6347 0
9800 0
6158 1
4199 1
4779 0
4779 1
6402 0
2612 1
6526 0
1713 0
4418 0
7117 0
6918 0
4779 0
4779 1
7869 1
2521 0
4779 1
4779 1
5579 0
9921 1
6148 0
2760 0
3908 1
4779 0
4779 0
8841 0
4327 1
4779 1
4779 1
4779 1
9027 0
4779 1
4355 1
5604 1
3971 1
8255 1
6672 0
4779 0
5627 1
3087 1
6535 1
4779 0
9593 1
4779 0
4779 1
1225 1
4779 0
1835 0
7507 0
2575 1
4099 1
4779 0
2819 1
4733 0
2949 0
2613 0
4779 1
8848 1
9683 1
4779 1
8449 0
2646 1
4779 0
4779 1
2795 1
3010 1
4779 0
4779 1
1892 0
9740 0
9424 1
3967 1
4779 1
4030 1
8313 1
4779 0
4691 1
4779 0
4821 1
7519 1
7963 0
4665 0
1248 1
4779 0
3794 0
1148 1
4779 0
1679 1
2403 0
6224 1
4779 0
7203 1
4779 1
4779 0
4779 0
1708 0
1854 1
2002 0
4779 1
4779 1
7904 0
6857 1
7113 1
1668 0
1757 0
1289 1
4779 1
8146 1
1822 0
3814 1
6485 1
7911 0
5562 1
9661 1
4779 1
6405 0
6695 1
2396 0
7952 1
4779 0
4779 0
4009 1
7667 0
4779 1
6282 1
9045 1
5911 0
4779 0
7885 0
2941 0
1948 0
4779 0
2183 0
4421 1
3446 0
4779 0
6307 1
4779 1
1247 1
1156 0
8814 1
5424 0
3896 0
5079 0
4779 1
8360 1
1492 1
6799 0
2804 1
2617 1
6667 0
4779 1
4779 0
4117 1
1541 0
7633 1
5993 0
6486 1
3285 0
2442 1
4779 1
1485 1
9837 0
4614 1
2287 0
1391 0
5349 0
7605 1
4779 1
4779 0
5343 0
2643 1
9481 0
9318 0
1284 1
2571 0
9315 0
2016 0
4779 1
4779 1
4688 1
9032 1
1675 0
1156 1
6827 1
4779 1
5629 1
2438 0
2840 0
2829 1
5242 0
9717 1
6048 1
6294 0
7535 1
5269 1
3536 1
4779 1
4578 0
4779 0
4779 1
2906 1
8593 0
4311 0
7057 0
9960 0
4779 1
2216 0
7369 0
4779 0
4779 0
4779 0
1413 0
7972 1
2600 0
2276 1
7247 0
7105 0
2232 0
8895 1
8143 0
2621 0
6008 0
8654 0
4779 0
9045 0
3972 0
4779 0
2585 0
3817 1
2712 0
4779 1
4779 0
4919 1
4951 0
2955 1
4779 0
6234 0
1692 0
8774 0
9168 1
9462 0
2766 1
2177 0
5382 0
4779 1
5976 0
4888 0
8386 0
1013 0
4779 1
4779 1
5692 1
4779 0
9706 0
5540 0
2564 0
4779 0
8304 1
4458 1
5274 0
4600 0
6389 1
8433 1
2919 1
4779 1
5121 1
6685 0
4779 1
9184 1
9995 0
2621 0
6222 1
2611 0
7396 1
9315 0
6166 0
2316 0
4779 0
3274 0
4539 0
2141 1
8668 0
3183 1
4779 1
4779 0
4658 1
9952 1
4779 1
7482 1
4284 1
4779 0
4779 0
4779 0
3911 0
1440 1
9580 0
6116 1
8319 1
9336 1
6374 1
3195 1
6619 1
4779 1
5342 0
6840 0
1521 1
6769 0
9831 0
3922 1
5925 0
4779 0
4779 1
6495 1
5359 0
7053 1
4779 1
7267 0
4305 0
3812 1
1637 1
5151 0
4779 1
4779 0
5619 1
2653 1
4779 1
4779 1
4779 0
4779 1
4779 0
4779 0
7044 1
5034 0
6537 0
7929 0
2404 1
5638 1
4779 0
7668 0
6542 0
6183 1
3359 0
6903 1
4779 1
3638 0
1567 0
4779 1
1333 1
9373 1
4393 1
7288 0
3471 1
3182 1
4779 1
5824 1
8462 1
9029 1
8352 1
9665 0
4779 1
2261 0
4779 1
4779 1
4779 1
1555 0
6992 1
1517 0
4779 0
5397 0
4779 0
8891 1
4779 1
4779 0
2065 0
9265 1
1117 0
5131 1
8268 1
4779 1
9944 1
3568 0
4779 0
9560 0
9232 0
4779 1
9658 1
1953 0
1155 1
3702 0
9414 1
6710 0
9279 0
8941 0
4299 1
4699 1
4779 1
4639 0
5375 0
3891 0
4779 1
7942 0
4653 0
4779 0
7218 1
8061 0
4779 0
5379 0
4779 0
4779 0
4875 1
5118 1
8497 1
5389 1
3758 1
6667 0
8128 1
9504 1
2235 1
3979 1
4043 1
8933 1
4779 1
4822 0
4779 1
3342 1
4779 1
3659 1
6466 1
1200 0
4779 0
4779 0
9659 1
8592 0
4591 1
8304 0
5382 0
2463 0
5122 1
4779 1
9541 1
9662 0
3782 1
8481 1
3525 0
6469 1
8997 0
4779 1
9719 1
4779 0
2196 1
4779 0
4779 1
4779 0
7886 1
6367 1
4779 0
1958 1
4832 0
3088 0
2808 1
4002 0
9489 0
6765 0
9546 1
6739 0
9616 0
1484 0
4779 1
4779 0
4779 1
4779 0
2582 1
4600 0
4779 1
9933 1
9479 0
3571 0
3187 1
1023 1
2846 0
4779 0
1080 1
9014 0
9967 0
6642 1
1503 1
5037 0
2061 1
4779 0
1460 0
4779 0
4779 0
9893 0
8311 1
4779 0
2938 1
4779 1
7211 0
2248 0
9661 1
7682 1
3554 1
5706 1
2951 0
4779 0
8664 0
7954 1
4955 0
4779 1
4779 0
8930 1
6757 1
2396 1
4046 1
2072 0
8341 0
4779 1
3865 0
6246 1
4779 0
5312 0
1594 1
7352 1
6100 0
4779 0
4779 1
7274 0
4779 1
2917 1
4229 1
6849 1
3950 1
8464 1
1805 1
4779 0
8320 1
4779 0
8239 1
4151 0
3421 1
4002 0
4779 1
6308 1
4779 1
1522 0
6943 0
4779 1
4821 0
4199 1
5932 1
4779 0
7584 1
4779 0
2560 0
9065 0
5035 0
8163 0
8023 1
2844 1
4779 1
5475 0
4779 1
4779 0
3259 0
9678 0
9758 0
5783 1
7274 0
6932 1
9429 1
4779 0
5099 1
6227 0
2357 0
4779 1
2898 0
4779 0
6250 1
8407 0
4779 0
8369 1
4779 1
1986 0
4779 1
1747 1
9456 1
6003 1
4779 1
3445 1
4779 0
1535 0
9858 1
2023 1
5092 1
6964 0
5063 1
4779 1
1778 0
2567 0
4779 0
8380 0
4779 1
1165 1
4779 0
4779 1
5944 0
2908 0
6971 1
7842 0
4779 1
2359 1
6371 0
8676 1
6635 0
4779 1
8668 0
4779 1
4779 1
7218 0
8581 0
1998 1
4779 1
2353 0
7134 1
2127 1
6285 1
4779 0
5944 0
6684 1
4779 0
4873 1
6265 1
8725 0
1079 0
7213 1
5692 1
4779 1
4779 0
7126 0
1929 0
4779 0
9136 1
5182 0
3663 0
3290 1
4779 0
8918 1
8037 0
4973 0
8452 1
9381 1
2691 0
8875 0
6027 1
4779 1
2638 0
4779 0
4779 0
3190 1
5734 0
3891 0
8469 0
1836 1
9691 0
6376 0
4779 0
6312 1
4779 0
2148 0
4339 1
6425 1
4779 0
9271 1
4779 0
3229 1
9958 0
1066 1
4727 1
4195 1
5344 1
6035 0
4779 0
9624 0
8895 1
5344 1
1425 1
1430 1
6555 1
4779 0
5892 1
7588 0
4779 1
4779 0
8041 0
8325 0
4779 0
4779 0
5297 1
4779 1
4779 1
2265 0
1332 0
7782 0
5423 1
9079 0
3360 1
5536 1
9408 1
4779 1
4779 0
2076 0
9694 0
1026 0
7809 0
9584 1
4779 1
5445 1
4779 1
4591 0
8495 0
8483 0
6912 0
6606 0
6632 0
1793 0
7729 1
3745 0
4779 0
4779 1
4779 0
4703 1
5432 0
5594 0
1176 0
6803 1
6892 0
4779 0
4779 1
2765 0
1237 0
4779 1
4779 0
5487 1
3130 1
4779 0
3880 1
7035 0
3928 0
9234 0
2523 1
2536 1
5681 0
6551 1
8968 1
4779 0
4617 0
5166 1
8860 1
4844 0
8849 0
4779 0
4779 1
5146 0
1757 1
9208 1
7140 1
8109 1
4779 1
3167 1
4779 1
4779 0
8533 0
1503 0
4779 1
4779 0
1898 1
7458 0
4598 0
9060 1
8687 0
7175 0
6859 0
5392 0
3247 0
9080 0
7223 0
9038 0
8643 1
4779 1
6722 0
9226 0
8762 0
4779 0
4779 0
4779 1
4779 0
3380 0
6956 1
3346 1
8341 0
2258 1
4779 1
4779 0
9413 0
8722 0
9774 0
4779 0
6306 1
8859 1
6710 1
3296 0
4270 0
8318 1
2592 1
1980 0
4779 0
4779 1
4779 0
8550 1
4779 0
6175 0
2988 1
7142 0
9907 1
7494 0
6931 1
5652 1
7048 0
8388 0
9739 0
3598 0
9519 0
8736 1
8575 0
4779 0
4779 1
4876 0
6880 1
1280 0
4779 0
3701 0
1678 0
9762 1
3944 1
6729 0
4779 0
4779 0
8457 0
4075 0
2564 0
4779 0
6110 1
1581 1
1111 1
4779 0
8645 0
7537 0
9513 1
4779 0
7371 1
1134 1
7010 1
9473 0
4779 0
3811 1
8491 0
4488 0
4779 1
2698 0
8498 0
5870 1
3356 0
4779 0
1815 1
1528 1
1691 1
9183 1
3671 1
2049 0
6291 0
4779 0
3206 1
2914 0
8632 1
4824 1
4773 0
4888 0
8211 1
5907 0
4711 0
6878 0
7164 0
9303 0
1935 0
4382 0
4709 0
5727 0
5929 0
3506 1
2132 0
6049 0
5823 0
5766 0
1153 1
4659 1
8799 0
6742 1
8140 0
2814 0
2201 0
4779 0
4660 1
4769 0
1533 1
4779 0
3647 1
8798 1
5541 0
1033 1
2847 1
1401 0
2891 0
4779 1
4245 1
4778 1
9362 0
6027 1
4779 0
4779 1
2231 0
7977 1
5725 0
1540 0
3664 1
4261 0
4779 1
3494 1
8551 0
3407 0
6508 1
9642 0
2976 1
4779 0
4779 1
4779 1
8927 1
1008 1
4895 1
4779 1
7836 1
2451 0
1280 0
7502 1
3658 0
4779 0
2736 0
4779 0
4879 0
8182 1
4779 0
1235 0
4779 0
5068 1
9998 0
4779 1
4779 0
6208 0
4779 0
3621 0
7500 0
3034 0
8272 0
2347 0
1576 0
3734 0
4779 0
4779 0
4779 1
4779 0
7721 1
7385 1
5074 0
2034 1
4084 0
6663 1
4309 1
4779 0
4870 0
5342 1
4910 1
4779 1
4779 1
8856 1
8994 1
7404 0
4779 0
2904 0
8713 0
4779 1
8034 0
4779 0
4150 1
7700 0
7494 0
9785 0
1607 0
9935 0
2839 0
1553 0
2132 0
4779 0
3778 1
2537 0
2049 1
9417 1
4779 1
4779 1
8050 1
7912 0
4609 1
8095 0
6967 0
4779 1
5353 0
4610 0
1362 1
4250 1
1394 1
4825 1
7447 0
1623 0
3283 0
3089 0
4859 0
4779 0
6612 1
4779 0
1051 1
7797 0
8974 1
6421 0
4396 0
4779 1
9733 1
4779 1
4779 0
4779 0
6864 0
6282 0
7933 1
7067 1
6215 0
6851 1
7311 1
4041 1
4779 1
4044 0
1423 1
7109 0
5249 1
6646 0
3209 0
5407 1
4779 0
8043 0
2084 1
4626 1
4792 0
2725 1
3169 0
9880 1
2655 0
1115 1
5386 0
9864 1
4779 0
5321 1
4779 0
5340 0
7065 1
4779 0
2939 1
6192 0
9006 1
7228 1
4770 1
4779 0
2806 1
3354 1
7694 0
4759 1
1346 1
6813 1
2287 0
4779 0
5648 1
9418 0
7204 0
9311 1
4779 0
1402 0
4779 0
4526 0
4043 1
4779 0
4779 1
4779 0
2820 1
8590 1
4779 0
3849 1
6557 0
6960 0
8474 0
4779 0
4779 1
8500 0
1339 0
1034 1
2335 1
2183 0
5032 1
1590 1
4902 0
4779 0
6724 0
1260 1
9900 0
6712 1
4779 1
9063 1
4779 0
6801 1
9753 1
9018 1
5250 1
4779 1
1815 1
1818 1
2160 1
8889 1
7952 0
5551 1
4779 0
2297 1
1315 0
2918 1
4779 1
1551 0
4779 1
4050 1
7779 0
6469 1
2211 0
3755 0
5052 1
5368 1
4638 0
7531 0
3715 0
4738 0
4779 0
1043 0
4118 1
9096 0
4904 0
6467 1
8260 0
9782 1
5298 1
2438 0
8980 1
4779 1
4779 0
7022 1
4779 0
3905 0
7419 1
6300 1
6172 1
9926 1
7396 1
5955 1
4779 1
4779 0
3399 0
