7488 1319
8099 0
1319 1
1319 1
2675 0
1319 1
4756 1
9638 1
9638 0
1319 0
7713 0
8315 0
8634 1
1319 0
6933 1
1319 1
9023 1
3189 0
1319 0
1319 1
3743 0
1799 0
8100 1
3670 0
1319 1
1319 1
1319 0
2429 1
1319 0
1319 1
1702 1
4807 0
1319 0
1319 1
7142 0
3670 0
1319 0
4399 1
5688 1
4469 0
2273 0
8618 1
3181 0
6605 0
3274 1
8902 1
7508 1
6727 0
1319 0
4273 0
5397 1
1319 0
7306 1
9487 1
6092 1
1319 1
1319 1
3787 0
3942 1
7497 0
4091 1
6803 1
8139 1
5446 0
2285 1
1319 0
8204 1
1305 0
5969 0
1319 0
6405 0
9497 0
1319 0
5673 1
1319 0
9840 1
6227 1
8245 1
6719 0
1319 1
3141 0
9958 1
1319 1
1319 0
6500 1
4644 1
1319 1
1023 0
1319 0
4293 1
7364 1
1319 0
3609 0
3567 1
8909 0
1615 0
2698 0
2334 0
1319 1
3240 1
1319 1
1319 1
7937 1
1319 1
1319 0
3144 1
2053 1
1319 0
1319 0
9708 0
1282 0
4021 1
5937 0
5084 0
1319 0
3255 0
6004 0
5763 1
8947 1
9521 0
7467 1
1319 0
4621 1
9558 1
1319 1
1319 0
1634 1
4097 0
1319 1
2865 0
5711 0
9275 0
3244 0
1679 0
2345 0
5645 1
9517 0
3996 0
3480 0
5079 1
5625 0
1319 1
6960 0
2765 1
2191 1
7527 0
7507 0
1319 1
1319 0
1583 1
3065 0
8879 0
1636 1
7596 1
9361 0
7904 1
5432 1
1319 1
8116 0
5897 0
6158 1
7850 0
5168 0
4531 1
3474 1
1138 1
8353 0
1847 1
1319 0
1549 0
1319 1
1319 0
4508 1
9659 1
9094 1
3477 1
3574 0
1319 0
5187 1
5034 0
6701 1
4266 0
6988 0
4913 1
7007 0
1319 0
1319 0
1300 0
6324 0
1511 0
2897 0
1319 1
4815 1
7799 1
7938 1
5089 0
7685 0
1319 1
1420 0
6744 0
1319 0
9059 1
8184 0
9351 1
1319 0
1078 1
4119 0
1319 0
3346 0
3243 0
5166 1
1410 1
6822 0
1319 0
2490 1
2294 0
2372 1
5491 1
9118 0
3864 1
5383 0
9998 0
9221 0
1319 1
7430 0
1319 1
2307 1
1031 0
2875 1
1993 0
2209 1
1319 0
1319 1
2528 1
9462 1
5336 1
2701 1
1319 0
8899 1
7589 0
1658 1
1319 1
1640 1
9228 1
1319 0
5575 0
1319 0
4843 0
6986 0
2481 1
5980 0
6962 1
9235 0
9875 0
6455 1
7211 1
4781 1
4039 1
7647 1
1319 0
1319 1
9140 0
6103 1
1319 0
2358 1
5589 0
1319 1
2878 0
1319 1
6755 0
1754 0
7073 0
7750 1
9757 0
7353 0
6063 1
8005 1
2886 0
7986 0
1319 1
6097 0
1319 1
9717 1
7467 0
1319 1
5978 0
1319 1
3331 1
9462 0
8176 1
9606 0
1319 0
4933 0
1319 0
2761 0
1319 0
3253 0
1536 1
1319 0
6301 1
5686 0
2131 1
1319 1
5588 0
9728 0
1937 0
9613 0
1319 1
1319 1
4319 1
1166 1
6475 1
1319 0
1319 1
1319 0
3344 0
9424 1
1319 1
9761 1
8250 0
7487 1
4121 0
3408 0
1319 1
1319 0
4405 1
1219 1
2988 0
2680 1
2442 0
7044 0
1319 1
9815 0
1656 0
5324 1
6305 1
1319 0
5136 1
1319 0
6549 1
2839 1
1976 1
1319 1
5233 0
3621 1
5520 1
6032 0
1319 0
1319 0
1319 0
3265 1
1319 0
1124 1
2100 0
8569 0
5854 1
1319 1
8289 0
1673 1
7973 1
1319 0
6107 1
4392 1
4516 0
2968 0
7890 0
1096 0
1243 1
1319 1
6465 0
4439 0
1201 1
9228 0
4029 0
4907 1
3857 1
5405 0
3787 1
1319 0
3740 1
3138 0
1892 0
8794 1
5968 0
1319 0
5927 0
8784 1
1319 0
6053 1
1319 0
1319 0
4727 0
1319 0
1319 1
1319 0
8965 1
4209 0
7284 1
1319 0
1319 1
3378 0
1319 1
1319 0
3787 0
1333 0
2737 1
1849 0
7953 0
8725 0
2776 0
4612 1
1319 0
8708 0
3030 1
2582 0
3150 1
5628 0
3512 0
4420 1
1319 0
7897 0
1319 1
5828 0
1888 0
1270 1
1319 0
1319 0
5165 1
8668 1
1504 1
8588 1
2850 0
4506 0
6686 0
1319 0
1319 0
1319 1
9696 1
2051 1
1319 1
8615 0
4618 0
3094 0
1319 0
1319 0
1319 0
3786 1
9830 1
1319 0
1319 0
6871 1
6879 1
5495 1
6465 1
8559 1
7026 0
9726 0
9865 1
7047 1
7561 1
3495 1
8013 0
8137 1
1319 0
2101 0
7637 1
1319 1
1319 1
5402 0
1455 1
1319 1
5731 1
1319 0
1319 1
4011 0
2439 0
9892 1
1319 1
1319 0
3284 1
7686 1
8141 1
6866 0
9477 0
9938 1
3949 0
1319 0
1319 0
1319 1
3866 1
6164 1
1062 1
3113 1
1319 0
9384 1
9872 0
9634 0
1319 0
1736 0
1319 0
1319 0
4741 1
4975 1
2894 0
5307 1
4587 1
9696 0
8391 0
1319 1
7315 1
1319 1
1248 0
2342 1
3669 0
2915 0
7223 1
8162 1
7858 1
6249 1
9988 1
8111 1
5954 0
3736 0
6621 1
1319 0
1319 0
4915 0
3077 1
9935 0
1319 0
9306 0
3060 1
6021 0
3856 0
2394 0
5786 0
1468 1
7738 0
1319 1
9759 1
3296 0
1319 0
2216 0
7237 0
7445 0
6191 0
1977 0
8798 0
6536 0
9166 0
1319 1
4088 0
6261 0
6421 0
1319 1
4150 1
9341 0
7671 0
6469 0
9357 0
8523 0
3329 0
1319 1
3245 1
1319 0
1156 1
1319 0
1319 1
1319 0
5023 1
7844 1
1319 1
1319 1
5652 1
2387 1
6372 0
1319 0
8830 0
4082 1
6749 1
1319 1
2433 1
9456 0
2172 1
1319 1
1319 0
1319 1
1936 1
1319 0
4834 0
1319 1
8360 0
2088 1
1319 1
6466 1
8286 0
9534 1
6189 1
2044 1
7048 1
1883 1
1319 0
3624 0
2064 0
1937 1
1319 0
1319 0
1319 0
6503 1
5746 0
9629 0
5272 1
2712 1
2587 1
1319 0
7504 0
6307 1
6759 1
9922 0
2259 0
6623 1
3497 0
8015 0
7796 0
1319 0
3005 1
9211 0
3498 1
2152 0
1319 0
6259 1
2883 0
2732 0
9747 0
7544 0
5098 0
9825 1
7311 0
1319 0
1319 0
3152 1
1319 1
9453 0
1319 1
6376 1
4664 0
3958 1
1319 0
1319 0
6802 1
1319 0
1319 0
9135 0
5607 1
1319 1
5172 0
7900 1
2564 1
2874 1
5928 1
1319 0
1618 0
1106 0
1319 1
2122 0
2418 1
1319 0
2133 0
8940 0
7122 0
4481 1
6137 1
6755 0
4213 0
1319 0
2678 1
1449 0
4391 0
5234 0
4992 1
6625 1
1538 0
6541 0
6575 1
1319 0
4011 1
8722 0
1750 1
5433 1
1319 1
3393 0
9018 1
1319 0
6508 1
9147 1
5999 1
9010 0
1319 0
1319 1
3705 1
1319 0
2177 1
3539 0
5084 0
1059 0
6142 1
4612 1
1319 0
3252 0
4112 1
6817 1
8865 1
8287 0
2347 1
6087 0
1319 0
1319 0
5508 0
9732 1
1319 1
2486 1
9515 1
1319 0
1319 1
1123 1
2470 0
1319 0
1319 0
6068 0
7928 0
1319 1
3804 0
5290 1
2157 0
3673 1
8367 0
1319 0
8574 0
4658 0
7078 0
5007 0
9020 0
3370 1
1319 1
8153 0
8178 1
6545 1
8971 0
1319 1
4154 1
1232 1
2591 0
1611 0
1333 1
4207 0
1319 1
6570 0
9468 1
8439 0
6753 1
7480 0
5400 1
3312 0
1714 0
1319 1
8691 1
8190 0
5588 1
5263 0
1417 1
1161 0
9203 1
1878 0
2440 1
1319 1
3659 0
2276 1
1319 0
1319 0
8610 1
6579 1
1319 1
1022 1
1748 0
2308 0
9667 1
1319 0
1319 0
1319 1
2120 1
1319 0
8086 0
1319 1
2557 0
2579 1
1319 1
2027 0
1319 0
7229 1
6001 1
3402 1
7598 1
9545 1
4561 0
1319 0
1319 1
1873 1
7561 0
8677 1
5906 0
8259 1
1662 0
1319 0
8124 1
5711 0
1319 0
4288 1
5162 1
1319 1
6742 0
6819 0
2118 1
8331 1
1319 0
8290 0
1319 0
1067 1
2256 1
4847 1
2167 0
7909 0
2080 0
1319 0
2858 0
8491 0
6781 0
4037 1
1319 0
2716 0
1319 1
7002 1
3737 0
1319 1
4033 0
8547 0
9344 1
4685 0
7727 0
8187 0
1319 0
9116 1
3470 0
1319 1
8124 1
1319 1
6591 0
7097 1
1416 0
2662 1
4305 1
1319 1
7562 1
1319 0
3979 0
3874 1
6842 0
1319 1
1962 0
1319 1
7210 0
8728 0
8433 0
8042 0
1319 0
4303 1
7677 1
1319 1
7483 1
4502 1
1626 0
1319 0
9797 0
6767 1
5614 1
5454 0
6109 1
3787 1
9342 0
7233 1
6087 1
1185 1
8306 1
5351 0
1319 0
9503 0
6717 0
4733 0
1319 0
8054 0
1319 1
1319 0
9785 1
1319 0
6218 1
1570 0
9910 1
6098 0
5633 1
1319 1
1088 0
8720 1
3512 1
9649 0
6264 0
1319 1
1319 0
8566 0
8075 1
1654 0
1319 0
8970 0
6769 1
6208 1
1319 0
2566 1
6528 1
5088 1
1319 0
2042 0
3937 0
6866 1
5836 1
1319 1
1319 1
6100 1
1319 1
4991 0
5387 0
1352 0
1798 1
2823 0
1319 0
6135 1
9356 1
1319 1
2750 1
9290 0
1319 1
1319 1
1319 0
3725 1
1875 0
3699 0
6463 1
7314 1
7622 1
9097 1
1319 1
2798 0
8918 1
7967 1
1319 0
1319 0
1319 1
5396 0
1163 0
7205 1
4478 0
1319 0
4351 1
9787 0
1319 0
7803 1
8355 0
9719 1
2467 0
1319 1
5073 0
2500 0
1319 0
1319 1
3984 0
1098 0
8532 1
5715 0
2521 1
1319 1
3190 1
1319 1
1319 0
3548 0
7924 1
4003 1
8870 1
7624 0
9465 1
1319 0
4218 0
9587 1
1319 1
1956 1
1319 0
7243 0
1319 0
1319 1
5358 1
2982 1
2447 0
4109 0
9724 0
1319 1
1319 1
6413 0
4621 0
9754 0
6242 0
1600 1
3583 0
2382 0
2844 0
2568 0
7449 1
8800 0
6107 1
7010 1
7361 1
7498 0
9433 1
8298 1
3411 1
6990 1
6973 0
4651 0
7152 0
1319 1
6667 1
9901 0
8439 1
9560 1
9415 0
1319 1
4682 0
1319 1
3327 1
1117 1
8793 1
2813 0
1319 0
1319 0
6559 0
4041 1
1319 1
7595 0
1319 0
3232 1
4891 0
3702 0
1319 1
4045 1
9463 0
1319 0
4684 1
1319 0
6601 0
7443 0
3734 0
1319 1
2433 0
6941 1
3786 0
2020 0
4488 0
1319 1
1889 1
1319 0
9917 0
3709 0
1319 1
6335 0
5813 1
2727 0
4124 0
2749 1
9457 0
1319 0
4316 1
4233 1
4294 1
3632 0
4402 0
2114 1
8964 1
7834 0
7545 0
1319 1
3738 0
5279 0
1319 0
1319 0
8445 0
1319 0
6720 1
5214 0
2129 0
7109 0
4008 0
1319 0
6361 1
1319 1
9183 1
5136 1
5364 1
8437 0
3651 1
2132 1
8241 1
2249 0
6368 1
3265 1
7822 0
6389 1
6895 1
7446 0
2804 1
7285 1
7076 1
8721 0
7651 0
6646 1
7509 1
9259 1
1342 0
1319 0
4926 1
3712 1
7333 0
9196 1
9661 1
3845 1
1319 1
1319 1
6197 0
7292 0
1319 0
7547 0
4410 0
1319 1
1319 0
1319 0
5139 1
8089 1
5037 0
5847 0
8563 0
6326 0
6461 1
4079 1
1319 1
9964 0
1273 1
1319 0
1319 1
8738 1
5228 0
1319 0
4508 1
9660 1
1319 1
8516 0
2547 1
9073 1
3927 1
7315 1
3406 0
7634 0
1902 1
1502 1
8869 1
6014 1
5715 1
5381 0
2672 1
2854 1
9797 1
7611 1
7326 0
1319 0
1319 1
5929 1
1319 1
4846 0
9510 0
3932 0
2170 0
1319 1
5749 0
7757 1
4315 0
7727 1
1319 0
1319 1
7187 1
7684 1
6202 0
3020 0
1319 0
4924 0
9011 1
1319 0
9886 1
2963 0
1248 1
1319 1
8681 1
1319 1
7018 1
8414 1
3476 1
1319 1
1319 1
6836 1
1278 0
1319 0
6128 1
3563 1
5035 1
1319 1
1873 1
4350 1
8104 0
4516 1
1319 1
3449 1
8330 1
1810 0
1319 0
2529 1
8429 0
1319 0
3282 1
4589 1
1319 0
6398 1
6353 0
6002 0
1319 1
3722 0
4418 1
1319 1
8874 1
2451 0
6929 1
7714 1
1464 0
4169 1
9171 1
8879 0
1319 1
1422 0
8933 1
1896 1
1319 0
4354 1
2068 1
1319 0
3627 1
1319 0
1319 0
7455 0
7466 0
1319 1
7973 0
6221 1
6068 1
8453 0
4468 0
9088 1
1319 0
1205 0
1319 0
9890 1
8930 0
1319 1
1319 1
1319 0
5544 1
3998 1
4818 1
1258 0
1347 0
1867 0
4520 0
1297 0
1319 0
4285 1
3553 0
4828 1
1319 1
4251 0
1319 1
1319 0
1319 1
3076 1
3948 0
1598 0
1319 0
2705 1
1319 0
6026 0
8107 1
8710 1
3219 1
1780 0
3856 0
6804 0
7402 0
2650 0
1319 0
1319 0
1319 1
1319 1
9307 1
1319 0
9099 1
1319 1
1319 1
6900 0
1319 0
7998 0
1319 1
6176 1
2450 1
1319 0
2418 1
8298 1
4750 1
1981 1
8421 1
1319 1
8838 1
7702 0
1319 1
8570 1
9170 0
1319 1
7851 1
4746 1
5365 1
4931 0
1319 1
2459 1
1319 0
1319 1
4691 0
6372 1
8568 1
1319 0
9296 1
6637 1
4960 0
1704 0
1319 1
7094 0
1554 1
1319 1
5417 1
1533 0
4589 0
3885 1
9523 0
1319 1
1319 1
1319 0
2709 1
4655 0
6098 1
7690 0
1319 0
5546 0
7966 1
3193 1
3109 1
8281 0
1157 0
7548 1
6092 1
1319 1
4662 0
2607 1
6033 0
5317 1
1319 0
1319 1
1319 1
1766 0
8150 1
7070 1
1319 1
2521 0
1825 0
1505 1
7797 1
6644 1
9217 1
2054 1
1319 1
9407 0
6477 1
1908 0
1319 0
3333 0
3838 0
1636 1
7280 0
3849 1
4904 1
8601 0
3159 0
3748 1
4692 1
1319 1
1319 1
4519 1
1319 1
1319 0
8642 1
1366 1
3037 1
3019 0
3575 0
4118 0
2465 0
1319 0
5103 1
1319 1
1319 0
8015 1
4356 1
7249 0
3447 1
1804 0
2909 1
5059 0
1567 0
5670 1
4726 1
5307 1
5062 1
9016 1
1319 1
1319 1
1319 1
9261 0
1319 0
3589 0
5627 1
8035 0
9670 0
6673 1
9681 1
1319 0
4799 0
2784 1
1319 1
3492 0
3433 0
1319 1
1256 0
6457 0
1670 0
3594 1
1886 1
1319 1
8067 1
4159 1
4003 1
6437 1
1850 0
4298 1
1319 0
3067 0
5661 1
3899 0
5936 0
7110 1
1319 1
2696 0
1319 1
2071 1
7010 1
8407 1
1319 0
8843 1
1657 0
1319 1
1314 1
1319 1
5113 1
7935 1
6222 1
4405 1
7792 0
1319 0
3974 1
5841 0
6673 1
6987 0
1268 0
1319 1
3611 1
8834 0
9591 1
7383 0
2811 0
1319 0
1319 1
1855 1
6633 0
9844 1
1319 0
6004 1
7822 1
9801 1
8927 0
2305 0
2361 0
7259 1
6182 1
2092 1
4623 0
5950 0
3635 0
9019 1
1319 0
7693 1
7149 0
1319 1
1319 1
1319 1
3255 1
3933 0
2623 0
3669 0
5185 0
3854 0
1451 1
1319 0
1319 1
2116 1
6760 0
6368 1
9301 1
1319 0
1123 1
1319 0
8842 1
1319 1
4140 0
9846 1
1520 1
6069 1
5379 1
6894 0
5239 0
1319 0
1621 0
6815 0
6540 1
4841 0
1319 0
1228 1
3649 0
1319 0
9845 0
1319 1
6875 0
1319 0
6536 0
1319 0
1493 1
1319 0
6752 0
6980 1
6981 1
2361 1
9987 0
3853 1
8433 1
4969 1
2490 1
1319 1
5798 1
6406 0
3725 0
3417 1
9102 0
9408 0
1319 1
1319 1
3383 0
1319 0
1319 0
5062 1
6629 1
1319 0
7749 0
1166 1
1319 1
9791 1
2999 1
3640 0
2955 0
6407 0
1319 1
1789 1
8461 1
6211 1
3729 0
9350 0
2732 1
5407 1
5631 1
7471 0
3178 0
1636 0
6891 1
1319 0
5695 1
1319 0
2338 0
1319 0
1614 1
1319 1
1319 0
2636 0
4814 1
2802 1
6045 0
1319 1
2623 0
1251 0
7469 1
3177 1
4693 0
1319 1
3960 0
1319 0
8306 0
5338 1
1319 0
6889 1
6458 1
7366 0
1319 0
5042 1
4760 1
9597 1
1319 0
6047 0
1737 0
4750 0
7991 0
1319 0
3673 0
5386 0
9428 1
1540 1
1319 0
2809 0
1319 0
1319 1
7159 0
1319 1
7687 1
8489 0
6657 0
1319 1
6188 1
4081 0
4219 0
6399 0
5223 0
8734 0
2846 1
1319 1
2010 0
1319 1
7737 1
1277 0
4358 0
7577 0
1328 1
5552 1
4286 1
6132 0
8284 0
2076 0
6454 1
1855 1
1319 1
4438 0
2506 0
8673 1
3068 1
1319 1
1319 0
2452 0
2937 0
1319 0
6787 0
5016 0
6604 0
9473 1
6318 0
5068 1
4456 0
6328 0
6485 1
1319 1
4431 0
6567 1
1940 0
7102 1
1319 1
1319 1
9197 1
6116 1
2363 1
3766 0
7106 0
1319 1
3047 1
2555 1
5018 1
6955 1
2562 1
1319 1
8580 0
7295 1
1061 0
1319 0
9676 1
1319 0
4071 1
3511 1
7421 0
8040 0
7857 1
3789 1
7437 1
7498 1
2018 1
3428 1
1942 0
2206 1
3969 1
3059 1
3294 0
6903 0
1319 1
7543 1
8250 0
2911 0
4408 0
1319 1
3126 0
1319 1
2499 0
6580 0
7121 1
9546 1
4441 0
9044 0
1319 1
4946 0
3218 1
5345 1
5144 1
1319 1
8160 1
5282 1
2180 0
2973 0
2017 0
9325 1
2041 1
9086 0
7891 1
9310 1
1588 1
6828 1
2273 1
7604 1
1354 0
8071 1
9735 0
1319 1
6960 0
8525 1
1319 0
3761 1
1319 1
7549 0
9814 0
4899 0
2048 0
7185 1
2661 0
1319 1
1319 0
9767 1
1319 1
1319 0
4433 1
8999 1
1319 1
2427 0
9828 0
1319 1
6826 1
5523 0
4433 1
1319 0
6062 0
8875 1
6590 0
1319 0
9801 0
1319 0
1354 0
7031 1
2360 0
8185 1
4777 0
7191 0
6067 0
2657 0
3127 0
1319 1
1319 0
7434 1
1817 0
3177 0
1319 0
2626 0
9376 1
2697 0
1319 0
8366 0
4087 0
1319 1
8776 0
9027 1
2452 1
1319 1
8753 1
6631 1
6977 0
7289 1
5655 1
1319 0
3372 0
2148 0
1319 1
3014 0
1319 0
5416 0
1319 1
2584 0
1319 0
1319 1
4037 0
5441 1
1319 1
2650 0
7451 1
1319 1
8137 0
3553 0
6180 1
3055 1
1631 0
2020 0
6461 1
1626 0
4292 1
4486 0
4715 1
5682 0
5473 0
9496 1
1319 1
3848 0
2857 0
5672 1
6965 1
6950 0
1319 0
4344 1
9026 1
1851 0
1347 1
1319 0
5724 1
1319 1
4728 0
9226 1
1319 0
7602 1
9567 1
3511 1
4409 0
6380 1
1319 0
5970 1
3179 0
4259 0
1319 1
8772 1
6374 0
5942 1
1319 1
5873 0
1319 0
5397 1
6981 1
1319 1
1319 0
8163 1
8000 0
5854 1
7704 0
1544 1
5454 0
1319 1
5863 0
9770 1
7658 1
1319 0
8803 1
6804 0
1319 0
7791 0
1319 1
8235 1
3203 0
1319 0
5980 0
8646 0
6887 0
3205 1
8924 1
8520 1
6311 0
5648 0
2336 1
4588 1
9055 0
1319 0
6480 1
3564 0
8451 1
1143 0
8196 1
5612 1
6639 1
6730 0
9822 1
6246 1
1316 1
1319 1
7086 1
1936 1
1319 0
1752 1
1319 1
2890 0
1319 0
6586 0
1319 1
8506 1
1319 0
5192 1
1319 1
4045 1
9249 1
1001 1
3718 0
3074 0
5513 0
1319 1
3432 0
9488 0
2033 0
9664 0
6583 0
9608 0
1319 1
9671 1
9097 1
1962 1
6088 1
8720 1
7526 0
3780 1
2973 1
4737 0
9311 1
1319 1
5509 0
1343 1
3622 0
7463 0
1251 0
1319 1
3809 1
1319 0
1319 0
1379 0
5638 0
6920 0
7299 1
1319 1
1359 1
3687 1
4461 0
4714 1
7814 1
6640 0
1856 0
1319 1
2676 1
6327 0
2321 1
4744 0
1319 0
1319 1
1319 0
5443 0
1044 1
2516 1
1226 1
5788 1
4198 1
3300 0
2761 0
2261 0
1319 0
1319 0
2187 0
2231 0
1099 1
1319 0
8559 0
7728 0
4374 0
4371 1
1319 0
4400 0
1319 1
1319 1
1319 1
3564 1
3663 0
1341 1
3808 0
4176 1
1319 1
6931 0
3750 1
5352 1
3081 1
3944 0
8337 1
2477 0
1319 1
2592 1
1319 0
6089 1
9372 0
1319 0
8778 1
3308 0
8171 0
1319 0
8013 1
1953 1
8999 1
1319 1
7815 0
6926 1
8671 1
1319 1
6254 1
5008 1
1924 1
6289 0
7242 1
6241 0
1319 0
1319 1
1907 1
7650 0
1006 1
1319 0
4254 0
1319 1
1319 1
1319 1
1319 0
4285 0
1319 0
9845 0
9990 1
8180 1
3889 1
1319 1
3179 0
1319 1
4952 1
3490 1
1319 1
1319 0
3108 0
8664 1
6127 1
4944 0
3767 1
1319 1
8044 1
3605 1
5822 1
1319 0
5220 0
7329 0
1319 1
5985 1
4346 1
5596 1
6792 0
4836 1
7441 0
1319 0
1319 0
1995 0
1312 1
6116 1
2101 0
2799 1
7395 0
1319 0
7869 0
2152 0
1319 0
8252 0
1319 1
1319 1
9274 1
4661 0
1319 1
9631 0
4378 1
4918 1
1319 1
1556 1
8936 1
1456 1
1319 1
2159 1
7890 0
5722 1
1319 1
8679 1
1319 1
1692 1
4805 0
7850 0
6499 1
1319 1
5091 0
7133 0
4887 0
7487 1
6167 0
6382 0
6001 1
6177 1
5290 0
1319 1
1811 1
1319 1
1674 1
5561 1
3049 0
5568 0
1319 0
3978 1
5989 1
3202 1
5914 0
4077 1
1319 0
6726 1
1319 1
2241 0
1319 1
1319 1
1319 0
6658 0
1319 0
8578 0
7993 1
1319 0
4715 0
5616 0
1319 0
7843 1
7291 0
9580 0
6426 1
1547 1
9125 1
1319 0
8584 1
3299 1
7915 0
5727 0
2132 0
1741 1
4029 1
1319 0
9939 1
9064 1
3535 1
1214 0
7153 0
9079 1
1319 1
7137 0
7878 1
8259 0
7588 1
1319 1
7436 0
7323 0
4889 0
2043 1
1319 0
1319 0
5326 1
1319 0
8115 1
3658 0
4095 0
2929 0
5888 0
7854 1
5829 0
6729 1
3633 1
4027 1
2298 0
5181 0
5652 1
7339 0
5074 1
6365 1
1319 0
9724 1
3139 1
1319 0
5051 1
3702 0
7883 0
3536 0
7227 0
2301 1
1319 0
1319 0
9170 1
7561 0
8586 1
3637 0
3691 0
1575 1
1319 1
8043 0
8365 1
5926 1
9918 1
4635 1
7844 0
3417 1
8239 0
7664 1
3997 1
1319 0
7882 1
1319 1
7114 0
7032 0
1319 0
3347 0
5117 1
1319 0
1319 1
5240 0
1319 1
4896 1
2779 1
6004 1
9591 1
1319 1
7692 0
7260 1
9245 1
4173 0
1319 0
1319 0
6719 1
4705 0
3878 0
6518 1
6190 0
1319 0
1319 1
7011 1
6923 1
1319 1
3030 0
3386 1
5731 0
8325 1
1319 0
6459 1
1460 0
8640 1
3004 1
8927 0
8022 0
8674 1
3398 0
1826 0
9485 0
4662 1
2381 1
6686 0
1319 1
1319 1
2019 0
6393 0
5068 1
7466 0
1319 0
1319 1
3604 0
1319 1
7526 1
1319 0
8777 0
3696 1
4524 1
2331 0
7826 0
4442 0
9926 1
1319 0
1319 0
3439 0
4200 1
1319 1
7579 1
8409 0
5632 1
1319 0
6593 1
8273 1
1319 1
3663 1
1319 1
1319 0
7092 1
6421 0
8447 1
2349 1
6582 1
8641 0
1319 1
7839 0
7567 1
1319 1
1319 0
7558 1
8864 0
5101 1
8747 0
5377 0
2636 0
5632 1
3471 1
1038 0
5713 0
9699 0
1319 0
4318 1
1616 0
9262 1
1319 1
1319 0
3290 0
6669 1
1319 0
9468 0
3181 1
3451 1
1319 0
1319 0
4352 0
1319 0
7276 1
9976 0
1319 0
4789 1
6829 1
3980 1
4225 1
6291 0
1319 1
1319 1
1666 1
5155 1
9985 1
8105 1
2895 1
6076 0
9056 1
9634 1
5925 1
2304 1
2035 1
1319 0
1319 0
4794 1
2899 1
2146 0
7223 0
1319 1
1319 1
1039 1
5710 0
7345 1
6998 0
1806 0
5600 1
4852 0
5998 0
3221 1
5853 1
1319 0
3853 1
1319 0
2733 1
8731 1
6889 1
1319 0
4019 0
6489 0
4074 0
7371 1
1319 1
9818 1
5206 1
4291 0
9374 0
6263 1
5105 0
7799 0
6492 0
1319 0
7351 1
3931 0
3364 1
8077 1
5091 0
1319 1
1319 1
1858 1
4924 0
1830 0
4459 0
1319 0
6591 1
2352 1
6023 0
6633 0
1319 1
5876 1
6734 0
8010 0
8841 1
3300 1
7814 1
8908 1
9717 0
5956 0
1319 0
1319 0
5624 1
1319 0
6618 1
1331 0
1946 0
1319 0
1319 1
8288 0
1319 0
6615 0
8536 0
1778 1
9589 1
1319 0
5397 1
7311 0
2525 0
4554 1
1319 0
4549 0
7516 0
3404 0
4182 0
1123 1
9149 1
7447 0
8495 1
1319 1
1530 0
9724 1
4277 0
8143 1
9666 0
2806 1
2179 0
1756 1
4516 0
3462 0
1319 1
9644 0
6417 1
8945 0
3822 1
4390 1
5319 1
2637 0
3391 0
8595 1
4423 1
1319 1
2225 1
1319 0
6761 0
6935 1
1325 1
2996 0
1319 1
1319 1
1319 0
9323 1
1319 0
1319 1
6671 0
1839 0
7600 0
1319 1
7387 0
9481 0
3785 1
3761 0
1319 0
8889 0
1319 1
3631 0
4134 1
4620 1
8944 0
3683 0
3164 0
3302 0
1319 1
2041 1
7282 1
7796 1
2332 0
6708 0
3387 1
3602 0
2380 0
5423 0
1319 1
6811 1
3150 0
4170 0
4543 1
5463 0
3233 0
1717 1
1319 1
8132 1
3555 1
3566 0
5143 1
1319 0
1874 0
2769 1
1319 0
6718 0
3516 1
9268 0
7401 0
9956 1
9875 1
5018 1
7550 0
8034 0
4961 0
3661 0
1319 1
2215 0
4800 0
5610 1
9763 1
7455 0
1319 0
2791 0
1319 1
7866 1
1319 0
1319 1
5235 0
1319 1
4368 1
8978 0
6094 1
9901 1
2525 0
2257 0
1319 0
3691 0
4843 1
1319 0
2812 1
6181 0
2511 0
7605 0
4858 1
1319 1
1319 1
1816 1
8387 0
6982 1
9226 1
2038 0
7219 0
6083 0
1319 0
1319 1
9028 0
7492 1
5660 0
1319 1
4290 1
1677 1
2695 0
1319 1
5978 1
1319 0
1319 1
9997 0
5563 0
1748 0
9104 0
7026 0
2005 1
3175 1
1319 1
5069 1
6074 0
9767 1
5711 0
5641 1
4551 0
3250 1
2590 0
2608 0
4321 0
1819 1
1319 0
4862 0
9701 1
4149 1
6346 0
4008 0
1319 0
1319 1
5539 1
6518 0
6469 1
5073 1
6287 1
5988 0
9137 0
2835 0
1319 1
9993 1
6128 1
3871 1
1319 1
4801 0
6226 1
1319 1
2977 1
2500 0
7710 1
1319 1
4742 0
1319 1
1319 0
1559 1
9198 1
4424 0
5977 0
7252 1
3294 0
9657 0
7565 1
2308 1
1319 1
8534 0
3451 1
1319 0
1319 0
5532 0
2941 0
1319 1
1319 0
1319 0
6943 1
3450 1
5710 0
4244 0
4048 0
1319 0
1319 0
5820 0
5113 1
8317 1
1477 1
1319 0
5534 1
5847 1
6368 0
7656 0
2556 0
1319 0
4716 1
8830 0
1319 1
3126 0
9866 1
1319 0
1319 0
5257 1
1319 1
7976 1
1319 0
1876 0
5593 1
1319 1
3653 0
5779 0
2997 1
7397 1
1319 0
6734 0
1319 1
1319 0
3880 0
1319 1
6965 0
1319 0
1319 1
6297 0
1319 1
3968 1
7995 1
7280 1
1705 0
9551 0
1319 1
4593 0
3189 0
5249 1
7898 1
3721 0
9714 0
9672 1
6363 0
6866 1
7864 1
1319 0
1319 1
3478 1
1319 1
3085 0
1319 0
5201 0
1375 1
5284 0
3244 1
2308 0
1651 1
1940 0
1770 1
3201 0
2531 1
4583 0
3701 1
2491 0
3996 0
2368 0
4955 0
1319 1
2702 1
1319 1
4241 0
5773 1
6708 1
9409 0
1319 0
1319 0
1319 1
1319 0
3969 0
8661 1
7715 0
2713 0
7155 0
1319 0
3976 1
9737 1
7989 0
6589 1
1319 0
8529 0
4543 1
8610 1
1323 0
1319 0
1240 0
4216 1
3953 1
1319 0
7375 1
1319 1
8886 1
6952 0
4880 0
3709 0
1319 1
1319 0
8465 1
9968 0
2833 0
1319 0
4675 0
8821 1
8152 1
1723 1
1319 1
1319 0
4553 1
7826 0
7963 0
1319 1
3686 1
3604 1
2809 0
8831 0
1917 1
3973 0
1028 1
5911 0
9259 1
9927 1
3429 0
1319 0
1319 1
7185 1
6016 1
4285 1
7258 1
4638 1
1319 1
8553 0
1319 0
1319 0
5869 0
5833 0
1424 1
3917 1
5652 0
7087 0
9800 1
1319 0
4743 0
6032 0
2702 1
1319 0
7462 0
1319 0
9133 0
1319 0
1319 0
7247 0
1319 0
5100 0
6196 0
8580 1
1319 0
1319 0
8247 0
1319 1
2057 1
4745 1
6737 0
1319 1
1340 1
9437 1
2783 0
2258 0
8175 0
3774 1
3153 0
1319 0
6925 1
1319 0
8936 0
6629 1
1319 0
4560 1
1319 1
1319 0
1987 0
1319 1
1476 0
3656 1
9582 0
9596 0
5958 1
1319 1
1319 0
1784 1
9259 1
6636 0
1319 1
2165 1
7301 1
2035 1
1414 0
8729 0
1025 0
4739 1
1006 1
9086 0
6504 0
5036 0
4186 1
4621 0
1319 0
1319 0
4505 1
1319 0
5649 1
1319 1
1319 1
1319 0
5737 0
1736 0
1319 1
1319 1
1319 1
4649 0
5405 0
1319 0
1319 0
3986 0
9045 0
8477 0
4214 0
1319 0
8880 0
5808 0
9746 1
3108 1
8976 1
1319 1
7294 1
3691 1
1319 0
6082 0
5010 1
1319 0
5640 0
9665 0
7028 1
6703 1
7363 0
4657 1
4700 0
1319 0
1322 1
2684 0
9278 1
2681 0
2181 1
3790 1
4376 1
1688 1
4452 1
2722 1
1319 0
8295 1
6287 0
2874 0
4862 0
1319 0
3378 1
6754 0
4795 0
5599 1
7321 0
2943 1
1319 0
1319 1
6693 1
5100 1
2040 1
1319 0
6081 1
8752 0
8841 1
4754 0
1319 1
1319 1
4730 1
4073 1
8270 1
7284 1
9808 1
5890 0
4642 0
1319 1
7351 0
3359 1
9297 1
1319 0
9374 1
4996 0
8632 1
1319 1
9958 1
1461 1
5321 0
2672 0
2384 0
1681 1
1319 1
1319 0
8247 0
3305 1
3482 0
9792 1
1253 0
5574 0
4599 1
1319 1
6632 0
1319 0
4468 0
1319 0
1319 0
1451 1
6955 1
6790 0
1319 0
1531 1
2482 0
4817 1
7833 1
2436 1
2781 1
1319 1
8731 0
5687 1
8829 1
9780 1
7403 0
9449 0
1319 0
2161 1
9950 0
1319 1
6188 0
2272 0
6959 1
5788 0
1319 0
1319 1
7048 1
1319 0
3094 0
8729 1
5850 1
1319 0
1319 0
3272 0
1319 1
9602 1
5730 0
8887 1
2556 0
1319 0
2814 1
1319 1
3822 1
2698 1
1319 1
3726 1
1319 1
9403 0
7399 0
4719 0
4515 0
3757 1
1729 0
1319 1
9250 1
9834 0
9912 0
7147 1
4428 1
7882 0
5558 1
1319 0
8174 1
8903 0
1319 1
8598 0
5785 1
3049 1
9197 0
1319 1
7718 1
8620 1
4036 1
1319 0
3451 0
9151 1
5102 1
1319 1
9174 0
4631 1
8871 0
6589 1
2561 0
1319 0
5500 0
5303 0
4455 1
1319 1
1685 0
9859 0
1842 0
7065 0
1006 0
2568 0
1870 0
8734 1
1417 1
4076 0
7473 1
3145 0
4256 0
9941 1
3487 1
1319 1
5976 0
9779 0
9436 1
1724 1
5952 0
8217 1
7693 0
8011 0
2746 0
3839 0
9149 0
1319 0
6022 0
1319 1
7548 0
9852 0
8069 1
1319 0
6746 1
7377 1
1495 0
5965 1
1319 1
1319 1
8246 1
1580 1
1319 1
5748 1
1319 1
7402 0
4879 0
1454 1
9869 1
5784 1
1732 0
6331 0
1319 1
7148 0
2896 1
1093 0
9484 1
1326 1
1319 1
1297 0
3433 1
1319 0
3535 1
9175 0
6324 0
1319 0
1300 0
9042 0
1319 1
1319 1
5067 1
1319 0
1319 0
1945 0
1832 1
1007 1
3683 1
8256 0
7626 1
9128 1
5660 0
1319 1
1069 1
6947 1
1695 0
2292 0
3001 1
5166 0
2074 0
1319 1
1504 0
3516 0
9595 1
1319 1
6555 0
1319 0
1319 1
1594 0
4327 0
4828 0
3396 0
2777 0
1988 0
1319 1
3039 1
1319 1
5104 1
1319 1
5130 1
3025 1
2438 1
2925 1
9703 0
1257 0
2405 1
1319 0
2161 1
1319 1
8624 0
1319 0
9855 1
1794 1
1319 1
1823 0
3927 1
7020 0
1639 0
1319 0
1761 0
8544 1
2344 1
2199 1
2993 0
3360 1
2254 0
3893 1
7603 0
1319 0
1319 0
6214 1
4758 0
6103 1
4654 0
4000 1
1319 0
1726 1
1319 1
1319 1
1319 0
8456 0
8527 1
1319 0
6183 0
1319 0
5607 0
1319 1
1319 1
9005 1
1319 0
2491 0
5271 0
3727 0
8606 0
7282 0
4810 0
9000 1
9144 1
1319 1
8149 0
2121 1
6657 0
6658 1
1319 0
4359 0
1641 0
1319 0
5619 0
2118 0
1262 1
8411 1
6884 0
3542 1
1319 0
1319 0
1319 1
2791 0
5981 0
7616 1
7006 0
3185 0
7175 0
1076 0
1731 0
1319 1
9133 1
1010 1
3491 0
4735 1
5303 0
9637 1
8937 1
9297 0
3894 1
1319 0
1319 1
5577 1
2939 0
1319 0
2267 0
7199 1
6488 0
1319 1
7489 0
4817 0
8732 0
5176 0
9753 1
1319 1
9432 1
1700 1
1319 1
5093 1
1319 1
8020 0
1417 1
4060 1
4087 0
2598 1
1726 0
1159 0
1859 1
6110 0
4201 0
1319 0
5082 1
2553 0
5109 1
2841 1
9326 1
8505 1
8511 1
2158 0
5620 1
7707 0
7813 0
1319 1
5752 0
3911 1
1319 0
1319 0
1319 0
8853 0
6660 0
5638 1
4584 0
1319 0
3714 0
5755 0
2379 1
9379 1
7703 0
9727 1
1314 0
1322 1
3213 0
7542 1
1915 1
8425 0
1686 1
1563 0
7293 0
4602 1
7117 1
6292 1
7457 1
1319 1
4467 0
1319 0
1319 1
1319 1
1319 0
5583 0
9228 0
3831 0
7300 1
1319 0
4234 1
2870 0
6338 1
5702 1
8367 0
4063 1
1319 1
9029 0
1319 0
1319 1
1319 1
6456 0
3857 0
9818 1
9749 1
1319 0
7283 1
1346 0
5219 0
1319 1
1319 0
9931 0
7998 0
2947 0
6119 0
9332 1
1319 0
4046 1
1319 1
2875 1
7935 1
2680 0
1319 1
9043 0
3146 1
1080 0
6448 1
3408 1
3807 1
1319 0
7587 1
2874 1
1906 1
9870 1
6832 0
3093 1
1319 0
1319 0
1402 0
1319 0
6049 0
1319 0
3905 1
4100 1
6577 1
1319 1
1319 0
4672 1
6796 1
8016 0
6348 1
1319 0
1319 0
1319 0
9689 0
3790 1
1319 1
9696 0
3312 0
2726 1
2965 0
2096 0
2783 0
8519 0
1732 1
9944 0
6849 0
7598 1
4680 1
2785 1
1319 1
2375 0
8271 0
1319 0
1319 1
8922 1
1319 0
2628 1
6468 0
1005 0
4207 1
9134 0
1319 1
9932 0
1507 0
1539 0
9462 1
4316 1
4243 0
8612 1
2334 1
2525 0
1319 1
1319 0
1319 0
1319 1
7469 1
1957 0
2820 1
4707 0
1319 1
1668 1
9354 0
8232 0
3777 0
1070 0
1319 1
1885 0
2842 1
4662 0
5722 1
9189 1
1319 0
1319 0
7127 0
1319 0
1319 0
9222 1
9251 1
1497 0
4638 0
9459 1
4668 0
8795 0
4375 1
1502 1
4108 1
6802 1
6560 0
4555 0
7040 0
7892 1
1319 1
7020 0
1319 1
1319 1
1319 0
1313 0
7527 1
1319 0
2557 1
1319 0
7157 1
5488 1
1456 0
7477 1
5394 1
7646 1
1319 1
4774 0
3418 1
4975 0
7440 1
1319 1
5161 0
5617 0
9446 1
4840 0
2486 1
9446 1
2284 0
1319 1
2851 1
9291 0
6236 1
6930 0
1319 1
8071 0
9263 1
8102 0
4900 1
1319 0
4532 0
1319 1
7761 1
1319 1
3301 0
8853 1
5528 0
3051 1
1319 0
6077 1
3926 1
1319 0
7086 0
1319 1
9179 1
4795 0
3693 0
1078 0
1319 1
4438 0
1319 1
8053 1
1586 1
5003 1
2155 0
7687 0
1319 0
9435 1
1319 0
6714 0
1620 0
1319 0
7275 1
4629 1
1319 0
8671 0
3617 1
1319 1
1522 0
9401 0
1319 0
6663 1
1419 1
4937 1
2088 0
7280 0
5951 0
1319 1
5137 0
5659 0
2413 1
4475 0
1319 0
2664 0
1319 1
4258 0
9915 0
5714 0
8162 1
9651 1
1319 1
8461 0
1394 1
8991 0
1319 1
9012 0
3270 0
3185 1
5251 1
9765 0
9417 1
2080 1
1319 0
5638 1
1981 1
8988 1
9949 0
5951 0
9628 0
5283 1
6837 0
1319 1
4752 0
6260 1
6375 0
8783 0
1319 0
4073 1
6376 1
3357 1
4992 1
1319 0
6968 1
1720 1
1319 0
1319 0
3785 0
6077 0
4744 1
3113 1
9721 0
7114 1
7762 1
2082 0
1319 0
2953 0
1319 1
7437 1
1319 0
8271 0
8137 0
9874 1
7547 1
1085 1
3329 1
4845 1
4150 1
7046 0
8667 0
9491 1
6237 0
7987 1
1319 0
4863 1
1319 0
1319 1
6574 0
1319 0
6467 0
4816 1
2256 0
4320 0
4520 1
4595 0
1319 0
7234 0
8146 1
2072 1
2753 0
8543 1
4177 0
2223 1
6293 0
7815 1
9585 1
1319 0
9230 0
1305 0
1319 0
1319 1
5833 0
9115 1
4653 1
1319 1
6288 1
4247 1
7879 1
6096 1
8812 0
3600 1
3845 0
5281 0
1319 1
9109 0
8972 0
2213 0
5133 0
7300 1
8698 1
7752 0
4125 0
5567 1
5372 1
1319 1
7716 0
8690 1
1666 0
1319 1
5141 0
1191 1
7943 0
2069 0
3988 1
5712 0
2699 0
4557 0
7575 1
3351 0
1319 0
7861 1
1319 0
5963 0
1319 0
8510 1
5136 1
1691 1
2313 0
1626 1
1606 1
2166 1
1319 1
6380 0
1319 1
2181 0
7043 1
8531 0
1319 0
9735 0
7491 0
3742 0
1319 1
9703 1
7357 1
1319 0
1319 1
6140 0
5593 0
7132 0
1319 1
1544 1
9058 1
8179 1
1319 0
2925 0
1994 1
1319 0
1319 1
7436 1
1319 0
3976 1
1136 1
9369 0
3946 1
1319 0
9082 1
1319 1
9910 0
1319 0
1319 1
3488 1
1319 0
1319 0
7571 0
7246 0
5979 0
9244 0
1319 0
5960 1
5870 1
4539 1
1319 0
1053 0
1319 1
4267 0
3182 0
3888 0
7646 0
2042 0
1319 1
9921 1
4382 0
5118 1
2524 1
7369 0
9786 0
1319 0
7884 0
5530 0
3925 1
9928 1
9153 0
2918 1
6493 0
6586 0
5587 0
7075 0
1296 1
8444 1
5958 0
8012 0
7339 0
1048 0
1319 1
9794 1
8263 0
1319 1
1063 0
7712 1
1319 0
1319 1
1131 0
4325 1
4025 0
2995 0
1319 0
3727 0
1319 1
1319 1
2560 1
9272 0
2780 1
1319 0
1319 1
1319 1
1319 1
4622 0
8400 0
9325 0
5865 1
3599 0
3100 1
2829 0
8422 1
8850 0
3603 0
1319 0
1319 0
7832 1
7158 1
3023 0
1319 0
1319 0
2789 1
1319 0
2678 1
1319 0
5112 1
3584 0
9223 1
5824 1
7763 0
7475 0
7964 0
7105 0
1401 1
1319 0
1388 1
1872 0
1319 0
6723 1
2547 0
1319 0
5973 1
3177 1
4455 1
2638 0
2498 1
9239 0
7463 1
6553 0
1319 0
4991 0
1653 0
2142 0
1319 0
7856 1
1319 0
6142 0
1319 0
7259 1
4382 0
3996 0
8502 1
4752 0
5975 0
1319 0
1319 1
1319 1
7782 1
1319 0
1708 0
7729 0
1319 1
1319 1
4549 1
5991 1
1319 0
4877 0
6445 0
4225 0
1319 0
9971 1
2089 0
1319 1
9496 1
8801 1
4580 0
3836 0
1319 1
8842 1
2201 0
8693 0
6016 1
7105 1
1711 0
9488 1
1319 1
7916 1
1753 0
8466 1
8977 0
3713 1
1319 1
1319 1
5755 0
4442 1
8977 0
9665 1
1319 0
2035 1
4159 1
5125 1
7292 0
5504 0
8733 1
6420 1
1319 1
1319 1
4478 1
7162 1
1319 1
1319 1
1319 1
3833 0
7477 1
1319 0
5707 1
8830 1
3746 1
6640 0
9199 1
6692 1
8872 0
5205 1
3670 0
1319 1
9142 0
4562 0
1319 1
4678 0
7670 1
1319 1
1319 0
5654 1
4256 0
1838 1
4540 0
1319 1
1319 0
5846 0
4952 1
8714 0
9837 1
4430 1
6436 0
7044 0
5234 0
8775 0
9710 0
1319 1
6250 0
1260 1
4892 1
8817 1
8218 0
6532 0
7497 0
1319 1
1319 1
2699 1
6371 0
8974 0
9234 1
4126 1
9296 0
4866 0
1319 1
1319 1
1319 0
6043 1
1319 0
4885 1
4393 0
5321 1
1021 0
1319 0
6560 0
1426 0
8177 0
6073 1
1319 0
5749 0
1319 0
1319 1
1319 0
3053 1
3074 0
2588 0
8632 0
5456 1
6253 0
1319 0
4364 0
1319 1
8970 1
9350 1
1319 0
1319 1
2994 1
4527 0
9593 1
1319 0
6465 1
4429 0
1319 1
8231 1
1319 0
1319 1
3833 1
8812 1
1319 1
1319 1
3324 0
3536 0
6353 1
9782 1
3337 1
1319 0
1319 0
4955 1
7218 1
7663 1
5232 0
7556 0
7444 0
3797 0
1319 1
8254 0
5338 0
7509 0
1319 0
1319 0
5923 1
3244 1
7703 1
5336 1
9003 0
8403 1
1319 1
5237 0
9854 1
1319 0
2676 0
4951 0
4548 1
1319 1
4110 1
9177 0
6664 1
9381 1
1319 0
7163 1
1319 1
8845 1
1319 0
7714 0
9237 0
9114 0
3733 0
5946 0
1319 0
1203 0
9258 0
7874 1
4072 1
6552 0
1319 0
5894 0
5008 1
1319 1
5567 1
2415 0
8971 0
5581 0
3456 0
1319 0
4783 0
4087 1
6333 1
1342 0
2787 1
1319 1
8315 1
4638 1
9220 0
9028 0
2908 1
2340 0
8987 0
1663 1
9403 0
4311 0
1319 0
9119 0
7386 1
4990 0
2338 1
1765 0
6725 0
5747 1
7038 1
1319 0
1319 1
4040 1
3159 1
1319 1
1319 0
1319 0
1319 0
1319 0
1319 0
1319 1
2794 1
9123 1
5856 0
9603 0
5615 0
4852 0
4645 0
6263 0
2059 0
8279 1
7201 1
1319 1
7735 1
6253 0
1319 0
1319 1
1319 0
1319 1
5505 1
1319 0
1319 1
1319 0
4811 1
8365 1
9154 0
7205 1
6583 1
1328 1
8950 1
1319 1
8980 1
4400 0
7650 1
8508 1
6119 1
5959 1
6532 0
2145 1
6414 0
1319 1
4383 1
1142 0
1258 0
2614 0
2271 1
1319 1
1319 1
1319 1
8220 1
2757 1
9239 1
6958 0
1319 1
1319 0
1319 0
7858 0
1467 0
6548 1
4939 1
8863 1
4932 0
3767 1
1498 0
1407 1
8599 0
8306 0
3330 1
1725 1
1164 1
1319 1
1319 1
9536 1
9655 1
1154 1
7913 0
3864 0
8523 0
1853 0
1319 0
1682 0
4094 1
2658 0
5481 1
2804 1
1319 1
2861 0
5725 0
4248 1
1319 1
6933 1
4967 0
5413 1
7071 1
8905 0
1319 1
1319 0
8761 1
7540 0
9027 1
1319 1
1319 1
1319 0
1319 1
6705 1
9416 0
9914 1
1502 1
8686 0
6083 1
8206 0
4577 1
2401 0
9609 0
7295 1
5969 0
8190 0
7579 1
1319 1
9118 0
1877 1
5831 0
1319 0
1319 1
6586 1
9528 0
9599 1
3871 1
6600 1
6848 0
1319 0
4265 1
5112 0
9536 1
3713 0
6500 1
6583 0
6338 1
6932 1
2457 1
3951 1
5861 0
3878 0
1319 0
2109 1
1319 1
5148 1
8083 1
1319 0
7669 0
1319 0
3881 1
4551 0
5837 0
2236 0
7170 0
5818 1
1319 1
1319 0
7002 0
1319 1
9178 1
8341 0
1319 1
1082 0
2018 0
7547 1
5185 0
9084 1
4141 1
7495 0
1319 0
8730 1
4424 1
2231 1
4366 0
1319 0
7063 1
8600 0
1319 1
1037 0
1765 1
1319 1
7134 1
1319 1
5485 0
6798 0
1244 1
1707 0
1319 0
3474 0
1319 1
1319 0
1319 1
7340 0
1826 1
5367 1
3620 0
9370 1
5637 0
5320 0
1319 1
9906 1
1319 0
8996 1
1319 1
8550 1
3328 1
1319 1
6940 1
1941 0
8773 0
4465 0
8984 0
4617 1
9965 0
3654 0
1319 0
1896 1
9839 0
2197 1
1319 1
1319 1
4699 0
9189 1
9602 0
1319 0
2863 0
1319 1
7426 0
4535 1
9499 0
7392 0
1319 1
4115 0
9576 0
4105 0
9478 1
1319 1
8348 0
3126 0
1319 1
8230 0
8889 0
8409 1
1319 0
9123 0
1319 0
1508 0
1319 1
1319 1
1484 1
3610 1
9271 0
2783 1
2688 0
1797 0
3811 1
5271 1
1319 0
9820 1
1605 0
9090 1
3965 1
7371 1
1319 0
4268 0
5066 0
7877 1
9501 1
2633 1
3406 1
1319 1
1319 0
4606 1
7051 0
2279 0
5548 0
1319 0
4429 1
4172 0
5347 1
3694 0
8998 1
7040 1
5399 1
1319 1
7636 1
9536 1
6502 1
1319 1
9949 0
2648 1
5343 1
1319 1
1319 1
9520 1
6671 1
2456 1
1243 1
1319 0
3267 0
3096 1
2772 0
5789 1
6721 0
6000 0
7233 0
4823 1
2696 1
3810 1
4073 1
5738 1
3149 1
4988 0
1319 0
3560 0
1319 1
9689 1
1319 0
7742 1
8407 1
2662 0
5284 1
9869 0
3770 0
9330 0
2890 1
1241 0
1319 0
8225 0
8138 0
1319 1
3675 1
7959 0
1319 0
8637 0
3749 0
1319 0
8455 1
1319 1
3280 1
1319 1
1319 0
8069 1
1319 0
6825 1
8437 1
7075 1
1319 0
7692 0
3499 1
3144 0
1319 1
4755 0
1588 1
5288 1
2113 0
9550 1
3977 0
1153 1
2645 0
3476 0
7359 0
1319 0
4548 1
8973 0
2494 0
1319 0
7862 1
1319 0
6362 1
1260 1
7657 1
7198 0
4390 0
7939 0
4264 0
1319 1
3100 1
7314 1
5506 0
3852 1
1195 0
1319 0
7370 1
1319 0
5150 1
2739 0
6527 1
8627 0
5941 1
1448 0
1652 1
8199 1
5565 0
6462 0
5464 0
1717 1
3979 0
1548 1
2150 0
2293 0
7339 0
8548 1
7281 1
1319 0
3658 0
2306 1
6397 0
7015 0
3612 0
2502 0
1841 0
5535 1
1077 1
1319 0
3741 1
6693 1
6264 0
8122 0
9990 1
4884 1
1319 1
1319 1
4858 0
4229 1
1319 0
9830 1
3893 0
5615 0
1319 1
2624 1
1319 0
1319 0
2212 1
6005 1
5334 0
4739 0
1681 0
5432 0
8026 1
5918 0
1319 0
9260 0
1319 0
4824 0
1319 0
5716 0
7493 1
6504 0
9194 0
5904 0
2954 0
1114 1
9374 1
5674 1
8196 1
7415 1
7862 0
6314 0
6304 0
1319 0
1319 0
6430 1
1319 0
2285 0
6442 1
1319 0
6630 1
8307 1
7478 0
9504 1
4373 1
7849 0
4280 1
7176 1
1319 1
1319 1
1319 1
7237 1
7146 0
2270 0
2707 1
5801 0
9620 1
3283 1
5686 0
6726 1
1561 1
1319 0
1319 1
5831 1
1319 1
1264 0
5877 1
2731 0
1319 0
1464 1
5016 0
8015 1
9462 1
8146 0
3977 1
7430 1
3591 0
1319 0
5203 0
1319 1
2840 1
6856 1
1319 1
1319 1
9381 0
5749 1
8494 0
3578 1
7168 1
8104 0
9480 0
8672 1
5528 0
4103 0
2140 1
9971 0
6484 0
3076 0
8610 1
1319 1
6858 1
7634 0
9523 1
5863 1
1407 1
2684 0
8710 0
1583 0
6033 1
1319 0
9302 1
1629 0
1319 1
5868 0
1319 1
8642 1
4696 1
7074 0
1319 0
8578 0
2810 0
7309 0
6019 1
5012 0
7232 1
5315 0
3806 1
7686 1
1319 0
5440 1
8666 1
3496 0
9277 1
1319 0
5692 1
1319 0
1319 1
1319 0
7398 0
5084 1
5360 0
8809 1
8817 1
9387 0
3656 0
7258 1
3519 1
7814 1
1319 1
5790 0
3367 1
6851 0
1319 1
1989 0
7729 0
1385 0
4996 1
1319 1
1658 1
1319 1
5226 1
4229 1
7592 0
9764 1
8106 1
3187 1
9924 0
2272 1
6139 0
5173 1
1319 0
3409 1
1319 0
9256 1
1319 1
1319 1
3976 1
4327 0
3001 0
3649 1
5493 0
2350 0
9786 1
8802 0
8059 1
1784 1
1319 1
2237 1
9050 1
6708 0
6465 1
5275 0
1097 0
5681 1
1319 1
2559 0
1319 1
5388 0
6626 1
1319 0
7858 0
5870 0
5727 1
4286 1
1319 0
1319 1
1319 1
1319 1
7596 0
1319 0
1319 1
4047 1
1677 0
1562 0
7760 1
7855 1
5127 1
2513 1
1319 1
1319 1
6854 0
9254 1
1319 1
3002 1
3433 1
8066 0
1319 1
9949 0
1319 1
1319 1
1319 0
4137 0
9991 0
6598 1
6251 0
6582 1
2180 0
7186 0
1319 1
2159 1
7483 1
5259 1
7803 1
1531 0
1319 1
8871 1
1319 0
9805 0
9813 0
4053 1
1319 0
9225 1
5766 1
5445 0
8819 0
2439 1
1310 0
9468 1
3454 1
7330 1
5957 1
1319 0
1319 1
3826 0
5623 1
1319 0
6134 1
1319 1
1319 0
9364 0
2819 1
1319 1
7639 1
2223 1
4855 0
8145 1
9898 1
5349 0
4605 1
5764 0
5234 0
1409 0
1319 1
1319 1
1319 1
3353 0
1319 0
1319 1
2306 1
4008 1
1319 1
1319 1
9323 0
1543 1
1319 0
9791 0
1319 1
2670 0
6574 1
1672 0
1319 1
1256 0
5222 0
1319 1
4743 1
5820 1
9509 1
5621 0
1319 1
2378 1
1319 0
4576 1
1319 0
6154 1
6149 0
2818 1
6383 1
4684 0
1319 1
8287 0
1319 0
1319 1
4097 1
2370 1
1319 1
8196 1
7484 0
7867 0
1422 1
3486 0
7523 1
6203 1
5100 1
8591 1
1319 1
1319 0
3000 1
1319 0
6377 1
7698 1
3704 1
1319 1
8661 0
7680 1
6637 0
9109 0
1319 1
1319 1
2115 1
3684 0
1319 1
2633 0
3948 0
1319 0
4276 1
9637 0
1319 1
5597 0
8510 0
1775 0
3524 0
3680 0
5313 0
1319 1
1319 0
3902 0
3753 1
9241 1
1319 0
7945 0
2120 1
7547 1
1319 1
3160 0
1319 0
1319 1
1319 0
1319 1
1319 0
1319 0
1319 1
5104 1
9402 1
7874 0
5421 1
4379 0
3723 0
6192 1
1784 1
2777 1
2455 1
8408 0
7322 0
3247 0
6646 1
1319 1
1319 0
1319 0
1319 1
1319 1
6424 0
8201 1
1319 0
5803 0
4882 0
2975 0
1615 0
1319 1
7681 0
7129 0
2769 0
5545 0
1099 0
7107 1
6228 0
1319 0
7763 0
8378 1
8530 1
6850 1
1319 0
4253 0
1319 1
3659 0
2409 1
5963 1
1751 0
5867 0
1597 1
9127 0
3329 0
7404 1
9004 0
8241 1
1319 0
8313 0
4251 0
8211 1
1319 1
1319 0
4742 1
3559 1
1212 1
2119 1
1825 1
1319 1
5026 1
1319 0
3620 0
7114 0
1319 0
1319 1
1319 0
8399 1
8612 0
9731 1
7909 0
2042 0
9841 0
9243 0
4208 0
5409 1
3326 1
1319 1
7577 0
7561 1
7421 0
8045 0
9035 1
1277 1
7788 0
6116 0
1319 1
8399 1
9652 0
2312 1
9616 1
7154 1
6530 1
1319 0
1319 0
8795 0
3107 0
8179 0
3930 1
1319 1
6369 1
1319 0
8503 1
3726 0
1319 1
6320 0
7907 1
2896 0
9134 0
4031 0
4052 1
6773 1
9757 0
5129 0
2581 0
7502 0
8521 1
3426 1
6334 0
9083 1
1430 1
1739 1
1601 0
1319 0
1588 1
5928 0
6588 1
5155 0
9323 1
3625 0
7310 1
5048 0
1319 1
1377 1
4047 1
5161 0
1319 1
7636 1
1319 0
8990 1
4809 0
1319 0
7993 1
5650 0
4032 1
5915 1
8387 0
6787 1
1775 0
1319 1
8374 0
3183 0
5600 1
7053 1
8283 1
7243 0
6602 0
1122 0
9975 1
1319 0
6964 1
2702 1
3237 0
5878 1
1319 1
6472 0
1067 0
6669 0
6791 0
1319 0
1319 0
1319 1
1319 0
6859 1
1319 0
3947 0
2135 1
4959 0
2378 0
5399 1
2190 1
5309 1
6129 1
1261 0
9592 0
8922 1
7339 0
3286 0
4592 0
8646 0
8580 0
1319 1
2081 1
9108 0
9764 1
3232 1
8647 0
1319 0
6726 0
1319 0
1319 0
8348 0
2531 0
4726 0
5699 0
1319 0
3755 1
7388 0
6437 0
9548 0
8609 1
6737 0
1319 1
9895 0
4621 0
6673 0
9959 1
2424 1
7342 0
9348 1
5432 0
1319 1
8469 1
8624 0
2882 0
1319 0
6253 1
3564 0
1319 0
8361 0
8232 0
5003 0
6735 0
5204 1
3828 0
1319 1
2352 1
4957 0
4873 1
6213 0
1319 1
6284 1
1319 1
6083 0
4185 0
9998 0
2770 1
1474 1
5431 1
6656 0
2869 1
4116 1
9745 1
6189 0
1319 0
2150 1
9909 0
1319 0
1231 1
1319 0
9237 1
7460 0
1319 0
9703 1
7367 0
4817 0
2805 1
3439 0
9547 0
7130 0
6497 1
1319 0
3353 0
9793 1
8792 0
1694 1
6169 1
1319 0
1095 0
6994 0
4125 0
9622 1
2142 0
7906 1
1319 0
8761 0
9455 1
1319 0
2048 0
2143 0
8137 1
8614 1
8236 1
1319 0
3783 1
6400 1
2513 1
8320 0
1297 1
6123 1
7686 0
6953 0
4592 1
4387 1
1319 0
9541 0
9914 0
5551 0
4628 1
2361 1
2649 1
4221 0
6001 1
7271 1
2148 0
8809 1
9222 0
2148 1
8747 1
1319 0
1608 1
5661 0
1981 0
7182 1
1319 0
1624 0
6786 1
1319 0
3417 1
6813 0
6497 0
4457 0
6470 0
7451 1
4634 0
8840 1
3270 0
1319 1
2233 1
1319 0
1319 1
6046 1
1319 0
1319 0
6507 1
1319 0
1506 0
1319 0
1319 1
3406 1
2576 0
1319 1
8310 1
7364 1
9021 1
3941 1
5196 1
9218 0
1319 0
1319 0
6995 1
4627 1
3491 0
1319 0
6119 0
1319 0
5878 0
8415 1
6824 1
1319 0
5586 1
2224 0
6231 1
3106 1
4063 1
6534 1
3394 1
1033 0
1319 0
6808 1
8901 0
1319 0
1688 0
1319 1
5790 1
6363 0
7270 0
9257 1
1319 0
4196 0
3474 0
9999 1
1319 1
7326 1
1319 1
2978 1
1319 1
1319 0
7710 1
4319 0
7793 0
8603 0
8870 0
5389 1
1319 1
5336 1
1319 0
5909 0
1319 0
6437 0
1483 0
3182 1
1319 0
4584 1
6211 0
1319 0
8231 1
9138 0
6727 1
6707 1
9496 0
7332 0
9514 1
1240 0
6688 1
1319 0
3314 1
3698 0
1319 0
9463 1
1319 1
7141 1
6520 1
4649 0
1319 0
1331 1
2252 0
3914 0
1319 0
1319 1
1319 0
3359 0
8530 1
1550 0
9901 1
8767 1
5226 0
1319 0
8284 1
7487 0
9387 1
3554 0
1408 1
5425 1
6845 1
7528 0
3971 1
1319 0
8817 1
9896 0
4132 0
1319 1
4446 1
2206 0
3983 1
9828 0
4708 0
7680 1
4778 1
8903 1
8673 0
6897 0
1175 1
2865 1
7851 1
7683 1
5965 0
4114 0
3708 0
1319 0
2045 1
1747 1
1319 1
1319 1
8298 0
3741 0
2876 1
1319 1
1319 0
2171 0
2231 0
7053 1
1319 1
5819 0
4513 0
1951 0
5693 0
6018 0
1319 1
6597 1
7768 0
6351 0
1319 0
1937 1
1319 0
5130 1
1727 1
3824 0
3978 1
2518 0
5467 1
9587 1
5938 0
1319 1
1319 1
2984 1
4466 1
5193 0
5369 0
8347 1
7218 1
1319 1
4323 1
7854 1
1319 0
9084 1
8420 1
2886 0
1319 1
1319 0
2610 1
1319 0
1718 1
3404 0
1319 1
5735 0
3985 1
1319 1
1319 0
6075 1
4071 0
9723 1
1319 1
1319 0
3550 0
5954 0
1319 1
9995 0
1332 1
7605 1
9959 0
2513 1
2311 1
1319 0
6368 0
1319 1
5599 1
9859 1
9854 1
7539 0
1319 0
4580 0
7606 1
1163 1
4700 1
1068 1
8987 0
1213 1
1319 0
3759 1
1298 1
5442 0
6898 1
1319 0
4047 1
7747 0
5168 1
1319 1
8449 0
1319 1
4564 0
3257 0
1319 0
5522 0
6201 0
9739 1
1319 0
3382 0
9796 0
6471 1
8520 1
3084 1
2693 0
9295 1
5823 0
5235 0
1343 0
7902 1
9629 1
9215 0
9522 0
1319 0
4029 1
3821 0
9818 0
7271 0
5047 0
1999 1
3982 0
1319 1
2751 0
1319 0
5308 0
5690 1
1319 1
1603 0
1319 0
2528 0
1319 0
5351 1
1319 0
9732 1
8835 1
7461 0
1319 1
5178 0
1041 0
3075 0
8732 0
3084 0
4788 0
9474 1
1977 0
7549 0
8663 0
2582 0
5205 1
3136 1
7393 1
7286 0
7820 0
8198 0
5660 1
1958 0
4717 1
7295 1
4102 1
8245 1
1319 0
2393 1
6323 1
7689 0
1319 1
1777 1
2735 1
1319 0
3102 1
9611 0
4454 1
7706 0
1319 0
5721 1
1319 1
6777 0
5560 1
1933 0
6466 0
5920 1
1319 1
1092 0
7665 0
6993 0
1319 0
1319 1
2793 0
8195 0
9705 0
7744 0
4046 0
5630 1
1319 0
7109 1
1319 0
1319 0
5799 0
1153 1
6911 1
1319 0
7284 1
6598 0
1319 0
8142 1
7569 1
7308 1
1393 1
1319 0
8891 1
8821 0
1319 1
9322 1
8788 1
2300 1
9443 0
1319 0
4007 0
5213 1
1319 1
9654 0
6293 1
7598 0
1319 0
3407 1
9018 1
6472 0
6296 0
9303 1
1868 0
5045 0
1319 0
4801 1
8751 0
3024 1
2437 0
3150 1
9659 1
1531 1
9428 1
6743 1
8723 1
9065 0
4730 0
1319 0
1319 0
7001 0
1319 1
3580 0
6979 0
7034 0
7958 1
1279 0
7066 0
9264 0
9429 0
4415 1
8921 0
9728 0
1319 1
7650 1
1319 1
1319 0
5874 1
9975 1
2513 1
6590 0
8880 1
5522 0
7668 1
8625 0
6275 0
9048 0
8391 1
1319 0
1319 1
3197 0
1319 0
8446 0
1366 0
6279 1
1319 1
1319 0
1319 1
1141 0
6020 1
9780 1
3135 0
1319 1
1319 0
1319 1
1319 1
9966 0
1319 1
2203 1
1363 1
1504 1
3876 0
1319 0
4430 1
7342 1
6394 1
1319 0
1319 1
1910 0
4488 1
1319 1
3269 0
9722 0
6782 0
1771 0
3708 1
7637 1
1319 0
1319 1
5481 1
5795 0
9179 1
1319 0
1405 0
3315 0
5234 1
9296 1
9907 1
1319 1
8784 0
4265 0
1319 0
1319 1
1319 1
1744 0
1319 1
2332 1
3918 1
3214 0
1319 1
7604 0
6388 1
7005 1
3417 1
1319 1
1319 1
6018 1
3121 1
1319 1
9111 0
1710 0
1319 1
1319 1
1319 0
9861 1
2070 1
1319 0
1319 0
8866 0
1319 1
3764 0
1441 1
5037 1
1753 1
8622 1
1319 0
1319 1
8938 0
8456 1
5033 1
4037 1
1319 1
1830 1
2161 0
1319 0
9075 1
1319 0
4084 0
7592 0
9331 0
8743 1
1844 0
6109 0
1319 1
5982 0
9098 0
1319 1
1319 0
6287 1
4480 1
5526 0
3184 1
5322 0
1939 1
6331 0
1319 0
7387 0
2031 0
7388 1
4181 1
4918 0
2338 0
1319 0
1319 0
6013 0
4626 1
7810 1
1319 1
1319 0
6242 1
4843 0
6354 0
1319 1
4110 1
5316 1
1319 0
2458 1
7923 1
1319 1
3785 1
9014 1
6335 0
6837 1
2257 0
2720 1
1319 0
1319 0
9807 0
1319 1
4069 1
8663 0
1319 0
7525 1
1319 1
1498 0
9107 0
1827 1
5216 0
5839 1
2435 0
5505 1
1319 0
9336 0
4213 0
4182 1
6655 1
2589 1
1319 1
4492 1
9331 0
1767 1
3624 0
4144 0
2478 1
4026 1
1411 0
1319 1
3305 0
1319 0
8620 1
1319 0
1319 1
5393 0
8849 0
1756 1
6789 0
1319 0
3515 1
9102 0
1319 0
1319 1
6669 0
1973 0
4396 1
9443 1
3338 1
5063 0
9815 1
1319 1
5607 1
9255 0
6308 1
1319 1
7341 1
1319 1
2158 0
5653 0
7484 1
2177 1
9145 0
1319 0
4343 0
6690 0
9410 1
4103 1
2192 0
6076 0
9650 1
1935 0
1319 0
9198 0
7654 0
8014 1
1319 1
5974 0
9077 1
1319 1
1629 1
5667 1
1319 0
6093 1
6228 1
1319 1
7810 0
1997 0
2472 1
5489 0
6733 0
1319 0
8630 1
8606 0
1319 1
6575 1
1319 1
3871 1
3389 1
1294 1
1319 0
1319 1
5089 1
6155 0
2888 1
9516 1
8091 1
6811 0
1319 1
7145 0
3904 1
1319 1
9288 0
1729 1
6884 1
8772 1
8289 0
6380 1
9544 0
6579 0
1319 1
4941 0
1426 1
8038 1
1319 1
8764 0
1319 0
1073 1
1319 1
4407 1
3195 0
8709 1
1319 0
1319 1
2902 0
9940 0
2885 1
1193 1
2239 0
1319 1
7330 0
1319 0
9779 1
9962 0
1319 0
5403 0
5410 0
7296 1
1319 1
8973 0
6403 0
1319 1
2547 1
7097 0
7708 0
1608 0
3364 0
5126 0
8774 1
4073 0
1263 1
8874 0
4815 1
6244 0
5195 0
1319 0
4688 0
7917 0
2777 1
9155 0
9243 1
1319 0
1319 0
2747 1
3256 0
8606 1
1319 0
5439 0
1319 0
7420 1
5445 0
1319 0
6243 1
1319 1
4310 0
7312 1
6558 1
7351 1
6905 0
1319 0
1319 1
4143 0
1319 1
1319 0
2015 1
8947 1
6501 0
4214 1
8721 1
6364 0
8446 0
1319 0
3871 1
7711 1
9663 0
9656 1
2343 0
7471 0
9297 1
1130 0
8672 1
6779 1
1319 1
1319 1
2435 0
2098 0
8107 1
6802 0
4274 0
9923 1
1319 1
9843 1
2985 0
1319 1
7513 0
6300 1
7399 1
1319 0
2279 0
1544 0
3066 1
1319 0
9998 0
1319 1
4548 0
1319 0
4934 1
9117 0
8497 1
1319 0
2213 1
1499 0
1319 1
9042 1
8156 1
9255 0
1319 1
3991 0
9935 1
1629 0
4182 0
1319 1
2514 0
8638 1
1319 1
4493 1
2119 1
1820 0
1319 1
2745 0
4509 0
2155 0
5964 1
1319 0
3978 1
3834 0
4679 1
1319 0
1319 1
8697 1
1011 1
1319 1
9016 0
8630 1
9991 1
1319 1
2461 0
2611 0
1319 0
1319 1
3103 1
1319 1
2147 0
1319 1
5768 1
4399 0
1742 1
2693 1
3911 0
4731 1
3560 0
5663 1
9554 1
5330 1
8148 1
1319 0
1319 0
4499 1
3544 0
1319 0
5125 1
1428 1
5467 1
1641 1
1319 1
1319 1
8852 1
1072 1
1319 1
9674 1
4322 1
5151 0
8721 1
6335 0
2323 1
5147 1
5209 1
4628 0
6803 0
9830 0
1319 1
6712 0
2924 0
1319 1
1319 1
2553 0
7060 0
1319 0
5647 1
1609 1
2656 0
1319 0
6353 1
8485 0
4888 0
1319 0
6038 0
1319 1
8358 1
1319 1
1319 0
1319 0
6730 0
6683 0
9388 0
5226 0
9114 0
6422 1
2636 1
1319 0
4533 1
4594 1
5264 0
4942 1
1319 0
1319 0
3622 0
2823 0
1319 1
1120 0
9843 1
5277 0
4055 0
3146 0
5319 0
1527 1
6123 1
5946 0
8586 0
1297 0
1997 0
1319 1
9818 0
1319 1
5282 1
1319 1
4935 0
6110 0
4612 0
4938 0
2652 0
7359 1
6531 0
1319 0
4981 1
1319 1
1319 0
6150 1
7771 1
9474 0
8040 0
1319 1
1319 0
1184 1
4067 1
9417 1
1319 0
6667 1
9236 1
1319 0
2073 1
1955 1
5775 1
8600 1
6136 0
1319 1
9147 1
9199 1
3219 0
1319 1
1319 0
1957 1
7616 1
1319 1
1319 1
3108 0
1319 0
9389 0
5888 1
5088 0
1319 1
4488 0
6488 0
1319 1
3796 0
5111 1
1319 0
1776 0
1319 0
5364 1
1319 1
9956 1
4615 0
4433 1
2345 1
3994 1
7227 1
1343 1
1319 1
2788 1
4504 0
9697 0
6223 0
8495 0
2287 0
7610 0
6730 0
7313 1
8470 1
3865 0
8240 0
8483 0
8682 1
9848 0
5448 1
1319 1
1319 0
1319 0
9555 1
1770 1
1319 0
2142 1
3413 1
8085 0
8980 1
8370 0
6400 0
8392 0
7114 0
9501 1
1319 0
2100 0
1319 0
1965 1
9050 1
8030 0
1319 1
8470 1
6400 1
1319 1
1366 0
1319 0
2926 0
5414 0
1922 0
1319 0
1974 1
1876 1
5005 1
9805 0
1319 1
6279 1
4143 1
6069 1
1483 0
1319 1
1319 0
9182 0
1319 1
4932 1
1319 1
1319 1
8744 0
5023 0
1319 0
2694 1
1923 1
3903 0
8508 0
2438 0
6245 0
2410 0
4731 1
2590 0
9056 1
9529 1
1116 1
1319 1
9868 0
4738 0
9777 1
4451 1
1319 1
8972 1
1562 1
6970 0
6499 0
3968 1
1499 1
1319 0
1319 0
6829 1
3307 1
4900 0
3872 1
1786 1
1319 0
3506 1
3562 1
1319 1
9798 1
6394 0
9575 1
9234 0
1319 0
5417 0
3612 0
1328 0
3835 0
6397 1
2702 0
1620 1
9536 0
9283 0
1319 0
9319 1
3677 1
7822 1
7074 0
4286 0
2426 1
8344 0
8292 1
1374 1
9491 0
8840 1
3606 0
1319 1
1319 1
2123 1
5409 1
4187 1
2532 1
9824 1
7550 0
7041 0
3233 1
1319 0
6756 1
3485 0
3584 0
3592 1
3635 0
2046 1
7849 0
6346 0
2720 0
1319 0
5996 0
2877 0
4860 0
9838 1
7863 1
1319 1
7567 0
1319 0
1319 1
4780 0
1963 0
5726 0
6245 1
6602 1
9544 1
1319 1
1972 0
2218 1
7386 1
7084 0
7352 1
4072 0
5788 1
1319 1
1319 1
2384 1
2912 0
3884 0
1319 0
3082 1
4847 1
7745 1
1319 0
7030 1
5017 0
6453 1
5189 0
1319 0
1319 1
6727 1
9306 1
1171 1
2140 0
1319 0
4297 0
1319 0
3242 0
6463 0
2719 0
1319 0
6587 1
1319 0
2560 0
1415 1
4367 1
6278 0
1319 1
1319 0
7188 1
9422 1
1319 0
1319 0
3059 1
1319 1
5100 1
5515 0
6234 1
8865 1
9304 1
2985 1
8482 0
4051 0
4707 0
4531 0
1319 0
1319 1
3347 1
8581 0
4798 1
4102 0
3440 0
8274 0
1319 1
8395 1
2172 0
6093 0
7874 0
2554 1
6412 0
9380 1
1319 0
8232 0
1319 0
1319 1
1319 1
1319 1
6316 1
1319 1
3790 0
8396 0
8935 0
4272 0
1319 0
8855 0
4223 1
3620 1
1412 0
4081 1
5490 0
8478 1
1372 1
1319 1
1319 0
6909 1
1319 0
9638 1
1319 0
1319 1
4076 1
7157 0
9000 0
7478 1
1319 1
5488 0
1028 1
1319 1
1319 0
1926 0
3718 0
1019 0
4230 0
8588 0
4179 0
2103 1
1319 1
3387 0
9980 1
9688 0
3088 0
1800 1
1319 1
7754 1
1319 1
9998 0
5715 0
4771 1
4510 1
4490 1
1319 1
5727 1
2880 0
6404 1
1319 1
1319 0
7489 0
1319 0
9114 1
1319 0
4955 1
5797 0
6328 0
8948 1
3368 0
6729 0
3681 0
1170 1
1319 0
1530 0
2622 0
2312 1
5612 1
1319 0
3464 0
5832 0
8913 0
8946 0
1319 0
1172 0
1703 0
3325 0
1989 0
6602 1
9674 0
8266 1
1716 1
4620 0
8939 0
9278 1
1256 0
9669 1
2472 1
2463 1
3321 1
6644 0
1319 0
7967 0
1907 1
6252 1
1319 1
9001 1
6022 0
7495 1
6310 0
1319 1
7101 1
1319 1
7042 1
1319 1
1319 1
8436 0
1319 1
8485 0
4507 1
2002 0
4664 1
9648 1
8627 1
4461 1
1319 1
9385 1
7821 1
1731 1
9037 0
4990 1
8181 0
6802 1
1425 1
2536 1
7041 1
1319 0
2933 1
1319 1
6059 0
5096 0
1319 1
7669 0
1275 0
9881 1
8115 1
1319 0
1319 1
5893 0
1319 0
1319 1
7979 1
9427 1
5866 0
1319 0
2107 0
1319 1
4911 0
5283 0
6424 0
1319 0
1319 0
1319 1
1267 0
1319 1
1114 1
1319 0
1319 0
2308 0
4120 1
5666 0
1341 1
1909 1
5597 0
8171 1
1319 1
1319 1
6934 1
1319 0
9294 0
1319 1
9578 0
5554 1
4307 0
1319 1
1319 1
1858 0
1319 0
6833 1
1119 1
8453 1
2799 1
1319 0
8796 1
1319 1
5267 1
1344 0
7831 0
3292 0
6477 1
1319 0
4917 1
2724 0
6572 0
5368 1
3341 1
5708 0
5204 1
2910 1
3678 0
9044 0
8138 1
1319 0
7344 1
4515 1
3084 0
1319 1
1319 0
1319 0
8927 0
1778 0
8816 1
6962 0
1319 1
1319 0
1319 1
7875 0
9954 0
2726 0
6559 0
2948 1
1247 0
1319 1
8806 1
8010 0
7711 0
4756 0
2668 1
5312 0
9836 1
1588 0
4972 0
9134 1
9464 1
6757 1
3076 0
5911 0
6621 0
1319 0
7082 0
4803 0
4630 1
7670 1
1319 1
1319 0
3943 0
1319 0
7952 0
1621 1
5957 0
2958 0
8796 0
3574 0
2324 0
6560 0
1319 0
1319 1
4788 0
1319 1
1319 1
9907 0
5167 1
1214 0
3712 1
1319 0
7676 0
1588 0
8200 1
3623 1
7931 0
8037 0
1617 0
3958 0
1319 0
1319 0
2324 0
6352 0
4292 1
2492 0
5115 1
3047 0
7436 0
1319 1
1319 0
1782 0
6754 0
5430 0
8134 0
2426 1
1271 1
2738 1
2137 1
5925 1
1330 0
6045 0
4906 1
5689 1
1043 0
1446 0
4359 1
1319 0
1319 1
1319 1
3357 1
1319 0
4546 1
3198 0
4957 1
2147 0
3823 1
6925 0
1299 1
6411 0
1012 1
1319 1
3570 1
1415 0
8869 1
3034 0
8044 1
9760 1
7076 0
9757 1
1319 0
3025 1
2564 0
4609 1
8909 0
7723 1
2035 1
8296 0
7897 1
7901 0
1319 1
6272 0
9469 1
8963 1
1319 0
5333 0
9408 0
7795 1
6092 0
3989 1
8243 1
2188 0
3300 0
5467 1
4909 1
2040 0
1319 0
5564 1
3312 1
4368 0
1319 1
1319 1
6194 1
2532 1
2043 0
3165 1
2587 1
8040 1
3604 1
3268 0
6636 0
4319 1
6826 1
1319 1
1319 1
9087 1
2253 1
1319 0
1319 0
1319 0
8189 1
7809 1
4446 1
5117 0
1319 1
1319 0
1319 0
6559 1
1319 0
1319 1
1319 1
9631 1
1319 0
4845 1
1319 0
8722 1
3839 0
8487 0
9163 0
1319 0
8641 0
1319 0
8625 0
1550 0
1319 1
1026 1
7464 1
4410 0
9551 1
5109 1
2597 1
1319 0
6236 1
4861 1
2764 0
7133 1
6778 1
2497 0
1319 1
2747 1
1319 0
2041 0
3345 0
5934 1
1319 1
6227 1
1171 0
1319 0
8289 0
6031 0
5622 0
1319 0
8546 1
1319 1
6633 1
2010 1
6241 1
4838 0
7807 0
3448 1
1319 0
2547 0
6727 1
1319 1
1319 0
2773 1
1319 0
1319 1
8285 0
3124 0
7283 1
1319 1
1319 1
4359 0
9741 0
4553 1
5249 0
6283 0
8327 0
1319 0
1319 1
1319 1
3371 0
3103 0
5018 1
7388 0
7059 1
1319 1
3427 0
4693 1
9483 0
3948 1
7761 0
8737 0
1319 1
1319 1
1319 1
9373 0
7554 1
7337 0
9755 1
4148 1
1506 1
6600 0
2417 1
6690 0
1319 1
2171 0
3542 1
8025 1
5935 1
7538 1
5977 0
4716 1
1216 1
2805 0
8955 0
5554 0
4173 0
6699 1
3915 0
9886 0
7357 0
5335 0
1319 0
5163 1
9129 0
7924 0
1319 0
8165 0
2217 1
2484 1
2370 1
6079 1
1414 0
6679 1
2642 1
6643 1
3013 1
1319 0
4666 1
6653 0
8812 1
1319 0
9811 1
7578 1
4257 0
3251 0
1319 0
7303 0
6867 0
7886 0
1319 1
1319 0
1319 1
4682 0
8569 1
8715 0
1319 1
1319 0
8905 0
3560 0
1319 1
5966 1
5538 1
4824 1
7842 1
8023 0
3135 1
1503 1
2123 0
7990 1
9468 1
4269 1
8582 1
1319 1
8093 0
7036 1
4549 1
1319 0
3307 1
1319 1
1319 0
9671 1
5443 1
8828 0
2456 1
8907 0
1553 1
1222 0
3026 0
2685 0
3468 0
1319 1
4161 1
1319 0
3165 1
1973 0
1319 0
9011 1
5789 1
3401 1
1319 1
3242 1
2464 1
1357 1
1319 0
1074 1
1625 0
1319 0
1319 1
2850 0
9857 0
1319 1
1319 1
7526 0
8990 1
6699 0
7745 0
1319 0
9358 0
2248 1
3149 1
1319 0
1319 0
1319 1
1319 1
4202 1
3192 1
6244 1
1319 1
5052 0
1319 0
1055 0
2429 0
4785 0
3530 1
9206 0
1319 1
1319 1
3685 0
9810 0
3760 1
2732 1
2787 0
1568 0
2705 0
1319 1
2203 0
1319 1
9092 0
1319 1
1706 1
9245 1
1319 0
8723 1
6481 0
5751 0
1319 0
4783 1
5577 1
1319 0
8922 1
3741 1
3788 0
1468 0
6543 1
3025 0
7776 0
4206 0
9656 0
5945 0
1327 1
1319 1
5727 1
5375 1
4105 0
8193 1
1965 1
7559 1
3187 1
5405 0
5284 1
4085 0
2979 1
4661 1
1319 1
9154 0
2915 1
1319 1
2995 0
5183 1
9588 1
1319 0
9046 1
8921 0
8732 1
3628 0
2782 1
2050 0
2017 0
6521 1
1319 1
2537 0
3761 1
1319 1
5754 1
1838 1
1319 1
2034 1
5016 1
6082 0
1319 1
5590 0
5664 1
6099 0
2931 1
7685 1
8524 0
9343 1
2944 0
6596 0
5968 1
1862 1
4589 1
1319 1
8066 0
3584 1
4517 0
1223 1
6814 0
2372 0
2257 1
4954 0
9593 1
9896 1
3651 0
1319 1
1319 0
1319 1
1012 0
4954 0
1841 1
8028 0
3832 0
4202 1
5513 1
5940 0
3460 1
3880 0
6538 0
4353 0
2927 0
3932 0
7773 0
2349 0
7354 0
9112 0
1319 1
1319 1
2321 1
7859 1
1319 1
8966 0
9175 0
8380 0
1535 1
3585 1
5427 1
9711 0
9478 0
2790 1
5009 1
2091 0
7581 1
1319 0
3394 1
6997 0
7954 0
5375 1
7488 1
9330 0
3157 1
8832 0
7122 0
1319 0
8028 0
1319 1
4405 1
2359 1
1319 0
2265 0
9609 0
9742 1
4885 0
1319 0
1319 0
1319 0
1319 0
6372 1
9777 0
1319 0
1319 1
8125 0
3295 1
9094 0
4124 1
8961 1
7615 1
3932 1
6656 0
6434 1
2274 1
1319 1
1867 1
6282 1
1319 0
1319 0
1319 0
9703 0
2267 0
9554 1
6297 0
8298 0
7139 0
1457 1
7070 0
2778 0
1319 1
1319 0
1319 0
2221 1
