7378 7524
7626 1
7524 1
8359 1
7532 1
9749 0
4229 0
7524 0
4218 0
6059 1
7524 1
7524 0
7992 1
1901 0
7524 1
2215 0
7028 0
7524 0
6401 0
5093 0
6002 1
2277 1
2745 1
7090 1
7991 1
6044 0
5609 1
9255 1
4432 1
4913 0
8613 0
5723 0
4397 1
7524 0
9959 0
8226 0
5032 1
7524 1
4319 1
5103 0
9017 0
4982 1
7524 1
6045 1
5270 1
2581 0
7160 0
7524 0
7524 1
7498 0
8920 0
9965 1
6780 1
3696 0
6094 1
1364 1
7524 1
9137 1
1781 0
7490 0
4871 1
6355 0
6856 1
2339 0
3879 1
3227 1
4746 1
8391 0
7524 0
7524 0
3422 0
7524 1
4626 0
7777 0
5060 1
7687 1
7524 1
7214 0
7524 1
1143 0
6957 0
7524 1
7524 1
3026 0
3026 0
6235 1
1782 0
9209 0
7215 0
8967 0
6462 0
9772 0
3959 0
7524 1
7524 1
7524 1
5039 0
7524 1
7524 0
1342 0
7557 1
7524 1
8951 1
5564 1
8257 1
1034 0
5581 0
6038 1
8350 1
8714 0
8982 1
3721 1
7524 0
7524 1
3024 1
1281 0
7524 1
7524 0
7524 0
5638 0
3988 1
9054 1
5389 0
8110 1
7565 1
3124 1
7524 1
4150 1
7524 0
7309 1
7524 1
3306 0
7524 1
2493 0
1612 0
1887 0
8623 0
8382 0
5775 1
3484 1
7145 0
6444 1
7524 0
7676 1
9262 0
8407 0
7524 1
2235 1
9618 0
5393 1
5229 0
8726 1
7524 1
7524 0
4020 0
7781 1
9506 0
3118 1
4354 1
7524 0
2489 1
7524 0
9222 0
3775 0
7524 0
7804 0
9190 1
5791 1
7524 1
8531 0
6744 0
1351 1
3315 0
7524 0
1785 1
7524 0
2022 0
6277 0
2855 0
7107 1
2991 1
8735 1
9087 0
8754 0
7644 0
7524 0
6306 1
6148 1
7829 1
2653 1
9038 0
7524 1
1320 0
7524 1
5847 1
5682 0
1007 0
7524 1
4297 0
7524 1
1516 1
7524 1
4686 1
1367 1
7161 0
2731 1
7524 0
5990 0
8514 0
7597 1
7524 0
7524 1
8910 1
4861 1
7524 0
7524 1
7524 1
9162 1
8290 1
4280 1
2794 1
7524 0
7524 1
3757 0
7524 1
7524 1
7524 1
5276 0
7176 1
6339 0
4629 0
7910 1
7524 0
2312 0
6641 0
7524 0
9855 0
1087 1
7524 0
8419 0
1469 1
6074 1
7608 1
1508 1
7524 0
7524 1
6914 0
7524 1
5266 0
5529 1
3395 0
8340 1
4573 1
7524 1
3003 0
6886 0
1922 1
7837 1
3262 1
4936 0
8435 1
7705 0
4796 1
6961 1
4086 0
8071 1
2229 1
7552 0
3220 0
7524 1
3194 0
3811 0
7524 0
7524 0
9908 0
2698 0
1785 0
2431 1
2221 1
4335 1
8103 1
7524 0
7438 1
5378 1
7115 1
3165 0
8653 1
3213 0
2706 0
8752 0
8017 1
6788 1
9528 0
6150 0
1852 1
3815 0
4828 0
6626 1
7207 0
9010 0
2500 1
3094 0
7689 0
7450 0
3185 0
1124 1
8636 1
8689 1
5982 1
2977 1
4624 0
7524 1
2670 0
9912 0
6952 1
2196 0
9256 1
8495 0
7524 1
1194 0
3171 1
6796 1
1533 1
1053 1
8520 1
4475 0
5225 1
5944 1
6812 1
6519 0
7524 0
5058 1
6215 1
4107 0
7524 0
6844 1
1320 1
5545 0
7842 1
4654 1
7525 1
7524 1
7524 0
2158 1
7524 1
7524 0
6982 0
7241 0
1100 1
9743 1
9044 0
7524 1
9541 0
3583 1
8928 1
2024 0
3340 1
3611 1
8521 1
7524 0
1691 1
9735 1
5601 1
7524 1
7403 0
7524 1
2679 1
5598 1
5500 0
8996 1
7524 0
7524 1
6527 1
1307 0
3870 0
6044 1
1068 0
9099 1
2050 0
6550 1
7524 0
7524 0
6624 1
3152 0
7524 1
4579 1
7524 0
9517 0
7657 1
9504 1
8399 1
8008 1
7524 0
4995 1
8528 1
3432 0
4364 1
6324 0
4488 0
7524 1
3953 1
8704 0
6712 1
7524 0
7524 1
8394 1
9896 0
3109 0
9383 0
6174 1
6974 0
7524 1
6530 1
2429 1
7524 1
7524 0
7524 1
9456 0
7168 0
7524 0
2643 0
7524 1
8222 0
7524 1
5043 1
8321 0
5757 0
3914 0
7524 0
7524 0
8404 0
7524 0
7524 1
1496 1
8719 1
7826 0
6111 1
3177 0
7524 1
7524 0
6664 1
7244 0
6499 0
1307 0
7524 0
7491 1
7524 1
1868 1
7524 0
6693 0
2771 0
3277 1
7524 1
9131 0
2829 0
6399 0
9714 1
4918 1
5787 0
1431 1
9657 0
7531 1
2070 0
6558 1
7544 0
6190 0
2992 0
9373 1
7807 0
9757 1
8401 0
6167 1
3563 0
2330 0
8967 0
9679 1
7313 1
3064 1
9963 0
7524 0
7524 1
8217 1
7524 0
9031 1
9233 1
5167 1
5016 0
2531 1
7524 1
1551 1
7524 1
2348 1
3066 0
4850 1
7524 0
1417 1
7524 0
9257 1
7237 0
8882 0
3591 1
4616 0
5964 0
7524 1
7524 1
9279 1
5606 0
3914 0
9523 0
7524 0
8218 0
8532 1
4115 1
4656 0
4656 1
7524 0
6359 1
1965 0
7524 1
7524 1
8374 1
3584 0
7524 0
7524 0
5527 1
9183 1
7524 1
6512 1
2872 1
1189 1
8773 1
6879 0
5450 0
6014 1
8516 0
4924 1
7524 1
5268 0
2363 1
9998 0
7524 1
7649 1
7524 0
1443 0
9397 1
9764 1
5657 1
7524 0
5218 0
7329 1
7524 1
7524 0
8405 1
7524 0
7524 1
9331 1
8728 0
5844 0
7524 0
5941 0
1159 0
4840 1
9856 1
2099 1
9992 1
3413 1
7524 0
7524 0
6557 1
3878 1
8819 1
8978 1
3819 0
7524 1
7524 1
7465 0
5624 1
1105 1
7524 1
7524 1
4473 0
3496 0
7524 1
2734 0
2905 0
9284 0
1411 1
8881 0
7117 1
3869 1
2938 0
4282 1
1052 1
2092 1
4778 1
1700 1
9363 0
2793 0
4607 1
2344 0
8737 0
3251 0
3965 0
7524 0
7524 1
7982 0
7524 0
2466 0
4886 1
7524 1
8427 0
1563 0
5637 0
1345 1
3458 1
6662 1
7524 1
8721 1
7539 1
7524 1
5892 1
4320 1
2235 0
6873 0
7524 0
7524 1
7524 1
1043 0
8392 0
2775 1
1557 1
7586 0
7524 1
7524 0
9255 0
3480 0
7051 0
7524 1
7957 0
7524 1
6286 1
5714 1
4521 1
1869 1
6241 1
2849 1
5329 0
7524 0
7524 0
7524 0
6990 1
5857 1
3851 1
2402 1
4891 0
7524 1
7524 0
6693 1
2022 1
7107 0
6271 0
3261 1
5470 1
7524 1
6606 1
4183 0
9080 0
5698 1
4255 0
3023 0
7524 1
6535 1
7524 1
1378 1
9255 1
7524 1
7524 0
8039 0
9207 0
7566 1
2676 0
3293 1
7524 0
7524 0
8613 1
6585 1
2878 1
7524 0
5393 1
7222 0
2101 1
7524 1
6121 1
7524 0
2329 0
2126 0
7524 1
5899 0
3103 0
6342 1
5568 1
8869 0
5678 1
1799 0
1201 0
3067 1
9899 0
4316 1
6963 0
5913 1
7524 0
5607 1
7524 1
8354 0
7524 1
2742 0
1662 0
8059 1
7524 0
8990 1
8182 0
1069 0
7524 1
7553 0
7524 1
2376 1
7524 0
6661 0
4723 0
3976 0
2966 0
1148 0
1218 1
5094 0
2647 1
7555 0
8968 0
7524 1
2396 1
7524 0
7524 0
3977 0
6303 1
1904 1
7524 0
6981 1
8620 1
3820 0
3960 0
7113 1
4989 1
3194 0
3364 1
3683 1
1572 1
9908 0
8243 0
7524 1
7524 0
2864 1
7524 1
8087 1
3137 1
7524 1
2223 0
7702 1
4482 1
4594 0
7524 1
7524 1
7240 0
7524 1
4129 1
7524 0
1201 1
7718 1
5918 0
3058 1
1417 1
8173 1
7524 1
7636 1
8084 1
2213 0
9366 1
7524 1
7524 0
3175 1
9768 1
7524 1
7524 1
7524 1
9269 0
6905 1
2341 0
9906 1
9272 0
6656 1
7524 0
7953 1
5544 1
3552 0
8733 0
6891 0
6915 1
7524 1
7231 0
7524 1
5858 1
7524 1
1182 0
7876 1
7524 1
4232 0
1746 1
2824 0
1063 1
1686 0
2682 1
7541 1
9524 1
7524 0
7524 0
4900 1
8132 0
6230 1
7524 1
8846 0
4073 0
4394 1
8573 0
3359 0
4680 0
3876 0
3190 1
7726 1
7524 1
9011 0
1834 1
4342 1
5885 1
2321 0
4633 0
6406 0
4176 0
7524 1
7524 0
7524 1
7559 0
9981 0
7524 1
1222 0
9641 0
7524 0
7524 1
7524 1
7233 1
9411 1
7524 0
6192 1
3752 1
7524 1
7524 0
7524 1
6629 1
7524 1
2798 1
9742 1
7524 1
7524 0
6476 0
8609 1
7524 0
5577 0
9981 0
4786 1
3878 1
5929 1
2926 1
9275 1
7524 1
8364 1
4325 0
9389 1
4913 1
7524 0
8474 1
2352 0
7524 0
9871 0
7524 0
5619 0
4757 0
3950 0
8375 1
7524 0
1211 0
9709 0
1863 1
4591 1
4462 1
8825 1
6075 1
7524 0
9055 0
4782 1
6864 0
3634 1
7879 1
4476 1
4707 0
7524 0
8253 1
4328 1
5018 0
7524 0
7524 1
7524 0
3866 0
4742 1
5339 1
1535 0
7524 1
2074 1
6848 0
7524 1
5710 1
6711 0
5671 0
8537 0
9631 1
7524 1
7524 1
2639 1
1749 1
5465 1
6157 0
8219 0
7524 0
6969 1
8030 1
7253 0
8869 1
7354 1
6415 1
1255 0
7524 0
9445 1
5017 1
8947 1
7524 1
1275 0
7524 0
2831 0
7524 0
7524 1
7524 0
7811 1
7524 0
6506 1
4993 0
3916 0
3512 1
7524 1
6360 0
8191 0
6457 0
5445 0
3257 1
7524 1
6318 0
1311 1
1579 1
4091 0
4231 1
7524 1
5959 1
7524 1
6149 0
1672 1
1484 0
6802 1
7524 1
7524 1
7524 1
7524 0
7224 1
4992 0
7524 1
9292 0
2793 1
7524 0
6972 0
2302 1
9974 0
6095 1
5616 1
9192 0
7524 0
7524 0
9895 1
7524 1
2143 0
7524 1
1231 0
7524 0
2487 0
7524 0
2885 0
7524 1
5614 1
8814 0
6061 1
6603 1
9841 0
1051 1
8915 1
1402 1
2689 1
8591 1
2038 0
7668 0
2138 0
4816 1
8637 0
4064 1
5739 0
7148 1
1790 0
2022 1
6501 1
4471 0
6606 0
2221 1
6780 0
7524 1
2453 1
1534 0
7369 1
7524 1
6642 0
9495 0
3967 0
9573 0
8146 1
2279 0
9842 0
7524 0
7524 0
2870 1
4842 0
7837 0
7332 0
7524 1
9998 0
1533 1
7524 1
3084 0
7524 1
4136 1
7524 1
9035 0
8339 0
7524 1
4477 0
2128 0
7524 1
9201 0
7524 1
8396 1
2895 1
8138 1
6251 0
7524 1
4433 1
8035 0
7524 1
3877 1
6576 0
5536 1
7524 1
8906 0
7373 1
7524 1
8188 0
3271 1
8062 0
5498 1
8375 0
7524 0
7524 0
7524 0
9773 0
2954 0
3273 0
8843 1
7325 0
4862 0
4931 1
7524 0
9150 0
6274 1
5770 1
7524 1
7524 0
3995 1
3841 1
7524 1
7524 1
7178 1
2109 0
9771 1
2530 1
1531 0
7524 0
3873 1
4600 0
5821 1
7524 0
2280 1
7524 0
7524 1
6131 0
2932 1
6631 0
7524 0
6454 1
1053 0
7647 1
5434 1
7504 1
7524 0
9120 1
2603 1
7524 1
7524 1
2175 1
1245 1
3189 1
7524 0
7524 0
8975 1
7524 1
6144 0
7524 1
8077 0
4081 0
2010 1
7524 1
7524 0
7050 1
7524 0
1260 0
9235 0
3067 1
3523 1
2420 1
4761 0
7755 1
5571 0
9985 1
7524 0
5375 0
7405 1
5575 0
7524 0
7524 1
8447 0
3571 1
2802 0
7524 1
7524 1
9165 0
7524 0
6347 0
7524 0
8641 0
3086 0
9053 0
4793 1
7524 1
1827 1
4488 1
7524 1
1141 1
8967 0
6231 1
7524 0
9049 0
9703 0
8805 1
7829 0
8656 0
7524 0
1180 0
7524 1
1563 0
5356 1
7648 0
7524 0
6763 1
5329 0
7524 1
7524 0
5396 0
2245 0
1373 0
1104 0
7524 0
7524 1
5993 1
9043 0
2796 0
7524 1
7524 1
6613 1
1277 0
7524 1
7524 1
3264 0
1328 0
1263 0
7999 1
9493 0
6517 1
5230 0
1843 1
7524 0
1409 0
7518 0
2084 0
8789 0
9721 0
1408 0
7615 1
5670 1
7068 0
7524 0
1669 0
7987 0
7524 1
4661 1
3450 1
9523 1
7524 1
7524 0
1097 0
7524 1
3989 1
7524 1
1045 1
7524 0
1337 1
4998 0
7524 0
5919 1
6664 0
8014 1
7524 0
6629 0
2091 0
7497 1
8962 1
9299 0
7524 1
7524 0
7205 0
7524 0
7524 0
5478 1
7524 1
8461 1
9552 1
4402 0
3364 1
9015 1
7524 0
8632 1
9432 1
6896 1
8727 1
7046 0
7524 1
1048 0
4450 0
7524 0
5447 1
5551 1
4184 0
3616 1
7524 1
9503 0
2537 0
5681 1
3082 1
7524 0
1864 1
7524 1
7524 0
2078 1
9092 0
5752 1
7524 1
1176 1
9166 1
6189 0
6924 0
1139 0
4667 0
8477 1
8718 0
8801 1
2888 0
7524 0
8241 1
3784 0
9953 1
1401 1
2714 1
9338 0
2529 1
6119 1
8428 0
6322 1
4393 0
7982 1
5112 0
8167 1
2362 1
6576 1
6619 0
8029 1
2944 0
7524 1
5251 0
9744 1
5373 0
9955 0
5938 0
9988 1
1727 0
3996 1
7524 1
6085 1
4832 0
2213 1
3128 1
4344 1
8222 0
7524 0
8348 1
6427 0
7524 1
9573 1
3010 0
4194 0
7524 1
8522 1
7284 1
3354 0
7524 0
6966 0
7524 0
8928 0
3331 1
7524 0
7894 1
6703 0
7141 0
1074 0
7524 0
7524 0
7524 0
7231 0
8223 0
5647 1
7524 1
6805 0
8068 0
7524 0
7524 1
5073 1
8505 1
2040 0
7524 1
5912 0
9494 1
2693 1
2724 0
7002 1
7982 1
3456 0
8003 1
7524 1
7612 1
4189 0
9831 0
2818 1
7185 0
2006 1
7599 0
7524 0
2124 0
7524 1
5452 0
7524 0
9610 1
9325 0
5887 0
4142 0
1473 0
7524 1
5360 1
2470 1
1351 0
5803 1
5220 0
5177 0
7614 1
6572 0
7524 0
2742 0
3901 1
7524 0
2794 1
3145 1
5301 0
9521 1
7524 0
4179 0
7524 0
8891 0
3610 0
7524 0
4195 0
3976 0
7524 1
8846 0
7360 0
7524 1
7524 0
7524 1
1965 1
7524 0
7524 1
9492 1
7524 0
9938 1
1631 0
1821 0
3664 0
5028 0
4794 0
3225 1
7524 1
6724 1
7524 0
7524 0
8041 1
3823 0
4624 1
7524 1
7458 0
1522 1
2835 1
5112 1
7524 0
5783 0
7524 0
8954 1
5240 0
9566 0
2778 1
6589 1
7524 1
2562 0
6417 1
4573 1
6709 1
5081 1
7846 1
7524 1
5790 1
4921 1
7862 0
2325 1
4976 1
2739 0
7804 1
7524 1
7524 1
7524 0
7524 1
7524 1
4974 0
6247 1
4109 0
7524 1
6925 1
4747 0
7524 1
3132 1
2460 1
5420 1
4604 0
8579 0
2178 0
2640 0
7524 1
9249 0
1349 0
3844 0
1795 1
1932 0
5805 1
1497 0
5360 0
7524 0
9212 0
9991 1
7533 0
7524 1
1132 1
1928 0
9212 1
5018 0
7524 1
9182 1
4107 1
3319 1
3311 0
7196 0
1830 0
7524 1
7048 0
7524 0
1065 0
1206 0
7524 0
6456 1
7877 1
9637 0
8336 0
4323 0
9443 0
3843 0
6456 1
7524 0
7524 0
7524 1
4014 1
1203 0
3441 1
5386 1
3708 1
9865 0
7524 0
2850 0
6395 0
7524 1
7524 1
7524 1
7249 1
4436 0
1259 1
5419 0
1254 0
5532 0
6302 0
7232 1
7524 1
6717 0
1340 1
4345 1
6251 0
9944 0
5450 0
9035 0
7524 1
9690 0
4275 1
7524 0
7524 1
8886 1
4669 0
3888 1
7524 0
3469 0
3291 1
2741 1
9115 0
7524 0
7599 0
2656 1
1542 0
5211 0
7524 1
8596 1
7524 1
1224 1
8050 0
7524 0
5186 0
7524 1
7524 0
7524 0
7011 0
7501 1
1041 0
7524 0
8157 1
5733 0
7524 1
5968 0
7524 1
7524 0
9428 1
8176 1
2170 1
7524 1
7524 1
4529 1
9038 1
7524 1
6968 0
2936 0
3091 1
5666 1
7065 0
5475 0
5091 0
4749 1
7524 0
9018 1
1141 1
2400 1
9150 0
2885 0
7524 1
7193 1
9021 1
1464 1
7524 1
3109 0
2127 1
7524 1
7524 0
4382 1
8710 0
5118 0
6841 0
3279 1
6308 1
7524 0
5331 1
4032 1
7524 0
8629 1
9363 0
5425 0
6896 1
3737 1
7524 0
6635 0
1799 0
6130 0
6514 1
8011 1
7350 0
4254 0
5835 0
3220 1
7524 1
7524 0
2479 0
3278 1
5760 1
2274 0
7524 1
6627 1
3213 0
6873 1
4780 1
2777 0
5789 1
2182 1
7524 1
7524 0
2807 0
7524 1
7524 1
9183 0
7524 1
7981 0
9114 1
1891 1
4032 0
5214 0
3605 0
4271 1
4951 1
3142 0
5656 0
8200 0
9135 0
7524 1
3916 0
9912 1
7524 0
7524 1
8019 1
7524 0
7524 1
9815 1
5471 0
1023 0
9158 0
4743 1
3489 0
4586 0
7524 0
6801 1
1897 0
4489 0
1822 1
4006 0
9022 1
7524 0
9975 1
9817 0
7524 1
7524 0
5558 1
8593 1
9301 0
4527 0
7524 1
2421 1
7984 1
7524 0
6403 1
8727 1
9268 0
4826 1
7524 0
7524 0
6240 1
7524 1
7524 0
7524 1
1647 1
7524 1
3866 1
6542 0
9973 0
2014 1
1890 1
3100 0
7524 0
7351 0
7524 1
1297 0
1305 0
4172 1
9714 1
7524 1
1642 1
3097 1
7524 0
7524 0
7524 0
7524 1
7524 1
2605 0
6451 0
6172 0
7524 1
5835 1
1737 1
3076 0
4328 1
1918 1
4799 1
7148 1
9794 0
1098 1
7222 1
7524 0
2824 1
3837 1
4300 1
8939 0
8130 0
1873 1
3995 0
9377 1
6355 1
7524 0
6709 1
8406 0
9442 1
9815 0
7524 1
7524 0
7081 0
5206 1
3126 0
7524 0
3743 0
7524 1
8765 0
7524 1
7350 0
7524 1
6960 0
7199 0
8311 1
9770 0
1606 0
5150 0
7274 1
6039 1
6597 1
7173 1
6676 0
8636 1
7677 0
7524 0
7524 0
6470 0
1620 0
5246 1
1286 1
7524 1
9670 0
6200 1
6817 1
7524 0
3958 0
8822 0
7524 1
9196 1
6025 0
4314 0
1971 1
7524 1
2217 1
8651 1
6515 1
9474 0
7524 0
7524 0
4633 0
8377 0
5952 0
4390 1
8758 0
9975 0
8626 1
2494 0
8320 0
3968 1
3910 0
7524 1
9242 0
3054 1
6838 1
8614 0
7232 0
5861 0
3916 1
2438 0
5929 1
7524 0
1829 1
1369 1
7524 0
7524 0
1974 0
1311 1
7524 0
6566 0
3979 1
7147 1
1290 1
7524 0
7524 0
7925 1
9055 1
4200 1
4464 0
5180 1
8098 1
7524 1
4041 0
8167 0
3700 0
8844 0
7053 1
5282 1
4486 1
4000 0
1789 1
3662 1
2101 0
6851 0
1976 0
6306 0
5914 1
4577 1
6440 1
9120 0
4331 1
3993 0
2083 1
4750 0
3283 0
1916 1
9662 1
8475 0
1981 0
7524 0
7524 0
2868 0
3213 0
4296 1
7524 0
9238 1
6529 0
7524 1
7524 1
4087 1
5068 0
3326 0
8579 0
6982 1
4944 0
2912 0
8502 0
5031 0
5363 0
6710 1
8976 1
8142 1
1599 0
1822 0
7524 1
2402 1
9699 0
8325 1
7524 1
7524 1
6362 1
7524 0
4355 0
7524 0
8171 0
7524 0
7048 1
8451 1
8150 1
7524 1
7309 0
4700 1
7802 1
7231 0
7524 1
7524 1
8296 1
9558 1
7524 1
7524 1
9946 1
1125 1
7524 1
8329 0
3483 1
7524 0
3556 0
4957 1
7550 0
4544 0
6340 0
7524 1
8028 0
9008 0
7524 1
7524 1
7524 0
7524 1
7272 1
2230 0
6132 0
7524 0
8990 1
7524 0
7524 1
6124 0
8446 0
7524 1
8653 1
2892 0
4353 1
7524 1
7524 1
3812 1
9154 0
6205 0
7635 1
8074 1
9555 0
7524 0
3126 0
6816 1
2737 0
3790 1
7524 1
7524 0
9526 1
7524 0
2475 1
3561 1
7524 1
2936 1
9388 1
7524 1
4581 1
7371 0
5594 1
7524 0
5244 1
7639 0
2812 1
7524 1
6862 1
7524 1
1415 1
5469 0
3407 1
9689 0
9174 0
4418 1
8409 0
7524 1
2949 0
8811 0
8052 0
2786 1
7452 0
9490 0
7524 0
6606 0
7524 0
7524 0
3302 0
5957 1
4952 0
9698 1
3212 1
7524 1
3427 1
2247 1
1221 1
7524 0
9060 0
7524 0
7551 1
4024 1
7524 1
6199 0
5808 0
9222 1
9477 0
7524 1
7524 1
5610 1
9006 1
7708 0
7524 0
9196 1
2222 0
3812 1
7524 1
2275 1
5938 1
7174 1
7524 0
4919 0
1820 0
7524 1
4386 1
7524 0
4154 1
3557 1
7524 0
5003 1
2287 0
4102 1
7208 0
4149 1
4125 0
7512 1
1102 0
3619 1
2349 1
8706 0
2001 1
7524 0
4759 1
2822 0
4353 1
4629 0
5494 0
7524 0
8444 1
7524 1
7524 1
2734 1
7524 0
7322 1
3749 1
3275 0
1750 0
4044 1
7069 1
4978 1
7524 0
1228 1
2962 0
4266 0
5594 1
7524 1
9983 1
7524 0
1207 0
7524 0
5110 1
3899 1
7524 0
6928 1
4290 1
7524 0
7524 0
7869 1
5204 0
9642 1
8125 0
1028 0
6910 1
7524 1
3075 1
9989 1
7524 1
9964 1
5185 0
6742 0
6384 1
1861 1
1890 1
7800 1
7275 0
3678 1
9724 1
8390 0
3789 1
7524 0
5806 1
7524 1
7524 1
7771 1
7524 0
7524 1
9707 0
9738 1
9462 1
7524 0
3630 1
1138 0
5944 1
8719 1
3900 0
9089 1
2434 1
5920 0
7524 0
5314 1
9518 0
1160 0
5794 0
2287 0
3488 0
2460 1
7524 1
7524 0
7524 0
4814 1
7829 1
7524 0
7524 0
7324 0
7524 0
9487 1
4982 1
3377 1
7524 1
9512 1
3287 0
8266 1
5911 1
7524 1
5169 1
5234 1
4721 0
8703 1
8432 1
2997 0
9185 1
4915 1
7524 1
5831 0
7907 0
4658 0
7524 0
9894 0
5949 0
1734 1
7524 1
7399 0
9053 0
7524 1
5497 0
2266 1
3204 0
8377 0
7524 1
7524 0
7524 0
8658 1
6094 0
7524 0
7061 0
3386 1
7524 1
6082 0
8286 0
6663 0
8638 1
6563 1
7524 1
2565 1
3222 0
6635 0
9022 0
4621 1
2987 1
7780 1
7230 0
7524 1
7203 1
8776 0
7524 0
7026 0
7524 1
3681 1
7524 1
7524 1
2996 1
7524 0
3634 0
4274 0
1477 1
6605 1
9401 0
3635 0
3206 0
4238 1
9708 1
5253 0
9203 0
2298 0
4619 1
7524 0
7524 1
4634 0
7269 0
9475 0
1066 1
7524 0
7143 1
7010 0
1235 0
8721 1
7285 0
6851 0
7524 1
9342 1
8817 0
8883 1
6009 0
4740 1
7524 1
2587 1
7660 1
2298 1
8149 1
8612 0
7524 1
6878 1
3113 1
7524 1
5574 1
6926 0
5866 0
3526 1
7524 0
7010 1
5729 1
3789 1
9667 0
9133 1
7524 0
1282 1
7524 1
6647 1
7524 0
6773 1
7527 1
6698 0
5085 0
7524 1
4648 1
4484 1
9003 1
8551 0
7524 0
5916 1
9041 0
6568 1
7524 0
7524 1
1830 1
3603 0
1862 0
6376 1
2066 0
1470 0
3738 1
2779 1
5699 1
2669 1
7524 1
6118 0
3904 0
7524 0
2169 1
3235 1
1058 1
1148 1
9280 0
4979 1
7524 1
2084 0
4554 0
7524 0
7524 0
7524 1
1783 0
6110 1
1812 0
1947 0
8687 1
1849 1
7524 1
7524 0
8046 0
2857 0
1841 1
8977 1
7524 1
8591 1
3206 0
6102 0
7524 1
5556 1
6400 1
1798 1
7524 1
3222 1
1289 0
5413 1
7524 0
8594 0
4791 0
4292 1
7524 0
7451 0
8482 0
7524 1
6159 1
3545 0
2847 1
6751 1
5345 1
9137 0
7524 1
7965 1
2768 1
1250 1
7524 1
5331 0
7524 1
7524 1
7524 1
7524 1
8155 0
7524 0
1142 1
5565 0
8595 0
7524 1
1688 1
7524 1
7614 0
7087 1
9350 1
2057 1
9473 1
7524 1
7524 1
7524 0
1128 0
4927 1
5250 1
7524 0
3838 0
7524 0
8475 1
6884 0
3709 0
9676 0
7524 0
3479 0
7082 1
2373 1
4441 0
4632 0
6370 1
7891 1
3648 0
1598 0
4808 0
7524 1
6892 1
6860 1
7524 1
1222 1
2206 1
4928 1
7524 1
2098 1
4714 1
4357 0
2561 1
8454 0
7524 0
7673 1
5247 1
6453 0
7524 1
8352 0
6803 0
1517 1
2226 1
3788 1
8594 1
1260 1
7524 1
7524 1
5063 0
8576 1
4280 1
7524 1
2809 0
8919 1
5245 1
7055 1
7110 1
7524 0
7524 1
1995 0
6682 0
2172 1
7524 1
7524 1
3565 0
2744 1
2063 0
8976 1
4501 0
6733 1
7728 1
1762 0
9287 1
9528 1
8930 0
7252 0
7171 1
7524 0
5148 1
7524 0
6642 1
1722 0
8837 0
8124 1
7524 0
5742 0
9701 1
7524 1
5603 0
7524 1
7524 1
8736 0
2453 1
7524 1
1825 0
6301 1
3953 0
4239 0
1778 0
5489 1
7049 0
3193 0
3491 1
6384 1
1852 0
9922 1
5445 0
7524 0
7524 0
7524 0
7524 0
8226 0
4074 0
7194 0
8932 1
1009 0
9264 0
7524 1
4465 0
6527 0
3259 0
2770 0
7524 0
8394 1
5589 1
1873 1
8234 1
4850 1
8670 0
5702 1
4482 0
7524 0
7524 0
9036 1
7431 0
9372 1
7524 1
7524 0
7323 1
2919 0
7524 1
7524 0
2729 0
7524 1
7524 1
7524 1
2541 0
7524 1
5660 0
9609 1
2793 0
7524 1
8058 1
6166 1
7524 1
7709 1
3826 1
7524 1
2877 0
4256 0
3547 0
3615 1
5363 0
9774 1
5940 0
7540 1
5101 0
7524 0
3916 0
4536 1
9816 0
5706 1
7524 1
7524 0
1974 0
7524 1
9198 1
1929 1
6386 0
3579 0
2649 0
8679 0
8256 1
1449 0
5357 0
7524 1
7524 0
9143 1
7524 0
7524 1
5332 1
3356 0
4916 1
3645 0
1784 0
2312 0
7524 0
7524 1
7056 0
7524 1
7524 0
8320 1
4521 0
3583 1
5608 0
7524 0
3832 0
2497 0
5349 1
7524 0
3005 0
8477 1
4149 0
5022 0
7524 0
6264 0
5664 1
7524 1
2782 0
7524 1
8915 0
4306 1
7524 1
1435 0
7524 1
7524 0
7524 0
7524 1
7524 1
4141 0
7524 0
5734 0
1053 1
5137 1
2226 0
7524 1
5467 1
7115 1
2975 0
7524 0
7012 1
3612 1
7524 0
2100 1
8826 1
7524 1
8442 0
7524 1
9233 0
4297 1
7113 0
1896 0
5953 0
5593 0
7524 1
6331 0
7524 1
6828 1
3144 0
8730 1
7524 1
7524 0
7524 0
7388 0
9693 0
2638 0
7524 0
4699 0
6966 1
1323 1
6119 1
5766 0
7524 1
7524 0
4903 0
2893 1
7524 1
4459 1
4049 0
4647 0
5778 1
9053 0
2058 1
7146 0
2374 1
1342 1
3707 0
1358 1
7524 0
2944 1
1266 0
8911 0
7524 0
1814 1
5312 1
6686 0
4380 0
7524 1
7524 0
2269 0
7524 1
6373 0
1786 0
9912 0
3518 1
4938 1
7907 0
7329 0
5097 0
9501 0
5494 0
9783 1
5338 1
6157 0
4356 0
3170 0
3393 1
9921 0
5126 0
7076 1
7646 1
4412 0
8650 1
7524 0
7524 0
2869 1
7524 1
6249 1
1500 0
7229 0
6229 0
4944 1
3516 1
8373 1
7597 1
2158 1
6221 1
3076 0
7524 1
7524 0
6222 0
7524 1
2837 1
3816 1
1755 0
4697 0
8799 0
5771 1
4134 1
6282 1
9488 0
2526 0
7524 1
7231 1
7199 0
8187 0
4125 1
1221 0
7524 0
6902 0
7524 0
6671 0
2352 1
5836 0
9420 0
6619 0
2158 1
7524 0
7524 0
9460 0
7524 0
4384 1
6397 0
2058 1
4755 1
4679 1
4644 0
5407 1
5367 1
5973 0
6700 0
7524 1
3375 0
6170 0
7669 1
2356 1
7524 0
7524 0
1710 1
6607 1
7524 1
7524 1
1956 1
2637 0
4188 1
8280 1
3818 0
9881 0
1581 0
2292 0
7524 1
2797 0
1532 1
1097 1
8581 0
7677 1
7524 0
4194 0
4075 0
2008 0
3300 0
4904 1
7524 0
7116 0
4566 1
9499 1
7176 0
2970 1
7524 0
7524 1
7524 0
3465 1
7524 1
4116 1
5760 0
7680 1
7524 1
9755 0
6932 0
6254 1
5969 0
7524 1
7524 0
3002 0
2287 0
4508 0
3846 1
7524 0
7524 1
2769 1
6201 0
7524 1
7524 1
8684 1
9780 1
7440 1
1864 0
4753 1
7970 1
7524 0
6626 1
7524 0
9422 0
7524 0
7741 1
5706 1
8322 0
6928 0
9043 1
7524 1
8077 1
4444 1
4408 1
1183 1
6753 1
8360 0
9748 1
7524 0
9388 0
5784 0
7141 1
4914 1
5665 1
7524 0
1227 1
4332 1
2693 1
2441 0
7369 1
7524 1
3936 1
7429 1
2343 0
7008 1
9896 1
7524 1
6736 0
7524 1
7524 0
5316 1
3180 1
3429 1
7524 1
7524 1
8883 0
3243 1
9491 0
7719 1
1659 0
3535 0
7852 1
1032 1
7524 1
6480 0
2990 1
5416 1
2503 0
7000 1
7524 1
3760 1
3647 1
1499 1
7524 1
1156 0
7524 1
3307 1
8602 1
7140 0
7524 1
9046 0
4759 0
6697 1
3082 1
7524 1
7524 0
7165 0
7524 0
2983 0
7524 0
1200 1
2721 1
6343 1
7524 1
3857 1
7524 1
7524 0
4808 0
8325 0
4495 0
5860 0
7524 0
6329 1
7524 1
6751 0
6829 1
1640 1
3332 1
4492 1
9170 0
3665 0
7524 1
9012 0
5342 1
6959 0
1161 0
7524 1
6756 0
6440 0
7284 1
6454 1
7524 0
7524 0
8349 0
4124 0
2956 1
2243 1
7359 0
4115 0
7524 1
7524 1
6042 1
2347 1
9959 1
8308 1
2433 0
7524 1
7339 0
7524 0
8018 0
5121 0
2737 1
7524 1
7524 0
8213 0
3442 0
3056 1
7524 0
4273 1
7524 1
8596 0
7524 0
8249 1
7339 0
5118 1
1597 0
4388 1
8135 1
8019 1
7524 0
3136 1
7524 1
2333 1
6934 0
4273 1
5744 0
3693 0
7081 1
7524 0
7524 0
2065 0
1512 1
7524 0
7393 1
9712 0
2566 1
9160 1
5751 1
3365 0
4142 1
2002 0
5830 0
2795 0
4197 0
9965 0
5987 1
7524 0
4726 1
7524 1
7524 0
7427 0
6991 0
7620 0
8761 0
3322 1
4285 0
7524 0
2693 1
2046 1
3502 0
7324 1
2640 0
7958 1
9107 0
3051 1
6544 1
7355 1
6800 0
7524 0
4935 0
7524 1
9241 0
1881 0
8840 1
5299 1
7350 1
7524 0
4259 1
4554 0
4806 0
8741 0
5540 0
7524 0
8330 1
7170 0
2469 0
6171 1
3769 1
1371 0
8477 1
4837 0
8385 1
6961 0
7535 0
7524 1
7524 0
6249 0
8772 1
7524 1
6653 0
3085 1
3322 0
8653 0
9523 1
3314 1
9458 0
1011 1
8201 1
9097 1
1291 0
7524 0
8029 1
7524 0
6193 0
7524 0
5283 1
1204 1
7524 1
7524 0
9406 1
5855 0
7524 0
7524 0
7524 0
1366 0
9899 1
9519 1
4802 0
2358 0
8615 0
7524 0
2157 1
1189 1
7524 0
7524 0
7524 0
1658 0
7125 0
7524 0
5158 1
3868 1
8835 1
4361 0
7524 0
6909 0
5615 0
7524 1
9894 1
4380 0
7524 0
3433 1
2101 1
5411 1
7524 1
7524 0
2889 0
8689 1
8953 1
1007 0
9841 0
2833 0
5266 1
3719 1
7524 0
2836 0
5287 1
9397 0
7524 0
8377 0
5736 0
7524 1
7524 0
8260 1
8728 0
7524 1
7231 1
5335 1
9132 1
3885 1
3208 1
6805 1
3389 1
3152 1
2943 0
6138 1
3448 0
6299 1
7085 1
7524 0
1348 0
9929 1
7894 1
5141 0
6151 0
7524 1
3766 0
3567 0
8866 1
3304 1
4276 1
5730 0
7524 0
6923 1
8416 1
4567 0
7524 1
7524 0
5424 1
7524 1
7524 1
7524 0
7524 0
7524 0
3971 0
7524 1
9555 0
7971 1
8891 1
3352 0
7524 1
7524 1
3077 1
9886 1
9094 0
1049 1
1033 0
6940 0
2264 1
1155 1
7524 1
3880 0
7461 0
7524 1
8578 0
7524 0
7938 0
8781 1
6084 0
8233 0
1300 1
6040 0
6272 0
7524 1
7524 0
7524 1
9881 0
8067 0
2911 1
5260 0
5776 1
6559 1
7524 1
4166 0
5900 0
6081 0
7804 1
7524 0
5600 0
4863 0
9123 0
7524 1
3577 0
7065 1
1231 1
7524 0
7147 1
4798 1
2331 0
7524 1
7524 1
7274 0
1588 1
9716 0
2309 0
6111 1
7524 1
1188 0
3242 1
7524 1
7524 0
4955 0
3101 1
6722 1
8947 1
6335 0
2218 0
8442 1
7524 0
7524 0
7524 1
7658 1
7524 0
7524 1
5357 0
7524 1
8695 1
9838 0
2543 0
7689 0
9761 1
4676 1
4154 1
9795 1
1490 0
7524 0
7395 1
7524 0
6634 0
7524 1
7524 1
6907 0
7524 0
1360 1
4514 1
4309 0
4799 1
7313 0
7417 0
4095 0
7524 1
9540 1
6447 1
2767 1
5725 0
1330 1
8722 0
6815 0
7524 1
6121 1
9217 1
3212 0
5735 0
7511 1
2312 1
1132 1
9027 0
1548 1
2010 0
7524 1
6740 1
8307 0
6676 1
4064 1
8803 1
3254 0
6283 1
3200 1
7859 0
4871 0
7524 1
7524 0
5176 0
8204 1
2268 0
1071 0
7524 0
7524 0
9386 1
3283 1
6967 0
7524 1
1601 0
3661 0
3987 0
4668 0
7524 1
4752 1
2565 1
1951 0
7524 0
4913 1
2158 0
2759 0
7524 0
7524 1
7524 0
6780 0
8995 0
8934 1
3259 0
9364 1
7524 1
9401 1
7524 1
1728 0
3500 0
5612 1
8745 1
7524 0
1694 1
7301 0
4859 0
6707 0
6108 1
3861 0
2931 0
7810 0
9545 0
6804 0
7524 0
6831 1
3117 0
7768 1
1552 0
3855 1
2089 1
6042 1
7524 0
7937 0
2094 1
2070 1
7524 1
1417 1
8185 0
6089 0
7524 1
7524 1
3253 0
7524 0
9168 1
7524 1
8378 0
6800 1
8995 0
8468 0
9567 1
7524 1
4281 1
1667 0
4096 0
3264 0
2585 0
7419 0
4229 1
2721 0
2167 1
7544 1
5642 0
6759 1
5126 1
2839 0
7524 1
5448 0
7900 0
7292 0
7744 1
7443 1
8830 1
4498 0
7524 0
6650 1
5842 1
5327 1
9835 0
4519 0
6374 1
4867 0
3271 0
3384 1
5146 0
4397 0
6107 0
7524 0
9551 0
6015 1
7524 1
6754 1
7974 1
7597 1
7333 1
2479 1
5876 1
8335 0
1492 1
5146 0
2903 1
1055 1
6345 1
4570 0
7264 1
5222 0
5685 1
7524 1
8562 1
4306 1
5910 1
7524 1
7524 1
7342 1
7524 1
5067 0
7524 0
7446 1
9483 0
7524 0
4258 1
7564 1
9827 0
2426 0
2765 0
3522 1
4941 0
4355 0
7524 0
7524 1
7524 0
6579 0
6148 1
7524 0
6780 0
7524 0
5338 0
7860 1
7524 1
9938 0
8531 1
3958 1
8436 0
7524 1
7524 1
7526 1
9211 0
9821 0
4395 0
3187 1
7524 1
9038 0
8724 1
7524 0
2808 0
7524 1
3861 1
9378 0
1935 0
8838 1
9052 0
6852 1
7524 0
7524 0
1591 0
7524 0
6899 0
7524 1
5199 0
7230 0
7524 0
8242 1
7294 1
1499 0
1093 0
2060 1
7524 0
1755 1
6839 0
7524 1
7321 1
6725 1
2319 0
5966 1
6465 1
6558 0
7524 0
1945 1
9052 0
5892 1
4283 0
7524 0
8242 1
9561 1
5527 0
7524 0
2010 1
5695 1
3992 0
9396 1
7524 0
3023 1
4540 1
2782 0
2343 1
4223 1
2567 1
3822 0
9048 1
7528 1
5039 0
3889 1
6323 1
3604 1
9647 1
7894 0
7524 0
1083 0
7524 0
5308 1
9188 1
4228 1
4469 0
7145 0
7524 1
4679 0
8692 1
7524 1
8770 0
5030 0
6690 0
7524 0
7479 0
7524 1
7524 0
7524 1
6684 0
7715 1
7524 0
5701 1
1823 1
7524 1
7524 0
6060 0
2487 1
7524 1
7512 1
1937 0
6167 0
7146 0
9120 1
2187 0
7524 1
3304 1
5716 1
7524 1
2976 0
9488 0
7777 0
7524 0
4870 1
7524 0
7056 1
1278 0
6706 0
7524 0
8891 0
7524 0
7524 1
7524 0
9526 1
4562 0
5785 1
6953 0
1209 1
7524 1
6474 1
7502 0
1275 1
6023 0
4964 1
7524 1
7524 0
9845 1
7524 0
4821 0
6296 0
9126 0
7524 0
7524 1
5787 0
7524 1
7524 0
9429 0
7524 1
7524 0
9708 0
7524 1
5388 1
9572 0
7524 0
4985 1
5623 0
1235 1
5837 0
7524 1
9141 1
4187 1
4160 0
5900 1
2825 1
9407 0
8854 1
4089 1
7524 0
7524 1
3717 0
7524 0
7524 1
8179 0
6860 1
4499 0
7985 0
2485 0
4066 0
4683 0
9812 0
7524 1
7236 1
9121 1
6203 1
5553 0
6295 1
2979 0
3294 0
8158 0
3510 1
9540 1
7147 1
6129 0
3291 0
1017 1
4891 0
4101 0
2149 0
9615 0
2764 0
2078 1
7524 0
7524 0
3881 0
3525 0
3542 1
7433 0
7524 1
5467 0
5892 1
7524 0
3196 1
9097 1
9497 1
7524 1
7524 0
7524 0
5798 0
3232 0
1119 0
6507 0
5158 0
7524 1
7524 1
5654 0
2503 0
2234 0
7524 0
7524 1
9412 1
6896 1
7524 0
7524 1
1718 1
7802 0
2755 1
9902 0
7524 0
7524 1
9200 1
9759 0
9196 1
1099 1
2640 0
7524 0
3483 1
6950 0
8719 0
9343 0
2202 0
7552 1
9542 0
7758 1
8669 1
5080 0
7524 1
3861 1
9481 1
7524 0
4619 0
3174 1
9726 0
7524 0
7524 0
7825 0
7524 1
1832 1
9387 0
1353 1
7524 0
5572 1
7524 0
9030 1
6108 1
9081 1
7524 1
4284 1
1457 1
3979 1
4065 0
7524 1
6433 1
9641 0
8672 1
4780 1
3861 0
1025 1
6588 1
1336 0
7524 1
1001 1
3635 1
8192 0
7524 0
1940 0
3072 1
3286 1
9663 1
3603 0
1291 1
2114 0
7524 1
2983 0
7524 1
3292 0
1584 0
1009 1
9647 0
9310 1
7524 1
9423 1
8769 1
5469 1
4804 1
7524 0
9116 0
9701 0
7524 0
5661 1
3220 1
6584 0
3359 1
7524 1
2993 0
2441 1
1913 1
7381 1
7082 1
1496 0
4557 1
6928 0
5917 1
7110 1
6327 1
3697 0
7524 1
9383 0
7524 0
6651 1
7524 1
6170 1
8872 1
2863 0
8213 1
9396 0
4529 0
1122 1
7524 1
2029 0
5032 1
8531 1
3940 0
5278 1
2532 0
3249 1
6646 0
7524 0
7524 0
4728 1
7524 1
5939 1
1443 1
8469 1
7524 1
1421 1
7524 0
6081 1
2727 1
5467 1
7524 0
7524 1
7417 1
7524 1
6855 0
7524 0
6636 0
4409 1
3195 0
2216 0
6880 0
4811 0
9119 0
3889 1
2152 1
2440 1
2397 1
8950 0
7524 1
3033 0
9303 0
2412 1
7788 1
2720 0
7935 0
1712 1
1925 0
7524 0
7524 0
6172 0
8205 0
7509 0
7524 1
1590 1
3479 0
5610 1
8892 0
1967 1
2791 0
2565 1
4323 0
8235 1
8791 1
6005 1
7524 0
2758 1
6532 1
2018 1
4781 0
2671 1
8650 1
9820 0
1908 0
4519 1
7721 1
7524 0
7524 0
5952 1
7524 0
9139 1
4136 1
9699 1
6938 0
2412 0
5677 1
7524 0
6918 0
7524 0
8953 0
9590 0
8729 1
2865 0
8917 0
5855 0
7267 0
9296 1
1596 0
7524 1
7524 0
6174 0
5764 0
4493 0
3710 0
2627 0
4834 0
8453 0
7750 0
5698 0
7455 0
7524 1
7524 1
5300 1
6145 1
6208 0
5187 0
9022 1
7475 1
5225 1
7276 1
7524 1
6057 0
8042 0
6003 1
7524 1
7524 0
2355 0
4552 0
1586 1
5315 1
3557 1
4346 0
9403 1
4797 1
9800 1
9865 1
9878 0
6106 0
5088 0
4794 1
5758 1
5121 1
9950 0
7524 1
7614 0
9119 1
5628 0
3493 0
4909 1
7524 0
4066 1
7524 0
7524 1
4141 1
7821 1
3650 1
5632 0
7524 1
4310 0
7524 0
7524 1
7524 0
6686 0
9255 1
9636 0
7461 0
7299 1
4750 0
7673 0
7524 0
7524 0
7524 1
7524 1
4808 1
1535 0
3438 1
2990 0
7524 0
3511 1
7262 1
2287 1
7511 0
2131 1
7524 0
6408 1
4295 1
7524 1
1547 0
6759 0
6623 0
7524 1
6507 0
6550 1
4354 0
7524 0
2766 0
5447 0
7243 1
7790 1
7524 0
3846 1
7524 1
9515 0
8894 1
1837 1
9781 1
2547 1
4347 1
7942 1
3085 0
1339 0
7524 0
5019 0
2041 0
7524 0
5554 1
7524 1
4765 1
9769 0
4208 0
7524 1
4125 1
7524 1
6868 0
3550 0
9574 0
8623 0
1919 0
3037 1
7524 0
7815 0
1012 1
1489 0
2988 1
3442 1
7524 0
7647 1
3622 1
7524 0
2470 1
7524 0
7419 0
5755 0
5404 1
6705 1
2227 0
9300 0
4299 1
6921 1
1463 0
4394 1
2779 0
9882 1
4925 1
3786 1
7848 0
7524 0
7524 0
1363 0
4637 1
7524 0
5217 1
2096 0
8990 1
1557 0
1992 0
3282 0
1518 1
7524 0
4651 0
7524 0
9784 1
5001 0
3449 0
2439 1
2997 1
1341 1
3623 0
1493 1
5967 1
3478 1
7009 1
4094 0
2282 0
9188 1
7524 1
7350 0
4247 0
1621 0
9338 1
7034 0
4033 0
9817 0
7953 1
8539 0
1565 0
9291 0
2007 0
7524 1
4028 1
7524 1
7524 0
7524 1
7868 1
7524 0
7524 0
3975 1
9939 0
7524 0
1032 1
6756 1
4102 1
7138 1
4560 1
7524 1
9944 0
9848 0
1176 1
7467 0
5611 0
8176 1
7814 1
1479 1
9074 0
2449 1
9044 1
7334 1
6063 1
7524 1
7050 0
9802 1
2239 0
7524 1
7524 1
5447 0
7524 1
3991 0
7524 0
2314 0
7377 1
2006 0
8110 1
7721 1
6596 1
5188 1
7524 1
7060 0
7524 0
7524 0
1565 0
7524 1
3518 0
8190 1
7524 1
3726 1
9322 0
1862 1
1497 0
7524 0
6340 0
7814 0
1583 1
1453 1
8643 0
7524 0
2094 1
7768 0
8630 1
9127 0
8827 1
8024 0
7524 0
7524 1
8566 0
8281 1
4001 1
5095 1
2863 1
7845 0
7524 1
7524 0
7524 1
7528 0
2666 0
2490 0
9313 0
4538 1
7757 1
1746 0
4825 0
7221 1
7871 1
3115 0
6118 0
2113 0
4255 1
7524 1
4536 0
8115 0
8261 1
6253 0
1218 0
2040 0
6742 1
7524 0
4237 1
7524 1
7524 0
6554 0
3373 1
7524 0
9867 0
1703 0
8362 1
2274 1
6977 1
4107 1
6159 0
3263 0
1256 0
3715 0
4436 1
4059 0
7604 0
9541 0
8220 0
1009 1
4768 0
6019 1
7524 0
6464 1
1040 1
4483 1
7524 0
6120 0
5661 1
7524 1
4919 1
7524 0
2094 0
8087 1
2689 1
6358 0
7111 1
8276 1
4396 0
6410 1
6643 0
7524 0
7524 0
2826 1
7265 0
6306 1
7524 0
5843 0
2965 0
7524 0
7524 0
4210 1
7206 1
7796 1
7102 1
7524 1
2328 1
5181 1
7524 1
4432 0
7836 0
5636 1
7524 1
5090 1
7524 1
4389 0
7457 0
5142 0
7524 1
1620 1
7524 0
5650 0
8045 1
8302 0
4644 0
4144 1
4886 1
2343 1
7524 1
9896 0
7868 0
5175 1
3781 1
4470 1
7392 0
5405 0
1754 1
7524 0
9503 1
3340 1
6958 0
4366 1
7996 1
1387 0
3472 1
8858 1
4598 1
9949 1
7524 0
5187 0
7430 1
7524 0
8715 0
4063 1
4450 0
4274 1
3132 0
6730 1
4031 0
1951 0
7524 0
4659 1
6243 0
3765 0
5307 1
2699 0
1426 1
6915 0
1790 1
7509 0
6629 1
7524 0
7524 1
2375 0
5141 0
9448 1
8499 1
6277 0
9544 1
1335 0
7524 0
8634 1
8210 1
6690 0
1870 1
9578 1
9805 0
6824 0
5934 1
9923 1
7116 0
8553 0
7524 1
7057 1
7022 0
9911 1
1363 1
7524 1
7348 0
7524 0
1087 0
7158 0
8424 1
1516 0
4926 1
1948 1
1859 0
8574 0
9798 1
8356 1
7524 1
2346 0
7524 0
8661 1
6529 1
1455 0
8755 1
6967 0
5541 0
7524 1
2342 1
7524 0
8074 0
5663 0
4324 1
7205 0
5013 0
1120 1
7524 1
2823 1
8363 0
7524 1
7524 0
7095 1
1612 0
7583 0
9281 1
6209 0
9787 1
7524 1
7524 1
5849 1
1226 1
3002 0
6449 1
7061 1
1997 1
7524 0
7524 1
4257 1
6686 1
3554 1
5756 0
5982 1
5336 1
1785 0
7524 0
4534 1
7524 0
1665 1
4922 1
7524 0
7524 1
8439 0
3447 1
7524 1
1292 0
2077 1
6276 0
8823 1
2649 0
5667 0
7524 1
7524 0
3278 0
3253 1
5561 0
5854 1
4283 0
6911 0
5735 1
7384 1
9403 1
2771 1
3693 0
6724 1
5885 0
8672 0
7524 0
7524 0
3939 0
6026 0
9763 1
9166 1
7524 1
7524 1
6348 0
2325 0
7524 0
3321 0
6263 0
7843 0
7016 0
2883 1
2085 0
1341 1
9012 0
5954 1
7766 0
7690 1
1141 0
9271 1
2969 0
7524 1
4410 0
7524 0
5321 1
7524 1
7524 1
8191 0
3055 1
7524 0
8589 1
7860 0
7181 0
3524 0
1443 0
1524 0
6392 1
7099 1
4972 1
4521 1
1356 0
8761 1
7524 0
7524 0
7524 1
7524 1
7524 1
4604 1
7524 0
5499 1
7377 1
2311 1
2838 1
2405 1
7657 1
1606 1
1442 1
8499 0
3802 0
6037 1
5490 0
6625 0
7888 0
7524 0
5675 1
7398 1
9974 1
2703 0
5885 0
9879 1
6724 1
9946 0
2832 1
6556 1
9038 0
7524 1
6809 0
7524 1
8459 1
7524 0
1102 1
9684 1
2109 0
9159 0
2450 1
7524 1
1820 1
7602 1
7524 1
9105 0
3014 1
7524 0
2531 0
4038 0
7524 0
8826 1
5517 1
7598 1
3560 0
3148 1
8606 1
1620 0
1088 1
6592 1
7524 0
9804 0
1316 1
9615 0
7087 0
4809 1
3242 0
7524 1
4984 0
7524 0
3758 1
7524 0
9527 0
6404 0
5151 0
7849 1
4107 0
7524 1
7524 0
5609 0
5573 0
2394 0
7524 0
9991 1
9603 0
5826 1
5903 0
3744 1
7524 0
1848 0
3810 0
8383 0
7130 1
4704 1
1806 0
1664 0
3025 1
2236 0
4553 0
9440 1
2261 1
7524 1
7248 1
7524 1
7353 1
7524 1
5869 1
5140 0
9314 0
7232 0
1534 0
7524 0
7524 1
7524 1
6608 0
4938 0
2867 0
6960 1
9386 1
7641 1
6936 1
7524 1
7551 0
9651 1
6752 1
7524 0
7524 0
7727 1
9230 1
6907 1
7524 1
7524 0
7524 0
3276 0
7179 0
4182 1
7286 1
2279 1
7524 0
7524 1
5062 0
7524 0
1637 1
6807 1
3130 0
1197 1
9164 0
5742 0
5540 1
7524 0
5401 1
6815 1
2489 1
1005 0
7732 1
7524 0
6861 0
6025 0
8119 0
3659 0
8803 1
7524 0
7524 0
7524 0
3673 0
1733 0
6260 0
6318 1
6255 1
7639 0
7524 0
7524 0
2895 1
8528 0
1660 0
1685 0
2419 0
5031 0
7524 0
7524 0
7405 1
7524 1
2082 1
4984 1
5702 1
4756 1
6283 0
4993 1
3914 1
1839 1
3743 0
3320 1
5678 1
9557 1
8430 1
7524 1
7425 0
7476 0
6297 0
2798 0
7524 1
2111 0
1783 1
6461 0
3371 0
1801 1
5863 1
3111 0
1979 0
8309 1
5610 1
4325 0
8211 0
8755 1
7524 1
7524 0
5106 0
7524 1
1352 0
8207 0
8712 1
8368 1
7524 1
7524 1
7524 0
8582 1
7726 0
8453 0
2935 1
9862 1
7151 0
3712 1
7524 1
3663 0
7524 0
1176 0
8758 1
7524 0
3783 1
5116 0
7524 0
3699 1
5574 1
8809 1
7764 1
7096 1
7272 1
7524 0
2989 0
5772 0
9889 0
1011 1
5572 0
7524 0
7197 1
7524 1
4409 1
7208 1
7524 0
2654 1
4851 0
4878 1
1289 0
4103 1
2492 1
7524 1
8588 1
9350 0
6558 0
6550 1
2180 1
2582 1
6577 0
7524 1
4879 0
6371 1
7524 1
7524 0
7524 1
8236 1
7524 0
4503 0
7524 1
6957 1
3740 0
4516 1
8395 0
2119 1
9884 1
3356 0
7944 0
7683 0
7524 1
7524 1
7897 0
7989 0
7524 1
7524 1
9024 1
7524 1
8256 1
7964 1
5908 1
7524 1
7524 0
7548 0
5446 0
7524 1
7849 1
4432 0
2125 0
7524 0
2375 1
1149 0
3516 0
9124 0
7524 1
7524 1
5325 0
1716 1
2543 1
2394 0
1638 0
9366 1
6867 1
9383 1
7524 0
8100 1
2274 0
2756 0
7439 0
9202 1
7524 0
2867 0
7524 1
5668 0
7154 1
7686 1
7524 0
7524 1
7524 0
3520 1
9959 1
7524 1
7524 1
1019 0
5952 1
7972 1
2478 0
7524 0
7524 1
7912 0
2793 0
2288 0
9653 1
7524 1
1720 1
5501 1
4930 1
7524 0
1564 1
4600 0
2513 0
7524 0
7524 0
5009 1
2846 1
7524 0
5293 0
2602 1
1587 1
7524 0
5325 1
2079 1
3401 1
9297 1
4306 0
3504 0
7844 1
7524 0
2070 1
2658 0
3708 0
7034 0
8641 1
7948 0
7524 0
4743 0
7247 0
5092 0
3590 0
9462 0
7524 0
7524 0
7524 1
7544 1
6211 0
7524 1
6316 0
7524 0
4407 1
8499 1
8442 1
7524 0
7524 0
5928 1
5384 1
6225 1
8206 1
1623 1
1431 1
7524 0
7524 1
8029 0
7524 1
3388 1
2222 1
7524 1
6963 1
3878 0
1269 0
3976 1
7270 0
6338 1
1720 1
7659 0
7730 1
7524 1
1813 1
8610 0
2854 1
5709 1
5224 0
4168 1
1960 1
3673 0
6813 0
7524 0
7524 0
2261 1
7224 1
9078 0
2139 1
7524 0
2569 0
7524 1
7524 1
7524 0
7524 1
2220 1
7524 0
3107 1
7524 1
8941 0
7524 1
1371 0
6735 1
7524 0
8869 0
4117 0
3752 0
8152 0
8397 1
4954 1
3895 1
7167 1
8447 0
2045 0
1031 1
3578 0
7524 0
5894 1
2440 1
7524 0
6366 1
7524 0
7524 1
6882 1
7524 0
9625 0
7524 0
8514 1
1334 1
7524 1
1539 1
2952 1
5670 0
2284 1
2417 1
3646 1
7524 1
3828 0
8694 1
9029 0
7524 0
5827 1
5131 1
9802 1
8438 0
9856 1
7524 0
7524 1
8487 1
8829 0
7524 1
5692 1
9847 0
7305 0
6672 0
8450 0
7968 0
7409 0
1946 0
8311 1
1723 0
9516 0
7524 1
4725 0
5565 1
6207 0
5287 0
1576 1
6718 0
7524 0
5772 0
7524 1
6003 0
7524 0
4698 1
4360 0
9695 1
4480 0
3586 0
9100 1
6561 1
7524 1
8608 0
4612 0
7524 0
7524 0
4825 0
4614 0
7524 0
1048 1
7524 1
1229 0
4142 1
2827 1
1711 0
2960 0
3844 0
5021 1
8636 1
5056 1
7563 0
4265 1
6606 1
3392 0
7524 0
1602 0
2797 0
1293 1
9452 1
6321 1
1733 1
7273 1
7524 0
1810 1
4202 1
8340 0
6188 0
8082 1
7524 1
8289 0
1962 1
7524 1
7175 0
2379 0
7524 1
3840 0
2631 0
2025 1
9568 1
7524 1
4083 0
9648 0
9589 0
7524 0
7524 0
6091 0
7524 0
2484 1
7273 0
5602 1
7524 1
4293 0
7524 1
9273 1
6214 1
9330 0
2177 1
3565 1
5050 0
7524 1
3035 1
7923 0
2216 1
2203 1
6199 0
7524 0
5922 0
7524 1
1675 1
9449 1
3517 0
7524 1
8915 0
1396 1
7524 0
7524 1
7524 1
5825 0
7524 1
7524 0
8686 0
7524 1
6987 0
1433 0
7524 0
6436 1
7481 0
7524 0
5629 1
7806 1
5905 0
7456 0
6024 1
3011 1
3444 0
5304 0
1234 0
7524 0
2718 1
4600 0
7524 1
1401 1
7524 0
7446 0
7524 1
8254 0
1766 0
2480 1
7088 0
2797 0
7524 1
7524 1
8732 1
3331 1
4685 1
5009 0
9615 0
1381 1
2861 0
6302 0
5451 1
2291 1
7524 0
8899 1
3350 0
4247 0
9294 1
2952 1
7524 1
1182 0
7524 0
7524 1
2433 1
2591 1
1480 1
7524 1
4639 1
1539 1
7922 0
7832 0
8670 0
8019 0
7494 0
5897 0
2789 1
7580 0
7524 1
9803 0
6790 1
7524 0
9652 1
8323 1
3694 0
7524 0
7524 1
8282 1
5674 0
1690 0
7524 1
1991 1
6136 1
1269 0
9331 1
1442 1
9079 1
6674 1
4820 0
7700 1
5368 0
7524 1
6207 1
3271 0
2635 1
4026 0
1759 1
7524 0
7524 0
7524 0
5682 1
6780 1
9110 1
3431 1
2888 0
6319 1
6434 1
6991 0
6627 0
2937 0
3068 1
7250 1
6801 1
8191 0
7524 0
7524 0
3396 1
8830 0
5821 0
2448 1
4385 1
7524 1
7524 1
7524 1
4209 0
2400 0
8138 1
7524 0
4327 1
7800 0
7524 0
2256 1
7524 1
1045 1
4734 1
4970 0
9797 0
7524 0
1185 0
2638 0
9273 0
7524 1
7524 0
7094 0
6857 1
7416 0
7524 1
1456 1
2976 1
2635 0
7524 0
6056 0
3100 1
7524 0
9561 0
9243 1
4725 0
2413 1
9222 0
7524 0
1563 1
4727 1
9783 0
9235 1
4652 0
3514 1
5586 0
7524 0
5469 1
4691 0
3242 1
9779 1
8467 0
3931 1
7524 0
7272 0
7139 1
2725 0
6799 1
5428 0
1828 0
5638 0
7524 1
9155 1
9438 0
5958 0
7524 0
8035 0
7112 0
1263 1
3043 1
3872 0
8510 0
5599 0
4242 1
3095 1
4275 1
7524 0
7198 1
8036 0
6175 0
7524 1
8356 1
7524 0
1055 1
7524 0
7524 1
5155 0
8430 1
1004 1
7524 1
2536 1
5064 1
1619 1
5400 0
4071 1
1603 1
4295 0
4121 1
7524 1
6420 0
4339 0
1316 0
4062 1
6305 1
5333 1
7065 0
7524 0
4699 1
7524 1
6045 0
2465 0
3157 0
7524 1
7222 1
2200 1
1577 0
4026 1
4431 0
8130 1
3303 1
7524 1
4542 0
7524 1
7524 0
7524 1
3060 0
8605 1
7524 1
6742 1
7525 1
3008 0
2663 1
1119 1
7524 1
1071 1
6595 1
6007 1
7524 0
2120 0
7524 1
6311 0
7524 1
7524 0
3764 1
1235 0
7808 0
7524 1
3063 0
5423 1
7524 1
4152 1
5719 0
4812 0
3264 0
3380 1
3615 0
7524 1
7524 0
3821 0
1097 1
3129 0
6281 0
8353 0
3165 1
5429 1
7810 1
7777 1
5553 1
9462 0
9667 1
8012 0
2115 0
2969 1
9532 0
1895 1
7524 1
3339 0
5768 1
7361 1
7524 0
7603 1
7524 0
7524 0
4666 1
7524 1
2937 1
7524 0
5221 1
7560 1
3329 1
7042 0
9874 0
7524 0
7524 0
8332 0
7524 0
7524 1
9649 0
9834 0
9271 0
1635 1
7524 0
1563 0
1437 0
7524 1
2672 1
9628 1
9989 0
9638 0
6824 1
7524 0
8847 1
6016 1
6579 1
7016 0
3024 1
3289 0
7524 1
5513 1
2503 0
8328 1
1776 0
4859 1
5196 1
7524 1
4933 1
4309 0
7524 0
7324 1
2837 1
4341 1
7524 1
7524 0
7506 1
7524 0
8852 1
8375 1
9065 0
4491 0
8262 1
5227 0
4817 1
3169 0
4291 1
4383 1
7524 0
1149 1
3240 0
5940 1
1440 1
7524 1
2159 0
3329 1
5498 0
8790 1
7524 1
7616 1
7524 1
1569 1
5747 1
1769 0
7701 1
7524 0
5824 1
4651 0
7193 0
7524 0
3299 0
7524 0
7524 0
4753 1
4403 1
7141 0
9496 1
3484 1
2459 0
9798 1
8026 1
7678 0
2786 0
7524 1
5853 0
7524 0
2309 1
8158 0
7994 1
9453 1
9251 0
7277 0
7524 1
7524 0
4936 0
5701 0
9870 0
7524 1
7601 1
8614 1
1684 0
2555 1
7524 1
8592 1
7524 0
8770 0
1383 1
5644 1
2100 1
8702 0
4668 0
2705 0
4260 0
7318 1
5919 1
2447 1
3933 0
2527 1
7524 1
5507 1
4160 1
3848 1
4024 0
1292 0
4577 1
9891 1
7524 0
9277 1
1804 0
7524 1
6463 1
6975 0
9823 1
1200 1
1492 1
2422 1
7524 1
7524 0
8166 1
7524 0
9504 0
4436 1
9337 1
9876 0
7524 0
7524 0
2545 1
3967 0
8984 0
6327 1
4168 1
7524 0
4783 0
7524 0
7133 0
7986 0
9038 0
1583 0
1902 0
7524 0
4074 0
7524 0
5249 0
4708 1
1868 0
7524 0
8802 0
7524 1
9525 0
5825 0
7524 1
7455 0
7524 1
7758 1
4513 1
5050 0
7524 0
4918 0
7258 1
7524 0
3845 0
5991 1
7524 1
6399 1
8785 0
3773 1
2468 1
7524 0
8081 0
6800 0
3160 1
3357 1
7524 0
9673 1
7524 0
2451 1
4905 0
7524 1
6403 1
5821 0
8948 0
8383 0
1005 0
6989 0
6662 0
2734 1
1296 0
5278 0
7524 1
6529 1
4759 1
6141 1
7524 1
9629 1
7524 1
7524 1
6518 1
7524 1
2664 1
7524 0
9248 0
5777 1
6888 0
7524 1
8825 0
8454 0
5073 0
7524 1
1915 1
2980 1
7524 0
5391 0
5817 1
4833 1
1385 0
7524 0
2726 1
5937 0
2629 1
3544 0
2877 1
7725 1
9174 0
6399 1
6865 1
9359 1
5622 0
7524 1
7047 0
7524 0
2636 1
4513 0
2239 1
7765 0
4164 1
7524 1
7524 1
2784 1
4310 1
1773 0
9865 1
2501 0
6015 0
7524 0
7524 0
8152 1
6401 0
3089 1
2225 0
5535 0
6308 0
7524 1
9147 1
1789 0
8177 0
6596 1
8203 0
8935 1
7524 1
6786 1
8673 1
4982 0
7507 1
7524 0
5050 0
3227 0
8823 1
7027 0
3314 1
3187 1
7524 1
6746 0
8080 0
5587 0
7122 1
6050 0
5979 1
5630 0
4244 0
7524 0
7524 1
2177 0
5275 1
3355 1
5294 1
2416 0
7524 1
7524 1
4661 0
7524 1
6025 1
6115 0
3644 1
3987 0
7253 1
8557 1
7454 0
2698 1
8166 1
7524 0
7273 1
7524 1
1379 1
1375 0
1714 0
7968 1
7524 1
5381 1
7524 1
2097 0
5908 0
5148 1
6764 0
4496 1
7524 1
1771 0
6145 0
2425 1
4159 0
3222 1
5144 1
1938 0
5006 1
7524 0
6588 0
7811 1
9749 1
7524 1
9498 0
7524 1
7524 0
1104 1
7524 1
7524 0
6868 0
8960 1
2900 1
9711 0
6813 1
1172 1
7315 1
7524 1
2548 1
6276 0
1942 0
7967 1
7206 1
9333 1
1635 0
3087 0
7524 0
5911 1
7186 1
8566 1
7444 0
7524 0
1015 1
7221 1
3906 0
7524 0
8363 1
6959 1
7524 0
7524 0
4115 0
1153 0
1305 1
7524 1
4659 1
7524 0
1330 1
2224 0
7524 1
2576 0
1798 1
7524 1
7524 0
6993 1
4651 0
8796 0
1427 0
7740 1
4993 1
9610 1
8538 1
9336 0
1248 1
7524 0
7524 1
7524 1
9426 1
2664 1
3658 1
1617 1
7524 0
5629 0
8491 1
7725 1
3800 1
7524 1
7152 0
3931 0
7524 1
7902 1
3399 0
4536 0
9165 0
7656 1
5382 0
5534 1
7755 1
6696 0
4856 1
2663 1
9505 1
7524 1
3816 1
7192 1
5091 0
7286 0
4679 1
2911 0
5613 0
3488 1
5618 1
1147 1
7524 0
9824 0
5327 1
7524 1
4666 1
5698 0
7609 0
7524 0
7524 1
4091 1
6320 0
7524 1
8096 0
9242 1
7524 0
7524 1
6978 0
7524 0
9797 1
6293 0
1660 1
2857 0
4094 0
5155 0
6040 0
2252 0
5367 1
7524 1
1000 0
6638 0
7524 0
9325 1
2182 1
2628 1
6783 1
2823 1
7524 1
8342 0
6666 0
7524 0
7524 1
7524 0
7524 0
7609 1
6143 0
5124 1
7524 1
5163 1
5864 0
7524 0
9235 0
7539 0
4511 1
7524 1
2274 0
7044 1
7272 1
7120 1
2284 0
7148 0
7706 1
4930 0
5172 0
7719 0
7524 1
5804 0
2407 1
9487 0
8474 0
2248 1
9236 1
4586 1
9886 1
7524 0
7524 1
2756 0
4912 0
7524 0
1607 1
7524 0
1836 0
1844 1
4115 1
5236 0
5396 0
7524 0
9731 1
9068 1
4052 1
2011 0
5361 1
7524 1
5836 1
7524 1
7524 1
5606 1
2709 0
7524 1
7605 1
8730 0
9880 1
7524 0
2789 0
2881 0
3582 0
7524 0
7524 1
7524 1
2145 1
7772 0
7524 0
8798 0
6030 0
9219 1
7524 1
7524 1
4189 1
8729 1
2160 1
9527 1
5638 1
5706 1
1857 0
6887 0
6106 1
7159 1
1573 0
7399 1
3449 1
7524 0
4955 1
9683 1
9668 0
2894 1
3614 1
8589 1
7524 0
6573 0
7524 0
6499 1
3500 0
7524 1
6059 0
7524 1
1208 0
4044 1
7524 1
7524 1
4416 0
9990 0
7524 0
7524 1
7524 1
2802 1
8379 0
1640 0
7524 0
7524 0
7524 1
8246 1
2167 0
3874 0
7524 0
7524 0
6580 1
8382 0
7524 0
7524 0
5976 0
5701 0
7648 0
8012 0
7524 0
1190 0
2081 0
6487 1
5260 1
7524 1
4665 1
6993 1
7524 0
4391 1
7524 0
2986 0
5718 0
5825 1
8417 0
7083 1
7524 0
7524 1
3019 1
5744 1
8010 0
7524 1
7524 1
3524 0
9570 1
7698 0
8664 1
2243 1
3383 0
5402 1
7499 0
5509 0
9632 0
6742 0
5921 1
9926 1
7524 0
6677 0
3210 1
9347 0
2676 1
7524 1
4117 1
1102 0
7524 0
3059 1
2421 0
9741 0
6419 0
5981 0
2680 0
7524 1
7920 0
7524 0
9927 0
9411 0
7524 0
2687 1
4598 0
7532 1
7524 1
3974 0
9310 1
1165 1
7865 1
7524 0
9917 1
9405 1
8445 0
9395 1
7524 1
7524 1
7524 1
6356 1
7661 1
4239 0
8206 0
1666 1
3165 1
5470 0
4977 1
7524 1
9216 0
3258 0
6717 0
7524 0
3659 0
7524 1
4570 1
7524 1
8383 1
4043 0
7524 0
7524 0
7524 1
7524 0
5198 0
7524 0
7524 0
4023 1
8593 1
7524 0
5407 1
5549 1
1701 1
5470 1
8455 0
4698 0
1362 1
8328 1
6465 1
5313 0
5328 1
3727 0
2520 0
5764 0
6495 1
6413 1
7275 1
8501 1
1103 1
7650 0
2674 0
2575 1
4929 0
3880 0
7819 1
7524 0
7524 1
7524 1
7524 0
1081 0
7524 0
8135 0
7524 1
5854 0
7524 1
5356 0
6996 1
5132 1
6032 0
1560 0
4589 0
5073 0
3208 1
3017 0
1753 0
4418 1
7316 1
8033 1
1016 0
7180 0
9006 1
6856 0
7524 1
2569 0
7524 1
9806 1
7524 0
7524 0
7524 0
5925 1
5942 1
3122 1
8480 0
5336 1
2041 0
2951 0
6568 0
3993 1
1905 1
4484 1
5429 1
4328 1
6438 1
2803 1
2425 0
9967 1
8869 1
1160 0
1171 1
3287 1
7524 0
7133 0
9988 0
2323 1
7524 0
2501 0
2469 1
7524 0
7524 0
7697 0
6234 1
7524 0
3682 1
7524 1
4308 1
5631 0
7329 1
1443 1
7924 1
7524 0
1754 1
6127 0
1140 0
3822 1
4133 1
2955 0
7524 1
8013 0
7524 0
8906 0
7524 0
7274 0
7725 0
2612 0
6333 0
1727 0
3076 1
3761 0
8126 1
6583 0
6667 1
2092 1
7524 1
7524 0
2284 0
7524 0
7497 1
9812 1
6182 0
1500 1
5863 0
2780 1
7859 0
3855 1
2247 0
3175 0
7524 0
8801 0
3927 0
7524 1
7524 1
3613 0
2578 0
5161 1
3338 1
1188 0
2971 0
6075 0
7524 1
7524 0
7524 0
9673 0
1204 1
7034 0
3184 1
2394 1
9571 0
7524 1
8470 1
7524 0
9361 1
1869 1
1543 0
1747 1
5133 1
7318 0
8712 0
5636 0
7753 1
1208 1
7524 1
5443 0
7524 1
1935 1
9034 0
4168 0
7838 0
7524 0
7524 1
4752 0
6781 0
6943 1
6466 0
4210 1
2498 0
7524 0
5049 0
4088 0
7840 1
7524 1
4728 0
1510 0
7453 1
1271 0
4481 1
5979 0
3864 1
4916 0
7524 1
7804 0
5400 1
7524 0
9986 0
7439 0
5062 0
8543 1
1875 1
4739 0
7524 1
7524 0
7572 1
5967 1
5443 1
7524 1
2393 0
6151 0
8293 0
1036 1
4605 0
7697 1
1754 0
6319 0
6284 0
1499 1
7524 0
7524 0
3988 1
8633 1
8669 0
3274 0
7524 1
8239 1
3435 0
7524 0
7524 0
7524 1
9296 0
8553 0
8444 1
7513 0
7524 1
4150 1
1473 0
7524 1
7567 1
4869 0
7524 0
7986 0
2220 1
8442 1
1649 0
5173 1
7524 1
7524 1
7524 1
2051 1
1351 1
6683 1
7524 0
1207 0
2186 1
7962 0
7524 0
8817 0
1844 0
7524 1
3978 0
1111 1
2113 0
6246 1
6453 1
7524 1
4311 1
7956 0
6773 0
7618 0
1963 0
7524 1
7524 1
1538 1
4023 1
3489 0
1157 1
4469 1
2425 1
5550 1
9520 1
7524 1
7284 1
6960 0
7524 1
6191 0
6032 0
6190 1
9659 0
7524 0
3864 0
7524 1
7324 1
5553 0
9831 0
2999 1
8190 1
4223 1
9413 0
6424 1
4860 0
5198 1
7524 1
3577 0
3635 1
3301 1
4420 0
7524 1
3155 0
2568 1
5344 0
7524 0
7524 0
7229 0
7524 0
7524 0
7959 1
7613 0
7524 1
8448 1
1603 1
9523 0
7524 1
7524 0
7909 1
5138 1
2021 1
9462 1
2941 0
8809 1
7524 0
7524 0
1788 1
5756 1
7524 1
7524 0
4899 0
7524 0
7524 1
7566 1
2325 0
5123 0
7524 0
7524 1
7524 1
2411 0
4790 1
4310 1
7524 1
1337 0
9522 0
8170 1
7524 0
7524 0
7524 0
7524 0
1484 0
9247 0
7524 1
8950 0
2123 1
2460 1
7524 0
6487 0
9764 1
8164 1
5908 0
7524 0
1471 1
9219 0
8169 0
7524 0
7288 0
5528 1
8368 1
8132 0
3648 0
8556 0
2300 0
7524 1
9347 1
7524 1
7524 1
2742 1
1283 1
5844 1
7524 0
2079 0
8577 1
1179 0
2031 1
7524 1
7524 0
1297 0
8163 0
7524 1
7913 0
4335 0
5240 1
7524 0
6215 1
5815 1
7524 0
1630 1
6432 0
3767 1
9979 0
5244 0
8579 1
1172 0
6318 1
7524 1
7524 1
7657 0
7524 1
9381 1
1819 0
9530 1
3151 1
7524 0
6907 1
9147 0
5162 0
7524 1
7524 1
7524 0
6427 1
7524 0
7524 1
7524 1
7209 1
3622 1
7524 1
7524 1
7524 1
7524 1
2220 0
5372 1
2924 0
7524 1
7622 0
6310 1
7524 1
7524 1
7337 1
5397 1
2605 1
3975 1
5828 0
7524 1
8890 1
7524 0
6918 0
2925 0
7524 0
7524 1
7349 0
1502 0
5283 1
1285 0
1659 0
1309 0
2161 0
5431 1
7357 1
6523 1
7524 0
2675 1
6435 1
5868 0
5166 1
3520 1
7116 0
7524 0
1663 1
5372 1
7524 1
4109 0
3136 1
8571 1
7524 1
3030 1
4143 1
8213 1
1797 1
2461 1
6833 0
5081 0
7524 1
1884 0
6807 1
7598 1
3555 0
2032 0
1329 1
1679 1
9652 0
9602 1
7524 0
7524 1
7524 0
7524 1
7524 1
1434 0
3990 0
2374 1
9056 0
7524 1
7334 1
2445 1
7990 1
3593 0
2513 1
1201 0
2781 1
7524 0
5510 1
7524 0
4192 1
1526 0
7524 1
3959 1
9102 1
2274 0
7281 1
1075 1
7524 1
1041 0
7825 0
2017 0
7524 1
1989 0
7524 0
7524 1
3847 0
8971 0
5297 1
3404 1
1931 0
2205 1
7524 0
5606 1
9644 0
8472 0
1233 1
5467 0
9000 1
9167 1
3238 0
6350 0
4639 0
3945 0
7524 0
7858 1
1757 1
7524 0
9384 1
8384 0
7524 1
1943 1
9161 1
5936 0
5292 1
7904 1
5763 0
3872 1
7930 1
2671 0
7701 1
7524 0
7524 1
7524 0
7524 1
6394 1
7525 0
7154 0
2757 1
6396 1
7524 1
7524 0
7524 0
3065 0
7524 1
7524 0
6964 1
3359 0
7524 0
4795 1
6573 0
4871 0
7524 0
7524 0
7524 0
8361 1
5425 0
3929 0
3147 0
7524 1
7524 1
4988 0
1561 0
2785 0
6589 0
2997 0
7710 1
9488 0
7524 1
3373 0
7318 0
8499 0
4071 0
7524 1
2245 1
5186 0
4535 0
7524 1
6115 1
1607 1
7524 0
3982 0
1540 1
9439 0
6251 1
4848 1
7524 0
1010 1
6254 0
8721 0
6680 1
7013 0
4663 0
7165 0
1089 0
7524 1
7524 0
7524 1
9011 1
6014 0
3948 1
2487 0
7524 1
2631 0
7524 1
6257 1
6347 1
4152 0
9432 1
5795 0
7524 1
5958 1
1955 1
6708 0
5691 0
8200 1
9981 0
7524 0
1284 0
7068 1
2863 0
1024 0
2134 0
4731 0
1323 1
7524 1
9836 0
7524 1
1072 1
7708 0
7524 0
3967 1
3587 1
8164 1
7524 1
7524 1
6555 0
8307 1
2297 1
2862 1
8113 1
2730 1
3049 0
7524 0
1998 1
4846 0
7524 1
4839 0
3146 1
1796 1
3658 0
8124 0
9854 1
7524 1
7524 0
7524 0
7693 1
7524 1
8828 0
8312 0
5787 0
1546 1
4661 0
3839 1
7524 0
5111 0
9003 0
6696 0
8240 1
1572 0
1676 0
9610 1
7524 0
8385 0
2224 1
4080 1
2489 0
7524 1
7524 1
4278 1
9652 1
4338 0
1163 0
4887 0
9624 0
7524 0
3461 1
5218 0
5979 1
3436 1
8133 0
8106 1
2404 1
5313 0
2231 0
2982 0
3428 0
7524 1
7524 0
7524 1
7524 0
5741 1
7524 1
3103 0
4507 1
6172 1
7524 0
9675 0
8570 0
7524 1
2949 1
9024 1
8536 0
3532 1
7524 1
2322 1
3936 1
2916 1
2591 1
7513 1
7524 0
1093 0
9117 1
5005 0
4890 1
6877 1
9724 1
8744 0
2519 1
7524 1
8061 0
1674 1
1740 1
4623 0
9769 1
7524 1
6262 0
7524 0
9581 0
2186 0
2734 1
9796 1
7822 0
8562 1
7524 1
9906 1
9291 0
5553 0
7891 0
7524 0
6227 0
5313 1
2461 0
6635 1
2549 0
2087 0
7524 0
2499 0
7524 0
7524 1
8648 1
7036 0
7786 0
7524 1
9191 1
5368 1
5164 0
1863 0
6876 1
1104 1
5087 1
1463 0
5713 0
7524 1
7524 1
6439 1
7524 1
7934 0
7524 0
2855 1
8472 1
7524 0
6311 1
6774 1
7524 0
9284 1
4318 0
3183 0
5361 1
3097 1
7524 0
6955 1
1827 1
7139 0
7524 1
8632 1
7916 1
8586 1
7524 1
7524 1
4795 0
7524 0
4236 0
1365 0
8636 0
7524 0
5846 0
2303 1
8230 0
9338 0
9646 0
1793 0
8363 1
9743 1
9311 0
7524 0
9918 0
7708 1
8751 0
5069 1
6828 0
1704 0
9346 1
2295 1
7524 0
9920 1
1006 0
5974 1
8105 1
3723 0
5711 1
9541 0
3401 0
3519 1
5186 0
8769 0
9200 0
6902 0
8664 0
9177 1
2112 0
9875 0
9342 1
5508 0
9321 1
7640 0
4823 1
6101 1
8315 1
7494 0
6363 1
7524 0
7524 0
7524 1
2098 1
3121 0
8415 0
3602 1
9338 1
9948 0
7524 0
9457 1
2810 1
7524 0
5860 1
6958 0
9079 0
7524 0
4125 1
7524 0
7125 1
9461 0
6643 1
7524 1
4868 1
6239 1
1744 1
8963 0
2015 1
2493 0
3133 1
7334 0
7104 1
3683 1
2072 1
7524 0
1825 1
3956 0
5166 0
7524 1
5065 1
4550 0
7524 1
5122 1
7624 1
9315 1
2319 1
3144 0
6100 1
1267 1
7842 1
7524 0
7524 0
5128 1
9250 1
7524 1
2745 0
8728 0
1207 0
7928 1
7524 0
4178 1
7524 1
3900 1
3311 1
3940 1
7524 0
7524 0
6187 1
7401 0
8111 0
4922 0
7524 0
7524 1
1643 0
5626 0
7524 1
7184 1
5145 1
2203 0
7524 1
3259 0
9661 0
5303 1
1476 0
2119 1
7524 0
8281 1
7524 1
9197 0
6640 1
7524 0
9164 1
6663 0
2788 0
6266 0
4073 1
5462 1
3743 1
8208 1
5171 1
9688 0
5899 0
5148 1
5061 1
9472 0
7509 1
5979 1
3368 0
7524 1
5524 1
4453 1
3159 1
3677 1
4562 0
9884 0
8824 1
7524 1
2467 1
4835 1
8788 0
4523 0
7524 0
5516 1
7524 1
9162 0
2317 0
1296 0
7524 0
2967 1
1906 0
7933 0
7524 0
8869 0
4344 0
7524 0
9613 0
4694 1
3458 1
5482 1
4802 0
3060 0
7524 1
7768 1
3989 1
7524 1
1021 0
7524 0
7524 0
3268 0
3159 0
6187 1
2169 1
6590 1
7524 0
7524 1
7524 1
9032 1
6405 1
9744 1
1425 1
8268 1
1593 0
5073 1
7964 1
8201 0
2618 0
5761 0
5986 0
6251 0
7524 0
1574 1
1531 0
7524 1
1593 0
5910 0
7524 1
7524 0
5788 1
5816 1
5954 0
8484 0
8791 0
7366 1
6535 0
7524 0
2255 0
4924 1
9022 1
9919 0
2966 1
8020 0
4202 0
7311 1
7524 0
7524 1
6569 0
7524 0
7875 0
7524 0
3199 1
6681 0
5048 0
6201 1
1353 1
6846 1
3722 1
7524 1
3140 0
1015 0
1285 1
7524 0
7524 1
1852 0
3583 1
8517 0
8114 0
6014 0
7524 0
7524 1
6644 0
3916 0
7524 1
2118 0
7524 1
7524 0
9943 1
5813 1
1279 1
7524 1
3904 0
6303 1
1159 1
7524 1
5547 0
7524 1
7524 1
2438 0
3743 0
7524 0
8155 1
1801 0
5977 0
7524 0
4271 1
7361 1
4597 1
7524 1
7524 0
5213 1
7875 1
6524 0
1429 1
