359 6946
6946 1
6946 0
3661 0
3969 0
2620 0
5660 0
6509 1
7280 1
8378 0
6895 1
9253 1
6946 0
6946 0
1869 0
6946 0
6946 0
2256 1
6966 1
6946 1
3316 1
6946 0
3225 1
8809 0
6149 0
7637 1
5602 1
1574 1
2831 0
6946 1
9632 1
2948 0
6946 0
1937 1
6946 0
4339 1
3537 1
6946 1
7351 1
7369 0
6946 1
6946 0
1568 1
6946 0
6008 0
6946 1
6692 0
6292 1
3529 1
6946 0
1243 1
1231 0
2167 0
6946 1
6360 1
8721 1
6946 1
7435 1
6946 1
9007 1
6946 0
9252 1
4386 0
6946 0
7416 0
6503 1
6946 1
7849 0
3516 1
8579 1
6946 1
6761 1
5183 0
6496 0
2744 0
9160 0
5664 1
4827 0
6511 1
3922 0
9042 1
4169 0
6126 1
3681 1
9432 0
8830 0
1996 0
3290 1
6946 1
7565 0
5498 1
9799 0
8213 1
1811 0
9904 1
8094 0
6946 1
8665 1
1955 1
6037 0
6481 1
7164 1
5373 1
4926 0
8897 0
3094 0
4149 1
9522 0
3414 1
6689 0
7530 0
3869 0
3711 1
4415 0
3281 1
2052 1
6946 0
9855 0
8003 0
9755 1
6946 1
5791 1
6012 0
8724 1
3139 1
5420 0
3825 0
5447 0
5731 1
6946 0
6946 1
1049 1
5840 0
1852 0
9576 0
9067 1
4488 0
4665 0
6946 0
6946 1
7318 0
6458 1
6507 0
2347 1
9552 1
6480 1
5548 1
6946 0
8679 1
2432 1
5273 0
6207 0
4989 1
6569 0
6466 0
2744 1
7273 0
8364 0
3013 0
5350 0
2140 1
6946 1
8238 1
6946 1
9797 1
6946 0
4801 0
8310 1
6946 0
9811 1
3433 0
4839 1
1518 1
9757 1
3985 0
3783 1
6399 0
5463 1
4448 1
8150 0
7514 1
5932 0
5490 1
3999 0
4730 0
6404 1
8554 0
6946 1
8199 1
3682 0
6946 1
8050 0
3982 1
5824 0
6175 0
9906 0
6946 0
7940 1
7580 0
6946 1
4066 1
7250 0
2652 1
6946 0
6573 0
9484 1
6946 0
5947 1
8976 1
2776 1
9808 0
1226 1
4828 0
6480 1
8466 1
3628 1
3966 1
4209 0
4467 1
6946 0
1495 0
1193 1
6946 0
6946 0
3106 1
5133 1
1084 0
5520 0
2174 1
6171 1
6451 1
4298 1
1843 0
3899 0
5314 1
1397 0
6436 0
4943 0
6946 0
9699 0
9350 0
6946 0
6946 0
6645 1
2326 1
7383 1
6650 0
7592 0
1190 0
2058 0
8109 0
4812 1
3460 1
8249 0
2711 0
6946 0
9303 1
8935 1
2356 1
8720 1
8348 0
8563 1
8774 0
2793 1
8809 0
7151 0
6946 0
2619 0
9868 1
7931 1
5189 0
2195 1
4676 0
6946 0
3025 0
8186 0
6946 1
6924 0
8543 0
5764 1
6946 1
8915 0
5459 0
6946 1
6946 1
3269 0
1687 0
2565 0
2268 0
6451 0
2400 0
9473 1
5740 0
7551 0
1821 0
5323 1
6946 0
6946 1
6946 0
5672 0
9345 1
9245 0
4406 1
8373 1
3668 1
2895 0
3853 1
9457 1
6946 0
4634 0
7304 0
6426 0
6946 0
8330 1
4056 0
4076 1
5971 1
6946 0
6946 0
6826 0
6946 0
8172 0
3546 1
6946 0
2048 0
6946 1
1108 0
6946 0
5823 1
5819 1
2915 1
5947 1
9965 1
2288 1
9036 1
1085 1
9132 0
2970 1
6590 0
3507 1
8560 1
1440 0
3455 0
6946 1
6946 1
6946 0
6946 1
5437 0
9966 0
6946 1
1694 1
1553 0
9114 1
6906 0
6946 1
6946 1
9700 0
3616 1
9266 0
8752 0
