1324 8763
8763 0
4611 1
3576 0
7429 0
8763 0
5256 1
2209 1
3868 1
8343 0
3359 1
8763 0
8763 1
1753 0
8763 0
1068 1
6174 0
8763 0
8763 1
1369 1
8763 1
8763 1
6475 0
8763 0
6326 0
8763 1
4896 1
4761 1
8407 0
5071 0
9051 1
2560 1
8763 0
1577 1
9221 1
2900 1
7957 0
4667 0
8763 0
9152 0
8763 1
2041 0
8763 0
3275 1
2276 0
8120 0
6246 0
1981 1
1612 0
8763 0
2507 0
6567 0
4960 0
4409 1
8150 0
7172 0
5416 0
9264 0
2070 0
7542 0
4459 1
4829 0
2931 0
6378 1
3100 1
1098 0
3569 0
8638 1
5688 1
3350 1
6072 1
9303 0
8763 0
7359 0
4326 0
3148 1
8763 0
2765 0
1403 1
3443 0
3145 0
8217 1
8763 1
4657 1
2016 1
8763 0
4409 0
3605 0
5370 1
8763 1
8763 1
8763 1
5065 1
8763 1
8763 0
8763 1
6703 1
9063 1
8763 1
7698 0
8763 1
7255 0
9380 0
2301 1
3718 0
6001 0
9509 1
3565 1
2628 0
1601 1
6485 0
8763 0
4816 1
1136 0
8763 0
6203 0
8556 1
8066 0
7983 1
9611 0
8763 0
8945 1
6725 1
7893 0
5381 1
4855 0
6056 1
8251 1
8763 1
7599 1
4562 1
2126 0
8763 1
8845 0
8763 0
8763 0
8763 1
3327 0
8383 1
8763 0
3336 0
8763 1
2259 1
8763 1
6062 1
3780 1
8763 1
6113 1
3020 0
4354 1
4517 1
5259 0
8951 1
8763 1
4792 0
8763 0
7731 1
4523 0
6988 1
6361 0
8763 1
1839 1
4556 0
1775 0
2199 1
5991 1
3197 0
3184 1
6792 1
5408 0
7264 1
4531 0
8763 1
8763 0
8763 1
8763 0
9823 1
5236 0
9203 1
6476 1
5547 1
5435 1
6432 0
8268 0
8763 0
9220 1
5582 1
8467 0
9455 1
8926 0
5107 1
1339 1
8763 0
1713 0
6333 0
7346 0
6581 1
7887 0
7253 1
1582 1
8763 0
7219 0
7558 1
9540 1
9292 0
9878 1
2263 0
8763 0
9699 0
6953 1
7535 0
8594 1
8763 0
3339 1
2879 0
2172 1
8402 0
7017 1
5224 0
3700 0
8418 1
2846 0
8763 0
8763 0
2799 1
2031 1
9555 0
5309 1
2327 0
6551 0
6603 0
2373 1
1572 1
9856 0
3079 1
8763 1
8763 1
8763 1
8763 1
5493 0
8763 1
7871 1
8763 0
9321 0
6028 0
7719 0
3166 1
8763 0
8763 1
2736 0
8062 1
8763 0
4679 0
8763 1
8763 1
6077 1
8763 1
9353 0
1396 0
2833 0
5694 1
6886 1
1720 1
8763 1
3060 0
2464 1
7541 0
8646 1
4822 0
3164 0
9588 1
8763 1
4547 0
8763 1
8332 0
1392 0
9208 1
6749 1
2747 0
6569 0
8763 1
7970 1
8763 1
2191 0
3160 1
1492 1
1885 0
1093 1
4195 1
5942 1
2512 0
4949 1
9623 1
2100 1
4863 1
8763 1
5369 1
8763 1
2994 1
8763 1
8763 1
6037 1
4619 0
6246 0
8763 0
3020 1
4235 0
9856 1
8763 0
8763 1
5102 0
1291 0
8774 0
8763 0
7392 1
1323 1
8763 0
8129 1
2025 1
2232 1
1692 1
8763 0
8597 1
1484 0
5956 0
9701 1
1024 0
9918 1
8763 1
7233 1
8763 0
5675 0
4287 1
2885 0
9721 0
3030 0
8763 1
2820 1
9899 1
8763 0
7038 1
8763 0
1038 0
8022 1
7401 0
5610 0
8763 1
8480 1
9226 1
8763 1
7869 0
3154 0
1046 0
1085 0
8763 1
8763 1
8763 0
8763 0
1132 1
8763 1
8763 1
2126 1
3759 1
1500 1
8763 0
8763 1
8763 1
1720 0
7535 0
6180 0
8763 0
3057 1
4774 0
7984 1
9063 1
3296 0
3928 1
4645 0
9821 0
7857 0
7067 0
4164 1
1710 0
8763 1
8763 1
8763 1
8763 0
7106 1
8763 1
8597 0
8419 0
8763 0
9194 0
1264 0
8763 1
7636 1
8763 0
3172 1
6970 0
2690 0
7675 0
4646 1
9138 1
5684 1
3300 0
9616 0
4155 0
9754 0
8763 1
6755 0
6701 1
5245 0
8763 0
8834 0
8763 1
4518 1
3723 1
9565 1
8763 0
1971 1
6600 0
8763 1
9306 1
5066 1
5952 1
9924 0
4442 0
8763 0
4366 1
8763 1
6377 0
8763 1
4126 0
7402 0
5923 0
9356 0
5646 1
6783 1
9619 1
8763 0
8763 1
1250 0
4154 0
4633 0
2035 0
8763 0
8763 1
1261 1
8763 0
2447 1
8419 1
8757 1
3126 1
5201 0
2582 1
4540 0
7396 0
3463 0
2944 1
6859 0
8804 1
4110 0
1457 0
3575 1
9798 1
4240 1
3669 1
7219 0
5734 1
9575 0
3954 0
4599 1
5972 0
5675 1
6861 0
4165 0
8763 0
1958 0
7498 0
5983 1
7679 0
8180 1
9143 1
1563 1
8207 0
9353 1
8763 1
8763 1
3670 1
1168 1
3504 0
8763 1
8763 1
3578 1
2839 0
8006 0
4286 0
1766 0
3478 1
6148 0
3668 1
8763 0
7256 0
8763 1
1766 0
3605 1
8763 1
6093 1
2779 1
8763 0
9767 1
4582 0
3863 0
6131 0
4319 1
5085 0
8763 0
4768 1
8763 1
8046 0
3602 0
3369 1
4303 0
7167 0
9650 1
8763 1
8763 0
2340 0
8763 1
6157 0
9411 0
9385 0
2205 1
8370 1
9901 0
2970 0
8763 0
8100 0
9441 0
3382 0
8763 0
6443 0
3181 0
4386 0
8763 0
7294 1
2957 1
3745 0
8763 0
1639 1
5162 1
2194 0
4989 0
7170 1
7908 1
7016 0
9729 1
8061 0
4679 0
8763 1
6843 0
4217 0
4423 1
8605 0
8862 1
6013 0
6829 0
7304 1
8763 0
1651 0
7221 1
4947 0
7211 1
3368 0
2149 1
3742 0
4345 0
8763 1
8763 1
1460 1
2112 0
5685 1
9632 0
6844 1
6564 1
7713 0
1456 1
2153 1
5052 1
8763 0
8763 1
8448 1
4133 1
1117 1
6961 0
3526 0
8763 1
2884 1
8034 0
3413 0
8763 1
3700 1
8763 0
8763 1
8585 1
1632 0
8763 1
5942 1
6182 1
4229 1
9782 0
1386 0
1461 1
3189 1
7836 1
8763 1
8763 0
9536 1
8763 1
8763 0
7956 1
5173 1
8763 1
6115 1
6576 0
8763 1
8763 0
7881 0
2353 1
8241 0
8763 0
3064 1
5163 0
8763 1
8763 1
2227 0
8763 1
4884 0
7334 1
5849 1
1060 1
8763 0
7957 1
9746 0
1130 0
8891 1
7470 0
2626 1
2898 0
8763 0
8763 1
2327 1
9211 1
4520 1
8763 1
4115 1
4050 0
6352 1
1213 1
6311 1
8763 1
1064 0
8743 1
7955 0
8827 1
9446 1
1196 1
7188 0
1651 0
4092 0
8432 1
8763 1
2268 0
3985 0
4794 1
7679 0
8763 0
5336 1
2524 0
9528 0
3620 0
8404 1
7300 1
8763 0
9589 0
8763 1
9333 1
8763 1
9477 1
2307 0
9410 0
1351 0
7794 1
3130 1
8763 0
1738 1
8763 0
5221 1
9141 1
5970 0
8763 1
8763 1
8246 0
8081 0
3672 1
2915 1
6360 1
9052 1
8763 0
1074 1
2245 0
6330 1
8741 1
6870 0
6180 1
7479 1
5390 0
1391 1
5474 1
8763 0
2247 0
4337 0
1057 0
8763 0
1102 0
3634 1
7465 0
2855 1
8763 0
3886 0
8763 0
9227 1
2036 1
6527 0
7112 0
4566 0
8763 1
3918 0
8763 0
8313 0
8763 1
4897 1
8763 0
4750 1
4701 0
2061 1
2941 0
7843 1
9454 1
2186 1
9499 0
9691 0
8763 0
3842 1
8893 1
8763 1
8763 1
2619 0
9000 1
3583 1
8184 0
4011 1
8662 0
8211 1
8763 1
8763 1
4869 1
1025 0
8996 0
7997 1
7932 1
3468 1
6479 0
2493 1
8763 0
4145 0
3284 1
8763 0
5233 0
4230 1
2227 0
6511 1
8763 1
4122 0
5547 1
8763 0
8763 0
5822 0
4935 0
2846 0
7373 0
3995 1
5279 0
8795 1
9270 1
8763 1
5120 1
2906 0
8763 1
8763 1
8897 0
9471 1
9624 1
8763 0
6522 1
4035 0
3358 1
5985 1
8971 0
5132 1
5227 0
4521 0
7541 1
4556 0
3202 0
9643 0
8763 1
5373 0
2774 0
8434 1
7773 0
5772 1
8763 0
2881 1
6437 1
5991 0
2986 0
3045 0
9985 0
5040 1
7187 0
9252 0
4835 0
2408 1
1595 0
7241 1
3307 0
1464 1
8763 1
7394 0
9475 1
8763 1
8763 0
2005 1
8763 0
7660 1
6104 1
8763 0
1079 0
7896 1
8243 0
4951 1
1750 0
9119 0
7476 0
7467 1
3572 0
8763 1
1220 0
7238 1
6427 0
1422 0
8763 1
8547 1
7666 0
5142 0
2609 1
2533 0
6984 1
4448 1
6803 0
4470 1
8763 0
3830 0
4723 1
7533 1
9731 1
2253 0
8763 1
3973 0
4773 1
1577 1
2399 1
8763 1
6850 0
7925 1
5459 1
5190 0
3795 0
2720 1
4888 1
8763 0
8629 1
1028 0
2622 1
6020 1
2105 0
8763 0
2406 0
5202 0
8763 0
1059 1
8763 0
4846 1
8763 0
8011 1
8763 0
5468 0
3925 0
2302 1
8763 0
6738 1
1013 0
5528 1
8049 1
7189 1
5200 1
3119 0
3019 0
3565 0
9973 0
7559 1
8277 0
6407 0
8763 1
9251 1
8763 1
7045 0
8763 0
2649 1
1356 0
8763 1
7698 1
8763 1
1614 1
8763 1
5676 1
2280 0
1683 0
8763 1
6860 1
8763 1
1900 1
5970 1
4541 1
6658 1
5483 1
7511 0
8763 1
8763 1
6822 1
8365 1
8909 0
7161 0
8763 1
3174 0
8763 1
5832 1
8133 1
1161 0
2309 1
5483 1
1200 0
6461 1
3623 1
9458 0
9835 0
4222 0
8763 0
5907 1
8763 1
2061 1
6545 0
6745 0
3207 1
3182 0
8992 0
8763 1
8715 1
8127 1
1386 1
7714 1
1981 1
4403 0
7703 1
3705 0
8763 1
5201 0
4028 1
3430 0
8763 1
9246 0
6960 0
8763 1
1930 0
5397 0
8424 1
4632 0
8833 0
9214 1
8763 0
8763 0
3531 0
9266 1
7178 0
8108 1
9858 1
5634 0
6618 0
2804 1
2018 0
1014 0
1285 0
8763 1
8763 1
1543 0
6003 1
3213 0
5199 0
1818 0
3622 1
8763 0
9642 0
8763 0
9170 0
9887 0
8763 0
8763 1
7669 0
8655 1
4751 0
8763 1
8763 0
7600 0
7242 0
6602 0
8763 0
6331 0
4113 0
6898 1
6601 0
8763 0
9970 0
7238 1
8763 0
3981 0
1254 0
6698 0
9381 1
8763 0
1951 1
6516 0
1732 0
8054 1
2644 0
6482 1
2266 1
3652 1
8763 1
8763 1
8763 1
8763 1
8763 1
4945 1
5677 0
1084 1
2728 1
5563 0
6829 0
9482 1
1447 0
7203 1
4212 1
3607 0
7229 0
7968 0
8763 1
8763 1
8763 1
4182 1
5749 1
4641 0
6590 1
7739 1
8763 1
8763 0
5753 0
1073 0
4334 1
9222 0
8763 0
1830 0
8535 1
8763 1
4205 1
8763 1
8365 1
8639 1
8763 1
9067 0
8214 0
7696 0
8763 0
8763 0
8971 1
9996 0
8763 0
4635 1
2283 1
2036 0
8763 0
8648 1
1330 1
3584 1
1372 1
9343 0
9340 0
2408 0
1931 1
8763 1
8352 1
6566 0
7942 1
9053 0
9656 0
2609 0
2411 1
5855 0
3769 1
8763 0
7545 1
6108 1
5428 0
8763 1
7389 0
7045 0
8654 0
7417 1
3272 1
8763 1
4436 1
1982 0
4442 1
8763 1
3652 0
8763 1
8763 1
4028 0
8763 0
4213 1
3837 1
6230 0
3197 0
8763 1
8763 0
5488 1
5492 0
9237 0
8763 1
6829 1
9523 0
9945 1
8763 0
6376 0
8763 0
8763 0
1867 1
3840 0
8763 0
8369 1
5749 0
8763 0
2756 1
2701 0
9535 0
2344 0
6460 0
8763 1
5215 0
1699 0
9069 1
4818 1
1094 1
3759 1
1354 0
8108 0
8218 1
5703 1
8448 1
7568 0
8506 1
8496 1
8763 1
8763 1
6251 1
6605 1
8763 1
8855 0
6578 1
1629 1
9552 1
8763 0
4423 1
6821 1
9313 1
5564 0
8763 0
4504 1
9711 1
6289 0
8763 1
9821 1
9369 1
3793 0
6966 0
6279 1
8195 1
6717 0
6305 0
5176 0
2739 0
9089 1
1146 1
1770 0
9456 0
6923 1
2574 0
9432 0
1795 1
2868 1
9231 0
7217 1
5379 0
3468 0
3469 0
8763 1
6665 1
5110 1
9272 0
7091 0
9086 0
1173 0
1348 0
1670 0
9114 1
7014 1
8763 0
8359 1
1374 1
4125 0
8763 1
8763 0
8763 1
6124 1
8763 0
7662 1
6777 0
1143 1
8333 0
6625 1
7098 0
8763 1
6386 1
6490 0
8763 0
1508 1
8171 0
2300 0
2443 1
8763 1
8763 1
6529 0
8763 0
2457 0
6006 1
2336 0
5446 0
4064 1
8763 1
3210 0
8678 0
8763 0
5630 1
9186 1
1644 0
4002 1
2691 1
7137 0
8763 1
2821 1
2383 1
8763 1
5644 1
8763 0
2953 0
4616 0
8763 1
3406 0
7103 0
4577 0
8763 1
9191 0
7982 0
8763 1
8763 0
1818 1
2334 1
3495 0
8763 0
8763 0
8763 1
8559 1
3807 0
8763 1
8763 1
6868 0
3708 0
8763 0
7095 0
8763 0
9746 1
4310 1
7626 0
8763 1
1356 1
