3561 8063
7509 1
8892 1
1918 0
5424 0
3483 1
3360 1
8063 1
4272 1
8236 0
9523 1
4938 0
3316 0
5359 1
8063 1
8036 1
8063 1
2650 1
2899 1
8063 1
8063 1
1600 0
8149 1
8063 0
2240 0
3952 1
5945 1
6865 0
8063 1
8063 0
5527 1
1698 1
8063 1
1960 1
1393 0
3628 0
7557 0
2450 0
1731 1
7884 0
5268 0
2463 1
8063 0
1005 1
6449 0
8063 1
7420 1
2330 0
8063 0
8063 0
8063 1
6100 1
1368 1
9183 1
7249 1
5166 1
7437 1
8063 0
8063 0
2478 0
8962 0
9826 1
3278 0
8063 0
7909 1
1654 0
1757 1
7308 0
4677 0
5823 1
5011 1
6747 0
8063 0
8646 0
8645 0
5178 1
7961 1
3262 1
5000 0
8063 0
9051 0
1414 1
7161 1
6915 1
5842 1
6718 0
3700 0
6619 1
8063 0
6028 0
7663 1
6819 1
5816 1
4417 0
8063 0
8063 0
3359 1
6813 1
8063 1
8063 0
8063 1
8988 1
8063 1
2817 0
8063 1
1863 0
8063 0
5988 0
9950 0
3772 1
9588 0
5290 0
8063 1
1620 0
9285 1
4917 0
3133 0
1155 1
8063 1
7082 1
8063 0
9835 0
8182 1
8087 0
8707 0
7992 0
9261 0
2394 1
8901 0
4867 0
8002 0
9825 1
8562 1
8063 1
5187 0
5287 1
4087 1
1888 0
6283 1
8427 0
8525 1
8063 1
4897 0
3459 1
4337 0
9041 1
7790 1
8063 1
8063 0
1445 1
8944 0
8662 1
1087 0
4984 0
4796 0
8133 0
7174 1
8063 0
8063 1
6340 1
6786 1
3082 1
8097 1
8184 1
3168 0
6964 0
5097 0
8063 1
1545 1
1682 0
7755 1
8063 0
8063 1
8063 1
8063 1
3964 0
6132 0
8063 1
9401 0
8063 1
3734 0
6208 0
5022 0
9623 0
7306 0
3086 1
6050 0
8534 0
7983 1
8063 0
3058 0
3164 1
1305 1
8063 1
8063 1
5670 1
3575 1
8641 1
9313 1
9760 1
3257 1
8063 1
5290 1
6923 0
3579 1
8858 1
8063 1
3111 0
8105 1
8063 0
1066 0
9943 1
6159 0
8063 1
1646 1
9764 0
8063 1
8355 1
1788 1
1074 0
8063 0
7575 0
8063 1
9528 0
2686 0
8063 0
2193 1
5850 1
2013 0
9675 0
2804 0
7529 1
2456 1
9178 1
4222 0
6467 0
4062 0
4069 0
8063 0
8410 0
3524 1
1361 0
8063 0
2416 1
7946 0
8521 0
8063 0
3690 0
3860 1
2648 1
8063 1
5590 1
8063 1
8063 0
2992 1
5884 0
8063 0
8063 1
6440 1
6482 1
9342 1
8343 0
5754 0
8063 1
8063 0
4237 1
7680 1
6458 0
3222 1
8063 0
7566 1
8063 1
4855 1
7466 1
8063 0
4330 0
4020 1
5702 0
3269 0
8063 0
7136 0
2953 0
8063 1
3892 1
8063 0
3051 1
1626 1
9816 1
2305 1
5491 0
1368 0
4856 0
6809 0
6186 1
6771 1
2174 0
8063 1
4125 1
9598 0
4421 1
5218 0
5624 1
6777 1
2537 1
2145 0
8063 0
9595 1
7998 0
6461 1
8063 1
7865 0
8063 1
2050 0
8063 1
9051 0
9668 1
3408 1
8063 1
2055 0
1123 0
6768 0
5999 0
8603 1
9653 1
1357 0
8063 1
6089 0
8063 1
9252 1
8063 1
4769 0
5059 0
4809 1
8063 0
5930 1
1351 1
6610 1
5243 0
8063 1
8838 0
6130 1
9899 0
8063 0
8063 1
8063 0
5068 1
2665 1
6632 1
4372 1
7200 0
5878 0
4455 0
2406 1
4642 1
5225 1
7729 1
8063 0
6114 1
5467 0
1562 0
8063 0
2994 0
3802 0
8063 0
2139 0
3251 0
2720 1
8063 1
1939 1
1130 0
3694 0
9810 1
8063 0
7619 0
8063 0
1723 1
9792 0
8335 1
4067 0
2358 1
8063 0
5894 0
4060 0
8063 0
5944 1
7248 1
7971 1
5116 1
8063 1
8063 0
3816 1
8063 1
8063 0
8063 0
7034 0
9106 0
8063 0
9908 0
9534 0
8063 1
1589 1
4082 1
4250 0
8614 0
4862 0
1896 0
7355 0
2405 0
7408 1
8063 0
5845 0
8063 0
2470 1
8063 1
8063 1
4110 0
2131 1
4225 1
8154 1
5592 0
2671 0
8063 0
5172 0
8063 1
1046 1
7150 0
1260 1
8743 0
8063 1
5829 1
8063 0
3888 0
8649 1
8063 1
1010 1
5635 1
5981 1
7014 0
3597 1
5625 0
1455 1
5195 0
5253 0
2012 0
2944 1
5469 0
7771 0
5082 0
9156 1
5762 1
5095 0
5873 1
8063 1
8063 1
8153 1
8063 1
8063 1
1751 0
2695 1
8063 1
7632 1
3395 0
7490 0
8063 1
2308 0
5917 0
8787 0
8279 0
6382 0
8077 1
7731 1
7940 0
1682 0
7412 0
8063 1
2691 0
7503 1
1444 0
6630 0
9660 1
4822 0
8063 1
7136 1
5170 0
2582 0
7611 1
4693 0
7334 1
1335 0
8063 1
2488 0
3662 0
1771 1
3275 1
7331 0
7691 0
3017 0
7225 0
1102 0
7281 0
1495 1
8063 0
6570 1
3751 0
7687 1
5745 0
8063 1
9885 0
7110 0
7213 1
8063 0
5526 1
8063 0
6924 0
8063 1
8063 0
7151 1
2896 1
4908 1
8063 0
8063 0
9460 1
5284 1
9811 0
3601 1
2962 1
8063 0
4909 1
4371 1
1702 1
7918 1
2244 0
2784 1
1521 0
7952 0
8063 1
4134 1
5560 0
4137 1
1962 0
6344 1
5809 0
8749 1
3615 0
7857 1
4305 1
1531 1
9733 1
1196 0
5031 0
6920 0
8063 1
8063 0
2449 1
2416 0
9274 1
8063 1
8063 1
4359 0
7102 0
8063 0
9127 0
6048 1
9127 1
8063 0
8063 1
5281 1
8063 1
8063 1
1088 0
4447 0
8063 1
1296 1
9424 0
2824 1
8303 0
2562 0
8063 1
6726 1
9582 0
9671 0
1470 1
5724 0
6607 0
5667 0
3442 1
2632 0
8063 1
7595 0
8063 1
9559 1
9230 0
8063 0
5830 0
1117 0
2180 1
2419 0
8063 0
2958 0
8857 0
8063 1
6269 0
8063 1
5480 1
3305 1
8474 1
8294 1
3229 1
2750 1
4708 1
3565 1
2399 0
3439 1
7414 1
8063 1
9621 0
4192 0
6296 1
9819 0
6952 1
4151 0
8013 1
5579 1
2338 0
9930 0
8063 1
9321 0
7513 0
8352 1
4092 0
8211 1
6636 0
1665 0
4921 0
8063 1
1382 0
8063 1
8063 1
9102 0
4645 0
2654 0
1320 1
8063 1
8988 1
6079 0
8063 1
8063 1
5562 1
7827 1
4995 0
4786 1
8153 1
8795 1
6771 0
8063 0
2811 1
3899 0
8117 0
1840 1
8063 0
4459 0
8063 0
6507 1
1545 0
8063 0
6022 0
9484 0
5026 1
7396 0
9033 1
8498 1
2957 1
7555 0
8063 0
1213 1
8309 1
8402 1
1306 0
3461 1
1086 0
2199 1
1436 0
8063 1
2072 1
6082 1
2639 0
8063 0
3242 1
9900 1
9714 0
8063 0
7785 1
9344 1
3861 0
2285 1
8063 1
1859 1
3052 1
2646 1
8899 0
8613 1
5765 0
8063 0
1645 1
8063 0
6559 1
1887 0
8063 1
9211 1
9366 1
8063 0
8063 0
5013 1
9778 1
7598 1
1557 1
3838 0
8063 0
8063 0
7803 0
8063 0
2470 1
6170 0
5957 1
5554 0
8063 0
5998 1
8063 1
8063 0
8063 0
6424 1
8063 1
5904 1
4726 0
7249 0
3206 0
5112 0
8063 1
8063 0
8063 0
1013 1
3305 0
3300 0
8063 1
8069 1
8063 0
8809 0
8367 0
8063 0
1072 1
1278 1
1388 0
2921 0
8063 1
8063 0
5204 0
6065 1
9488 0
4545 0
4113 0
8063 0
5835 0
8063 1
8063 1
4126 1
4005 1
8063 0
5505 1
4758 0
2820 0
5602 0
1864 0
4875 0
1548 1
4599 0
8063 0
3881 1
2654 1
8063 1
9786 0
2606 0
4561 0
8063 1
3034 1
3876 1
3274 0
3151 0
8063 0
1015 0
8063 1
6426 1
6221 0
8063 0
2782 1
9332 1
5091 1
8063 0
3188 0
7674 1
7862 0
3674 0
9101 1
5322 1
4065 0
4816 1
8063 1
9155 0
4735 1
9802 0
9065 1
8063 1
8063 0
9412 1
8405 0
8063 1
8453 0
9276 0
8063 0
3078 1
3683 1
9079 1
8063 0
8603 1
8621 1
8790 0
7602 1
3407 0
2683 0
3266 0
9191 1
2000 0
3719 0
8063 0
9823 0
1782 1
8063 1
8063 1
7262 0
8063 1
6573 0
8063 1
3331 0
4332 0
7051 0
8063 0
1039 0
8174 1
8321 1
9187 1
8063 0
8063 0
7116 0
8063 1
5758 0
9394 0
8788 0
2543 1
7281 1
8063 0
8759 1
5036 1
9544 1
4012 1
5599 1
9795 0
3227 1
5875 0
5915 1
8063 0
3952 1
8063 1
3304 1
9200 0
9564 0
5163 1
4959 1
4538 1
8063 0
7474 1
1282 1
8063 0
8063 1
8063 1
4639 0
6469 0
2613 1
2492 1
1916 0
8041 0
3990 1
2353 1
8063 0
1712 1
3682 0
2026 0
6465 1
8063 0
5016 0
8063 0
8063 1
3883 1
8063 0
3021 1
8599 1
8063 0
8302 1
8063 0
3131 1
8303 0
9671 0
5604 0
5929 1
6597 1
5971 1
1922 0
2241 0
2724 0
7369 1
7036 0
4153 0
4055 0
7668 1
8982 1
3667 0
8612 0
9177 1
5396 1
7296 1
2341 1
8063 0
6570 1
8144 0
3000 1
9805 0
9933 1
1983 1
4275 1
5642 0
4379 0
6504 0
2783 1
8468 1
8063 0
9593 1
9221 0
9655 0
8702 1
3600 0
8063 0
8063 0
4406 0
8063 1
9133 0
8063 1
6290 0
8063 1
4205 0
1212 0
6267 1
8867 1
8063 1
2856 1
8720 1
7368 1
1836 0
8063 0
4960 1
5517 1
8063 0
7765 1
6985 0
5833 1
5041 0
3761 1
7481 0
8063 1
5564 1
9524 1
5041 0
7123 0
8063 0
3453 0
8063 0
4658 1
1301 0
3952 0
8540 1
8063 0
5357 0
8063 1
9586 0
7558 0
1017 1
9881 1
1891 0
2193 0
5145 0
1037 0
4141 1
8063 1
2972 0
2202 1
6900 1
5051 1
8063 0
8063 0
8063 1
8328 1
8919 1
6157 0
8063 0
3529 1
5375 0
8367 0
9032 1
8063 1
8063 0
5652 0
3033 0
8063 1
5603 0
8063 0
5766 1
6449 0
3916 1
2076 0
9948 0
8063 0
8028 0
4773 1
9177 0
2133 0
5079 0
7812 1
7008 1
6517 1
9591 0
8633 1
1483 1
4857 0
8063 1
3240 1
8063 0
8063 1
9757 1
2603 1
7366 0
1557 1
7344 0
7247 1
8063 0
8063 0
7880 1
5313 0
8063 1
8534 0
9251 0
8063 1
8063 1
9013 0
3709 1
8063 0
8063 0
8705 0
8063 1
6302 0
9822 0
5708 0
8063 1
8063 0
8063 0
3483 1
8804 0
9676 0
5424 0
8063 0
8063 1
5890 0
5712 0
1420 0
2731 1
3148 1
8063 1
1718 0
7533 0
6961 1
5093 1
6163 1
5483 1
5431 1
4437 0
7296 1
6112 1
6249 0
7768 1
1626 0
5401 0
8764 1
8063 1
8377 1
6048 0
3598 0
9503 0
5337 1
8063 1
3192 0
1171 1
5572 1
8063 0
8063 0
8418 1
9691 0
2753 0
8464 0
1287 1
8063 1
1537 0
8063 0
2385 0
8954 1
7882 1
8063 0
3193 1
9716 1
6487 1
2828 1
8063 1
8063 0
8576 1
1355 0
7706 1
8063 1
2768 0
3953 1
7088 0
3123 1
8063 1
8063 1
7521 1
5455 0
8214 1
2588 0
8063 0
1426 0
1532 1
1333 1
2584 1
4804 0
1929 1
5022 1
4044 0
6070 0
9506 0
6039 0
8823 0
8063 0
8063 1
5996 0
9800 0
1729 0
3103 1
8063 0
9962 0
9955 0
9021 1
3632 0
5740 0
9785 1
8892 1
3678 1
8063 0
8063 0
8063 1
8063 0
8290 0
3718 0
8063 1
8076 0
1168 0
9953 0
6197 1
6228 0
5820 0
7472 1
4818 0
8063 0
8374 1
8911 0
8739 1
3612 0
3910 0
8063 1
5132 1
7304 1
2129 1
5947 1
9898 0
8831 1
9143 0
8063 1
7984 1
8246 1
2055 0
3642 0
1604 1
4093 1
1224 0
3717 0
8063 0
3391 1
2054 0
5979 0
8063 0
8063 0
1906 0
5645 0
8063 0
8303 1
8063 0
8063 1
3640 1
6032 0
8063 0
2394 0
2479 0
8063 1
2990 1
7635 0
8148 1
6827 1
8063 0
8063 0
8063 0
8596 0
3035 1
8063 1
6655 1
6626 1
7732 1
4224 0
2899 1
6631 1
3839 0
9539 1
3332 1
6805 0
4186 1
9003 0
8063 1
4883 0
5186 1
2247 1
8063 0
7860 0
7399 0
8063 1
3779 1
6178 1
2241 1
9573 0
4457 0
5995 1
8063 0
8063 1
7490 1
2467 0
5356 0
5487 1
8063 1
8063 1
7715 0
8063 1
9641 1
8063 0
8480 0
6697 1
2774 0
2603 1
8515 1
8063 0
8257 0
8063 0
8063 0
3033 1
2599 1
4913 0
6352 1
5282 0
3031 1
5136 0
2728 0
7337 0
4854 0
4907 0
4601 1
6284 0
8063 0
7448 0
9918 1
8063 1
5392 1
7120 1
8063 1
5835 1
8063 0
3110 1
8063 1
1512 1
5062 0
4495 1
8063 0
8035 0
5614 0
2505 0
7661 1
4453 1
6563 1
1294 1
1559 1
8063 0
3543 1
7977 1
3769 0
8063 1
6902 1
1915 0
5368 0
8063 1
1889 1
8523 0
7571 0
1114 0
5443 1
8063 0
7008 0
1262 1
8063 1
8063 0
9366 0
8063 1
7109 1
9950 0
8063 0
6710 0
8063 1
7916 1
4924 1
2539 1
1068 1
3966 1
2498 0
8608 1
5910 1
8764 1
8063 1
2617 0
8335 1
7500 0
3123 1
1822 0
6239 1
6339 1
8984 1
8063 0
8063 0
6904 1
5874 0
8063 1
3094 1
2231 1
8063 1
4066 0
3164 0
4043 0
3080 0
8520 1
8063 1
7535 1
3032 0
8063 0
6401 0
1058 1
1476 1
3640 0
6683 0
6116 1
1988 0
3765 0
7768 1
5980 1
8063 0
2210 0
8063 1
5237 0
7877 0
1913 1
7029 0
5369 0
8135 0
5903 1
8063 0
8063 0
7087 0
8199 1
3436 1
8063 0
3751 1
8301 0
5592 1
6689 0
6479 0
9643 0
2307 0
8063 1
8063 0
8063 1
8063 0
1426 0
6357 1
8317 0
2999 1
2167 0
6239 1
3251 1
9809 1
7738 1
8063 1
8063 0
4934 0
1292 1
5961 1
8063 0
6899 0
6822 1
8063 1
4299 1
8063 0
8870 0
4310 0
6155 0
8063 0
8063 1
8063 0
1020 0
8063 1
4999 0
9999 1
1650 0
5372 0
8063 0
8370 0
4525 1
7980 1
5544 1
8063 0
1180 1
8063 1
8090 0
8063 1
8063 0
2257 1
8451 0
1976 1
8063 1
5920 0
1464 0
9732 0
3272 0
5905 1
2374 0
7940 1
5331 0
1149 1
7501 0
1690 0
5149 1
8063 0
3764 0
1492 1
3663 0
1630 0
3229 1
6170 0
3525 0
4117 0
6982 0
1311 0
8063 0
8063 0
3200 1
3216 1
3846 0
3427 1
8063 1
2311 1
3254 0
8063 0
1808 0
3400 0
5108 0
8063 0
3373 0
5339 0
8063 0
4536 1
8239 0
9065 0
6025 1
6833 1
9233 1
1693 1
5354 0
8582 0
3009 1
8863 1
8018 0
8063 1
8063 1
8063 1
1077 1
8872 0
8063 1
5265 0
8063 1
8063 0
9509 1
3321 0
2915 1
8063 0
6932 1
5569 1
1040 0
8063 1
2437 1
5900 1
8063 0
3647 0
5522 1
6351 0
8063 1
4806 1
6312 1
7896 1
8063 0
9850 1
8129 1
8063 1
8098 1
8063 1
5383 0
1697 1
3968 1
2287 0
6338 0
8063 0
5094 1
4956 0
7416 0
5514 1
3297 0
3676 0
2283 0
4696 0
9774 0
3748 0
8778 1
8063 0
1819 1
8999 0
6796 1
6084 1
3214 0
1563 0
7789 1
8769 0
7830 1
8063 1
1062 0
4633 1
8063 1
8940 0
5024 1
8063 0
2951 1
8063 0
2213 1
8063 1
3246 0
1583 0
8063 1
4674 0
6461 0
3562 1
5981 1
8015 0
2687 0
3900 0
2303 1
8063 0
6871 0
3902 0
8063 0
9169 0
2731 1
8063 1
5542 0
2226 0
7204 0
8063 0
8063 1
8748 1
3506 1
6448 1
3310 0
8063 1
8063 1
3377 0
2809 0
8063 1
3776 0
4022 0
9556 0
9313 0
2972 1
8063 1
9957 1
8269 1
1646 1
9807 1
3737 1
5391 1
9721 1
1151 1
1439 1
9824 1
6223 0
7357 1
8295 1
8063 0
3949 0
8063 1
9871 0
6944 1
8063 1
8099 0
4945 1
3091 0
3909 0
6827 1
5239 1
5541 1
8342 1
5024 0
3238 0
8063 1
4910 1
5973 0
8063 0
5005 0
8185 1
9776 0
5317 0
1011 1
5036 1
4626 1
8335 1
4738 0
8546 0
6373 0
2155 1
4180 1
1487 1
7556 0
7962 0
8063 1
8063 0
8063 1
8685 1
6632 0
6839 1
3950 0
8063 0
8063 0
4015 1
7923 1
3237 0
1886 0
7598 0
6283 1
2916 1
6107 0
9058 0
7962 0
4533 1
5083 0
7292 1
6817 1
2629 1
8063 1
9331 1
1203 0
2915 0
8063 0
7631 0
8063 0
8063 0
4398 0
8514 1
4515 1
4467 1
9702 1
8063 1
8063 0
2119 1
8063 1
5763 0
4279 0
4231 0
1474 0
1887 0
3929 1
8063 1
9729 1
6285 0
7404 1
6204 1
8063 0
9436 0
8063 1
5077 1
9394 1
1453 0
8533 1
8262 1
4547 1
8303 0
8063 1
9584 1
6372 1
6391 0
6885 1
5618 0
7280 0
8063 0
6494 1
7393 0
8063 0
5844 0
2781 1
8153 1
4545 1
7782 0
3400 0
9680 0
1350 1
8063 1
4177 1
6225 1
8063 1
2301 1
6806 0
8063 1
7401 1
7112 1
3874 0
4164 0
7300 0
7829 1
8063 0
2152 0
9805 1
8063 0
5800 1
3201 1
6665 0
9539 0
1055 1
7355 1
2536 0
2943 1
8835 1
8063 0
6860 1
1176 1
8063 1
8063 1
7650 1
8063 1
8063 1
6488 0
8063 0
8063 0
1124 1
7665 0
5127 0
7390 0
6558 1
2391 1
8063 0
5001 1
8063 1
7032 1
8972 0
6448 1
1466 1
5593 0
9335 0
8063 1
9978 1
9679 1
8063 0
1088 0
7120 1
3444 1
8893 1
6711 0
2304 0
7992 1
1237 1
2226 0
6332 0
1038 0
9834 0
7447 0
8063 1
6553 0
8063 1
3621 0
1613 1
8063 0
7251 1
1274 1
2681 1
6772 1
5210 0
4906 1
8063 1
8063 0
9270 1
6165 0
8063 1
6074 0
3692 0
6314 1
2380 1
8063 0
6868 0
8063 0
8063 0
1453 1
8063 0
8063 1
3244 0
5670 0
8063 0
4447 0
8063 1
8063 0
4122 0
2474 0
8063 1
3602 0
3534 0
5983 1
4857 1
3759 1
5612 0
9449 0
9393 1
3303 1
4085 1
6904 1
8165 1
3827 0
8084 1
8063 0
7174 1
7246 1
2512 0
4704 0
4337 0
8063 1
6520 0
8063 1
8063 1
8063 0
9301 0
4665 1
2022 0
8753 1
8063 0
3292 0
6629 0
6244 1
2091 1
8351 0
6711 1
8063 1
8063 1
8063 1
1541 0
5444 0
3574 0
9883 0
1512 0
8063 1
2063 0
8063 1
7712 0
2445 0
8063 0
1235 1
8063 0
8864 1
7493 0
9103 1
4309 1
9607 0
4255 0
1967 0
3413 1
5331 0
8063 0
5217 1
5824 0
8063 1
7503 0
8164 0
8063 1
8063 1
1282 1
3559 0
9942 1
3104 1
8063 1
8063 1
4545 0
7534 1
7184 0
6584 0
9445 1
8063 1
8063 0
1934 0
8063 1
8063 1
3109 0
6386 0
3186 0
8063 0
6201 0
9137 1
8582 0
5662 1
5300 1
8063 1
1048 0
8063 1
3825 0
8063 0
9032 0
8063 1
3615 1
7770 1
2148 0
9579 0
8063 1
8063 1
8063 1
3616 0
6441 0
1749 1
5074 1
4599 0
3262 0
8063 0
6035 1
3599 1
6688 0
7177 1
7175 0
3070 1
3399 0
8063 0
8063 0
1878 0
3142 0
5529 0
8129 1
8063 1
2492 0
1583 1
9820 1
9807 0
4867 1
3527 0
8063 0
1947 0
6476 0
1957 0
3126 0
7824 1
7050 1
1993 1
3040 1
6767 1
4423 0
4082 1
8063 0
6718 1
4418 1
8100 0
4524 1
8063 1
9625 0
2665 1
8432 1
9207 1
3290 0
9850 1
1806 0
8525 0
8063 1
1720 1
9797 0
2620 1
7257 1
3636 0
4857 0
6571 1
5255 0
1865 1
8063 1
3892 1
6965 1
5623 1
2036 0
5947 1
2625 0
8063 0
5904 1
1159 1
8063 0
8063 1
6180 1
8287 0
1192 1
8063 1
4690 0
8729 1
6986 1
8063 1
9469 0
3774 1
2271 0
4803 1
9442 1
9635 0
8056 1
7260 0
1939 1
4951 1
8063 0
6819 1
1270 0
8063 0
1251 1
9694 0
6681 0
4737 1
8350 0
6641 1
1592 0
4459 1
6400 1
3144 1
8597 1
8063 0
3466 1
8063 0
8063 1
8063 0
6982 1
4001 1
8249 1
8063 1
4140 0
6284 1
8063 1
8063 0
1999 1
4903 1
8897 1
8592 1
4929 0
1859 0
8599 1
2740 1
8063 0
1484 0
4421 0
7176 1
6127 1
8363 0
7580 1
7151 0
8063 1
8959 0
8051 1
3428 1
9038 0
6026 1
2625 1
6656 0
8601 1
7336 0
9572 0
8063 0
8063 0
1775 1
4203 1
9593 1
5619 0
4597 1
8063 1
9134 0
1208 0
8434 1
7982 1
4223 0
2550 0
4015 0
3389 1
9145 0
9311 0
8063 0
6655 1
6549 1
3368 1
5399 1
8948 0
6584 1
8063 0
8063 1
2430 1
5273 0
5721 0
2376 0
8063 0
1533 0
8063 0
7571 1
9503 0
2765 0
8063 1
3825 1
3559 0
7078 1
1867 0
3487 0
8063 0
5280 0
8063 1
2122 1
3404 0
8063 0
7758 0
8063 1
2972 0
6753 1
2911 1
3347 1
1430 0
4206 1
2681 0
2437 0
4430 1
6600 1
2329 1
8063 1
8651 1
7348 1
8562 0
8063 0
8063 0
8914 1
4255 1
2804 1
8063 1
8469 1
8063 1
6317 0
8063 1
8063 1
1482 1
8063 0
7545 1
8063 1
8063 0
5013 1
2912 1
6411 0
8592 1
4909 1
8094 0
8063 0
7599 1
2494 0
9847 1
8709 1
8063 0
2524 1
5288 0
8063 0
4287 1
1826 0
5939 0
3538 1
2385 1
8063 0
8063 1
5063 1
8063 0
9127 0
4869 0
3353 1
3388 0
7151 1
6124 1
5879 0
5983 0
1686 0
6001 0
9193 1
5024 1
8063 0
5721 1
8941 0
8100 1
7150 0
8063 0
7960 1
8063 0
5054 0
9845 1
1419 1
1099 1
3172 0
2114 0
8063 0
8063 0
8063 0
5005 1
2664 1
9339 0
4690 1
5844 0
5024 1
4581 0
4257 0
8063 1
5196 1
7030 0
8063 0
8063 0
5401 1
1674 1
8196 1
9936 1
1685 1
7032 0
8064 1
3260 1
9291 1
3205 1
5818 1
6890 1
6265 0
8063 0
8063 1
3877 0
9909 0
5326 0
7586 1
4229 0
8063 0
3790 1
9476 1
5658 0
3534 0
7128 0
8372 0
8063 1
9586 1
4525 0
7754 0
1541 1
6498 0
8345 0
3809 0
5283 0
1743 1
6454 1
9900 0
6537 1
8063 1
8076 0
8063 0
7310 0
8063 1
8063 1
8063 0
1100 0
8195 1
2001 0
1901 0
8063 0
7344 0
5421 0
8839 1
8063 1
4283 1
6452 1
8063 0
5271 1
9217 1
4107 0
9079 1
8063 1
2085 0
8699 1
7327 0
7962 1
4414 0
7318 1
5770 1
8063 1
2975 1
2054 0
7478 1
5674 0
9062 0
7718 1
9816 1
1734 0
8063 0
4458 1
6033 1
1611 0
8063 1
8063 0
8163 0
7125 0
9766 1
1369 1
8063 1
9719 0
7048 0
8542 0
8063 0
4531 0
8063 1
1587 0
9095 1
9061 1
5098 0
7139 0
4210 0
1258 0
6153 0
2869 1
8063 1
8063 1
4739 1
1186 0
9247 1
8063 0
8063 1
4294 0
1724 0
4096 1
1093 0
2324 1
8063 0
1307 0
8063 1
8388 1
7770 0
8063 0
8241 0
6640 0
5297 0
9108 1
3139 0
8063 0
1366 1
6914 0
5303 0
3073 0
4487 1
8063 1
7440 1
2737 1
8197 1
7689 1
1673 1
8063 0
8063 1
5513 0
7668 1
1227 0
8063 1
9281 1
8063 0
8063 1
5754 0
3443 1
1468 1
2784 1
8063 1
8214 0
2877 1
7379 0
8063 0
6947 0
4503 0
6609 0
9052 0
6872 1
8063 1
5240 0
8063 1
5726 0
8063 1
8063 0
7492 0
5245 1
2237 0
3301 1
7329 0
8063 0
9709 0
6967 0
6024 0
8457 1
5993 0
6915 0
3443 0
8063 1
3490 0
9819 0
4158 0
1142 1
2979 0
6893 0
8063 1
8063 0
2351 1
3950 0
6787 1
6629 0
6448 0
9606 1
9749 0
8063 0
8063 0
1155 0
8063 1
1756 0
8063 0
3040 0
8063 0
6573 0
8063 1
8063 0
8063 1
8063 1
4920 1
8008 0
3785 1
8063 1
7683 1
1840 0
8136 0
4709 0
1434 0
4118 0
6551 1
5416 1
9255 0
6758 1
5017 0
7538 0
8999 0
8063 1
8754 1
4300 0
9072 1
5698 1
4493 1
9318 0
8971 0
8063 1
8063 0
5870 1
6010 0
8063 0
1791 1
3773 1
2307 1
5257 1
2166 1
4833 0
2517 1
4091 0
2016 1
3022 1
8063 1
5733 1
8063 0
1987 0
3596 1
4762 0
8595 0
8063 0
7567 1
7052 1
8063 1
1847 1
8063 1
8063 0
5227 1
8063 1
2016 0
3130 0
8063 1
3504 1
1071 0
8063 1
8316 1
8063 1
3233 0
9899 0
6854 0
6972 1
3454 1
3006 1
2862 0
9286 1
3761 0
9840 1
6135 0
1082 1
9256 1
9475 1
5998 1
2435 1
1774 0
6392 0
9890 1
6408 0
8063 1
8010 0
5279 0
8402 0
5850 1
8063 1
3799 1
4573 1
9965 1
7207 0
9967 0
8408 1
8063 0
8063 0
8063 1
7640 1
8063 1
2156 1
8063 1
6253 0
6218 1
9777 1
8063 0
8063 0
8063 1
2359 0
3663 1
1304 1
2657 0
3074 1
5660 0
4113 1
3172 0
9397 1
2779 1
8330 0
9681 0
5235 0
8841 1
4603 0
6588 0
1929 0
3575 0
3292 1
8063 0
8963 1
2898 0
5848 0
8063 0
4309 1
8063 0
7919 0
9120 1
4167 0
8188 0
8063 0
9817 1
4016 1
4249 1
8717 1
8063 0
1104 0
8063 1
3030 1
7604 0
3167 0
8063 1
6546 0
9230 0
9383 0
9761 1
8063 1
7461 1
8063 0
8063 1
8063 0
2369 0
4536 1
8003 1
8063 1
5450 1
4834 1
1947 1
2173 1
8063 0
6734 1
7850 1
9219 1
1107 0
5462 0
4101 1
8063 1
8063 0
8294 1
3185 0
4537 1
7623 0
8063 1
3925 1
8063 0
8063 1
3967 1
4420 0
3461 1
2696 1
6687 0
2434 1
3872 0
1376 0
1654 1
6690 1
8063 0
6489 1
2274 0
8063 1
3104 0
6144 1
7578 0
8063 0
5774 0
5259 0
5765 1
1737 1
8063 1
8007 1
8063 1
8063 1
8063 0
8063 0
9391 0
8671 0
4446 0
6057 1
8063 0
9001 0
6413 1
4420 0
9188 0
4412 0
4780 0
2726 0
4826 1
5104 1
8063 1
5855 1
8063 1
2010 0
2782 0
8063 0
3358 0
8063 1
8860 0
8063 0
9418 1
4523 0
5090 1
1348 0
3978 0
1300 0
4676 1
4387 1
4212 0
8063 0
5750 0
1694 0
8063 0
8010 0
8358 0
8689 0
8989 0
1017 1
1756 1
4968 1
7511 1
7561 0
4093 0
4845 1
8063 0
9808 1
3588 0
1478 1
8154 0
9997 1
7226 0
4433 0
3686 1
5858 1
8063 1
9699 1
1036 1
1842 1
9875 0
8063 0
7117 1
1695 0
2480 0
8063 0
9660 1
8392 0
5443 1
2831 1
3674 0
9901 0
9819 1
8063 1
5523 1
7004 1
2170 0
5899 1
3022 0
4783 0
3118 1
6950 1
4572 0
8063 0
8737 1
8063 0
9888 1
8063 1
5618 0
6853 0
3531 0
4688 0
3224 1
8013 1
3621 1
2359 0
8063 1
9696 1
5459 1
8770 0
5102 0
2570 1
2157 0
5046 0
2507 1
2003 0
8063 1
8063 1
8669 0
4128 1
8063 0
8063 1
7264 1
1815 1
8063 0
8478 0
9986 1
8341 0
3192 0
3191 1
8521 0
8449 0
6180 1
4245 1
3684 1
6722 0
8063 0
4199 0
4451 1
3676 1
1569 1
2591 1
8063 0
5728 1
8973 0
9010 0
3084 0
1808 0
4119 1
3960 0
4455 1
7692 0
5664 1
9949 1
8063 1
3866 0
9238 0
1774 1
8063 0
4459 1
7419 0
8063 0
4559 0
9329 0
6964 0
7440 1
7658 1
6897 1
5023 0
8780 1
8063 1
9323 1
7549 0
9820 0
7754 0
2990 0
8687 1
6398 1
7942 1
9248 0
3096 1
7418 0
3120 0
6085 0
8379 0
4990 1
8040 0
6101 1
1059 1
6393 1
1506 1
9333 1
8063 0
5266 1
9968 0
3424 1
8063 1
6964 0
3066 1
9477 0
8063 0
4538 1
2942 0
2326 0
8063 0
9506 0
4440 0
3364 0
8063 1
8155 1
1009 0
2505 1
8063 0
8063 1
4646 0
8063 1
8063 0
2770 0
3563 0
3279 0
8960 0
2411 1
4340 0
8063 1
5648 1
8063 0
2012 0
4276 0
3399 0
5962 0
8063 1
9001 0
9738 1
1485 1
1089 0
3089 1
9427 1
7133 1
8063 1
8063 1
4779 1
4903 0
1257 0
8063 1
3321 0
3848 1
8063 1
1875 0
1876 1
4328 1
7984 0
2764 1
6667 0
8063 0
8063 0
8063 0
8456 0
3730 0
7444 1
1586 0
8063 0
5086 0
5502 0
9836 0
8384 1
7348 1
6399 1
5897 1
9991 0
5960 1
9158 1
8063 0
8262 1
8063 0
6536 1
4920 0
2268 1
8063 1
8063 1
8063 1
8063 1
5666 0
3781 0
6461 1
4723 0
2386 1
6295 1
1119 1
8063 0
5535 1
2804 0
9063 0
8635 0
1014 0
2781 0
3095 1
8063 0
6767 1
8063 0
3972 0
8063 0
3745 0
9494 1
8063 0
4524 1
1987 1
6837 1
4126 1
2039 0
1848 0
2172 1
4384 0
8063 0
6299 0
7209 1
9668 0
1137 0
7045 1
7072 0
1219 1
7603 1
1704 0
3725 1
6155 0
9190 1
4101 1
2647 0
1734 1
6595 0
9848 1
8063 1
8063 1
2133 0
4858 1
7365 1
3907 0
7008 1
6007 1
8063 1
8955 1
5024 1
3716 1
6608 0
7758 1
7675 0
7954 0
6860 0
6709 1
2342 1
8063 1
8063 1
2116 0
8063 1
2923 1
8970 1
7228 0
2851 0
1381 0
5920 1
3819 1
8063 1
6060 0
4529 0
8063 0
8063 1
5183 1
9302 1
8063 1
8063 0
8063 0
8063 0
4421 0
6920 0
8063 1
6640 1
7647 1
8063 1
8063 1
3841 1
8063 1
2259 1
3908 1
1458 0
6190 1
9891 0
8063 0
3185 0
5130 0
8063 0
8031 1
5931 0
7191 0
8063 1
1449 1
2675 1
4525 0
1953 0
4138 0
8268 0
1806 1
7186 1
5420 0
1078 0
8063 0
5033 1
8063 0
2322 1
3275 1
3766 0
2034 0
2841 0
8063 1
6386 1
6059 0
5831 0
8063 0
9028 0
8063 0
7589 0
7504 0
9098 0
3860 1
1468 0
4206 0
9265 0
2448 0
8664 1
7716 1
8063 0
8970 1
9066 0
7549 1
7872 1
4575 0
8063 1
9605 1
8063 1
5682 1
9620 1
8063 0
2567 1
8922 1
5376 0
4690 1
4472 0
4812 1
8063 1
8063 0
9877 0
4035 0
9455 1
8374 0
7297 1
2673 0
6364 1
7188 1
2001 0
5418 0
8063 1
1714 0
3837 1
7220 0
8063 0
2161 1
8063 1
6846 1
8063 0
8663 0
8063 1
3863 1
1104 0
8884 1
7694 1
3970 1
5967 1
9495 0
3693 1
1986 0
6326 1
5761 0
3409 0
8123 0
6674 0
2445 0
6458 1
4680 1
1630 0
6601 0
7587 0
4658 0
8063 1
4918 1
8063 1
9686 1
8483 0
8063 1
5054 1
5656 0
5345 1
1564 0
8063 1
5460 1
8063 1
9163 1
2144 1
8063 1
1476 1
6746 1
8063 0
9104 1
8661 1
3157 1
1312 1
5756 0
4919 1
3415 0
2127 0
4178 1
1284 1
9397 0
1208 1
2583 1
4717 1
8063 0
8748 0
8063 1
8063 1
5267 0
4683 1
8063 0
2726 0
3316 0
6271 0
5032 0
1457 0
8990 1
2442 0
7310 0
1656 1
8181 0
9694 0
1605 0
2723 1
2777 0
3899 1
8063 0
8063 1
2322 1
8632 1
9289 1
8063 0
3750 1
8131 0
2494 1
8063 0
7628 1
8518 1
8398 0
9720 0
5705 1
4994 0
6168 1
9685 0
2159 1
5357 0
7683 0
1261 0
8063 0
3115 0
1765 1
8063 0
2726 1
7894 0
4932 1
3443 0
7800 0
8063 0
1045 1
3886 1
8063 1
9147 0
6879 0
8063 1
5313 1
8063 0
4839 1
3759 0
6738 1
8755 0
4624 0
5448 1
1947 1
8063 0
8063 1
3685 0
9113 0
1304 0
4064 0
7154 1
8063 1
8063 1
3258 0
4358 0
5927 0
8063 1
6539 1
3174 0
8063 1
2078 0
5971 1
8326 0
9190 1
8801 1
3159 1
5438 0
4730 1
4059 1
8853 0
4952 0
8063 1
7700 0
8063 0
6178 1
4979 1
4490 0
8929 0
1011 0
8063 0
4333 1
2531 0
8063 1
5713 1
8063 1
9546 0
4076 1
8063 0
5134 0
3947 0
4117 0
8063 0
8691 0
8063 1
8063 1
8865 1
1567 0
5799 1
2362 1
8768 0
8063 1
5152 1
4044 1
8063 1
2968 1
8063 0
5499 0
8063 0
4218 0
8063 0
6418 1
8063 1
3232 0
8063 1
8063 0
8013 1
1274 1
8063 1
8063 1
9482 1
8739 0
3795 0
6565 1
8104 1
4747 1
8063 1
6718 0
7121 1
8063 1
2780 1
8063 0
8063 1
9748 0
8063 0
4066 0
8063 0
8152 1
8063 0
8063 0
7721 1
7904 0
7246 0
8063 0
8064 0
8063 1
8441 1
8063 1
6628 1
4780 1
8221 1
5731 0
3011 0
4192 0
4452 1
8063 0
6349 1
4790 1
1001 0
8063 0
8024 1
8063 1
6989 1
8646 0
4495 0
8063 1
8063 1
6852 0
3534 0
8063 1
9865 1
4600 0
5337 0
4594 0
8063 0
2768 0
3652 0
5340 0
8063 1
4843 1
8063 1
2318 1
4795 1
2649 0
8063 1
7316 1
2251 0
9681 0
3428 1
8548 0
8063 1
2332 1
1002 0
8063 0
3530 1
1911 0
8063 1
8345 0
8063 0
3622 0
4265 1
8063 1
7231 0
8063 0
8746 0
7248 1
8063 0
2979 0
1207 0
7037 0
3549 1
2488 0
6328 0
9912 0
5298 0
3469 0
6300 0
8359 0
8863 1
8063 0
8063 1
7581 0
6422 0
8063 0
9618 0
4501 1
7130 0
4359 0
1637 0
6511 1
8063 1
7817 0
5398 0
1820 1
9923 1
2585 0
3250 1
6384 0
8063 1
9909 1
3772 0
8063 0
3961 0
5711 1
3884 0
8063 1
8086 0
8063 1
1787 0
6652 1
6870 0
9229 1
5373 1
8063 0
6070 0
8063 1
9322 1
3740 0
9264 1
8063 1
2616 1
2518 1
8738 1
9987 0
6988 1
9410 1
2029 1
1156 0
7370 1
1454 0
8968 0
8537 0
6422 0
1693 0
9236 0
2951 0
8315 1
1353 1
3483 0
2229 0
8063 0
5014 1
5019 0
7465 1
3547 1
2969 0
8153 0
8014 1
2736 0
6476 1
8022 1
5888 0
8063 1
9466 0
8063 0
1232 1
9553 0
8063 1
9342 1
8063 0
2698 0
3651 0
7485 1
6333 0
6552 0
4236 0
1820 0
8063 0
8063 0
2874 0
3278 1
8063 1
1009 0
3021 1
7272 0
3815 0
4530 1
8063 0
9290 0
2734 0
1960 1
1591 0
2920 1
4252 0
3070 1
8063 0
8063 1
2978 1
2858 1
2148 1
1234 1
2194 0
9137 0
