948 7437
4731 1
7437 0
1110 0
3330 0
6320 0
8229 0
7779 1
8730 0
9851 1
7437 0
4543 1
7437 0
1892 0
2002 0
4333 0
7437 1
7127 0
6376 1
4683 1
5229 0
2177 0
3072 0
7698 1
5010 0
1496 1
5609 1
7437 0
7310 1
9324 0
7419 1
9070 1
7437 0
7437 0
3219 0
6603 0
1989 1
7060 0
7437 0
7437 0
8553 1
6202 0
6281 1
7437 1
7437 0
6436 1
4755 0
7083 0
7260 1
9398 1
5814 0
4368 1
7437 0
3274 1
5590 0
1080 0
4445 1
7437 0
2684 0
8944 0
5695 1
7437 1
7289 1
1021 1
9647 1
5237 1
7437 0
8594 1
7437 0
2951 0
7437 1
5234 0
1701 0
2325 0
5914 1
7437 0
5523 0
2749 0
7437 0
3492 1
5715 0
4583 0
6169 0
7437 1
5008 0
7321 0
7437 1
4789 1
4200 0
7928 0
7772 1
3488 0
7071 0
7437 1
3617 0
4977 0
7437 0
6981 1
7437 0
7437 1
9618 0
1269 1
4012 0
8152 0
8946 0
7437 1
8992 0
1004 1
7437 0
7437 0
3206 0
1881 1
7484 0
1859 0
5075 1
8010 1
7890 0
6882 1
6886 0
3068 0
5662 0
3128 1
3839 1
6090 1
5527 0
3732 0
6750 0
8197 0
3050 0
7437 0
7437 0
6866 0
8994 0
9186 1
7437 0
7050 0
6749 0
7437 1
8300 0
4198 0
3334 0
4538 0
7757 1
6751 1
7437 1
7616 0
4666 0
1415 0
7437 1
8828 1
7437 1
6730 1
6337 0
8418 1
7892 0
3996 0
1613 0
2631 0
9399 0
6722 1
9035 0
4493 0
7072 1
2949 1
7437 1
6420 0
7437 0
8437 0
1068 0
7437 1
7934 1
5832 1
7437 0
9369 1
1534 0
1118 0
4945 0
7437 1
5692 0
3366 1
8582 0
6516 0
8700 1
8162 1
3967 0
1367 1
4427 0
3908 0
9267 0
2120 0
7437 0
7437 0
8072 0
4125 1
2287 1
7437 1
7037 0
1789 0
9486 0
9952 1
7977 1
6277 0
5376 1
1462 0
7437 0
1595 1
3202 0
2529 0
7437 1
7230 1
7182 0
2512 1
5141 1
9517 1
7332 1
8798 1
7437 1
7437 1
6951 0
4695 1
7437 1
7437 0
7437 0
7437 0
3679 1
7093 1
6690 1
5595 1
2448 0
7855 1
3143 0
9066 1
1638 1
4844 1
4085 1
1330 0
7437 0
7403 0
7437 0
7184 0
2391 1
7437 0
8890 0
3041 0
7437 1
4941 0
7437 0
6202 1
4951 0
7437 1
2404 1
7752 1
3877 1
2925 1
6943 0
7437 1
2362 1
7437 0
6885 1
7437 1
7437 0
6831 1
7437 0
7437 0
8078 0
8167 1
1857 0
7785 0
6499 1
3734 0
3523 1
7263 1
4094 0
1682 0
5570 1
7437 0
7437 1
7437 1
2482 0
3739 0
7893 0
8932 1
7437 0
6117 1
7437 0
3394 0
7964 1
1385 0
7213 1
8695 0
8786 0
6679 0
2963 1
8601 1
7437 1
7404 0
8250 1
4478 0
9606 0
7437 1
5583 1
7437 1
3886 1
5520 0
7437 1
9807 1
2386 1
9008 1
4594 1
4269 1
7437 1
5381 0
7437 0
9014 0
1353 0
7646 1
4805 0
7437 0
7173 0
9635 0
2769 1
7437 1
7437 1
2664 1
7437 1
8664 0
6593 1
9432 0
7437 1
7437 0
7437 1
7437 1
7437 0
9629 1
8334 1
6124 1
7437 1
7740 1
9581 0
9068 1
3360 0
9197 0
1233 0
4768 0
7437 1
2822 1
7946 0
4031 1
7781 0
5475 0
2602 0
1828 0
7437 1
9173 1
3941 1
8011 1
7437 0
7437 1
8169 0
3199 1
7437 1
3577 0
6167 1
4884 1
6951 0
6526 0
9588 1
5473 1
3008 1
3574 1
1922 0
7437 1
8464 0
7437 1
7437 0
1081 0
6403 0
7437 0
2313 0
3620 0
9714 0
4553 0
7437 1
7437 1
9264 1
1663 0
4937 1
9260 1
2220 1
7437 0
7437 1
4426 1
7437 0
4126 1
3931 1
5214 0
7845 1
9356 1
4052 1
7437 1
5747 1
8963 1
7437 0
7437 0
9077 0
2778 0
4260 0
1045 1
7437 1
6511 0
7922 0
7906 1
7437 1
1897 1
1253 0
6682 0
8460 0
9072 0
9118 1
1437 1
7543 0
7761 1
7430 0
8711 1
7437 0
7264 0
9143 1
4731 1
7244 0
7437 1
6753 0
1648 1
5761 0
3192 0
7437 1
3965 0
1229 0
6724 1
7437 0
5751 0
2067 1
7821 0
8469 1
7437 1
4779 1
7437 0
8462 1
7437 1
2650 1
1361 0
8431 1
6341 0
7437 1
9854 1
2177 1
3589 0
5865 0
4327 1
7437 0
3186 1
3548 1
7437 1
7139 1
4187 0
7437 0
3071 1
7437 1
7437 0
1025 1
4352 0
5310 0
7437 0
3812 1
2144 0
3169 1
8479 1
7437 0
2483 0
6644 0
6669 1
1022 0
2684 0
7066 0
8130 1
2996 0
9445 0
2838 0
4655 1
3606 1
7437 1
2056 0
7296 1
7402 0
7437 0
1042 0
7437 0
2519 1
7437 1
6666 1
3787 1
6553 0
5988 0
7437 1
7559 0
7437 1
6805 0
7437 1
3690 1
2525 1
6903 1
8584 0
7437 1
9070 1
2496 1
7437 0
7437 1
1983 1
7437 1
6807 0
7437 0
6958 1
1213 0
7437 1
8257 0
7327 1
8824 0
7394 0
3089 1
1941 1
7437 0
4453 0
7763 1
7976 1
4125 0
7437 1
7123 0
3299 0
7046 0
9135 1
7429 0
2529 1
7750 0
5135 1
8341 0
5217 0
3463 1
7822 1
6836 1
4686 0
6167 1
6669 1
7975 1
7045 0
4090 1
4261 0
7632 1
7374 0
5015 0
1119 0
7822 0
7437 1
2927 0
4052 0
9312 0
1266 1
3788 1
8774 1
8934 0
5930 0
7437 0
9262 0
8397 1
7836 0
9312 1
7598 1
7437 1
7437 1
1580 1
7437 1
4075 0
4715 0
9470 0
1129 0
3715 0
4057 0
6360 0
7437 0
7437 1
5131 1
7437 1
1353 0
5108 0
5476 0
7437 0
3282 1
3128 1
8638 0
9098 0
6510 1
7993 0
6313 1
7707 0
7521 1
9454 1
2516 1
1997 1
7437 0
2644 1
7437 0
9462 0
7437 0
7437 1
2485 0
7437 1
7437 0
9943 0
1757 0
8152 1
3232 0
4876 1
3368 0
4994 0
2323 0
1160 0
2816 0
1301 0
3239 1
4561 1
7395 1
7437 0
8778 1
2794 0
6059 0
7381 0
8627 1
8366 0
2752 1
6895 0
9190 1
2069 1
7437 0
7533 1
7437 0
9027 0
3760 0
7437 1
7437 1
4678 0
6914 0
7437 0
2294 1
7437 1
5600 1
3134 1
3898 0
2802 1
7580 1
6852 0
1531 0
7437 1
1040 1
7437 1
7568 0
3168 0
7437 0
3475 0
6596 0
7437 0
5879 1
9428 1
4500 1
3759 0
1187 1
7437 1
3582 1
8314 0
1789 0
7437 0
4196 0
7437 0
6023 0
7437 0
7437 0
9467 0
7437 0
5164 1
7437 0
4070 1
5444 0
6616 0
7165 0
6241 1
2097 0
7437 1
9033 1
2574 1
4090 1
1837 0
4250 1
4804 0
6449 1
9013 1
7437 1
7401 1
5207 1
8832 1
3111 0
7504 1
7437 0
7178 1
8335 0
2136 1
1149 0
2802 0
1699 1
2910 0
8771 1
7515 1
6619 1
7437 0
7437 0
4555 0
7437 1
6513 0
8243 1
4726 0
2768 1
8642 0
4979 0
7437 1
7553 0
6421 0
7328 0
3019 1
7437 0
7437 1
6204 1
1561 1
7290 1
4393 0
9257 0
6811 0
9584 0
6913 0
6284 1
7848 1
7437 1
9901 1
5742 1
3929 0
6096 1
7437 0
3775 0
7437 1
8431 0
4809 1
2290 1
7437 1
5510 0
2532 1
5845 0
7437 0
7437 1
7437 0
9643 0
6706 0
9683 0
8944 1
7437 1
5403 0
7437 0
7437 0
4006 0
8778 0
7437 1
3060 0
8011 0
7443 1
5962 1
6975 1
7437 1
2138 1
8111 0
7437 1
7437 1
4038 1
6464 0
8533 1
7308 0
7437 1
7437 1
2204 0
9297 1
7437 1
7437 1
3308 0
9872 1
7919 1
8027 0
7437 0
1372 1
3491 1
9365 1
3398 1
7437 0
2865 1
5173 1
7437 1
7437 1
7434 0
7437 0
7195 0
6312 1
3305 0
5207 1
9054 1
7437 0
9045 1
7437 1
3885 1
3202 1
7437 1
7437 0
7400 0
2725 0
5269 1
1238 1
7437 0
1300 0
7437 1
3315 0
7437 1
7437 0
7437 0
9312 0
6712 1
5790 1
7411 1
7650 0
7437 0
2808 0
7036 1
2874 1
7437 1
5044 1
1709 0
4773 1
7437 1
4669 1
2796 1
4304 1
7437 1
7002 1
4695 1
4015 0
5411 0
6120 0
7437 0
6700 1
7721 0
9518 1
7437 0
7437 1
4084 1
7437 0
5572 0
3670 1
7437 0
7489 0
4735 1
5248 1
2737 0
7554 0
7437 1
1991 1
7836 1
7437 0
8245 0
7437 0
9505 1
3687 0
9921 0
4876 1
7437 0
7826 0
7982 1
7437 0
7473 1
2095 0
7437 1
7437 1
7339 0
7437 1
9069 0
1297 1
8647 1
7437 1
7726 1
7758 0
7437 1
3215 0
9170 0
2983 0
8483 1
4904 1
7437 0
6422 1
7437 0
2179 0
8473 0
9593 0
7437 0
7437 0
2482 1
3464 1
1032 0
9271 0
7437 0
7437 0
5626 1
5870 1
3873 1
2011 0
6203 0
7437 1
7437 1
9367 1
7845 1
4531 0
7437 0
8059 0
2429 1
4272 0
3061 1
3659 0
6291 1
9238 1
3039 1
3247 1
5063 1
6041 0
7437 0
6905 0
7971 1
7400 1
7437 0
3263 1
8854 1
7437 1
