128
33 77 256945356
122 77 641521366
47 122 239647256
8 33 114623224
4 122 485235639
98 77 804633864
54 98 889110065
111 47 640521556
82 33 293380868
81 33 387833276
13 77 565709323
43 82 566240103
78 81 602970063
101 47 108630471
20 82 105002555
65 4 636749988
113 98 366515221
116 4 233486584
118 13 773885487
32 98 169724669
62 4 485682551
64 62 192318867
127 111 406104806
45 118 555280238
102 113 989575079
83 45 751179239
30 101 719599651
6 111 347264658
107 82 598431492
88 78 970503578
25 62 817654977
93 118 65381960
2 98 885524921
71 81 790332677
46 127 646978353
1 71 918531534
21 8 934415880
29 8 507453522
40 78 943690824
96 122 40006361
52 29 5847274
91 2 488550306
104 25 108604942
85 1 48016639
44 25 291710095
50 77 410470482
38 4 625773784
60 64 293535270
115 102 774720987
76 8 170709113
5 62 43925293
95 8 554360246
123 5 200091048
11 47 318861859
125 54 124547528
67 32 77047776
37 54 150053821
109 93 855841728
3 20 401413048
23 11 965695199
66 91 922378586
97 127 802488216
48 71 852018124
112 98 59451075
72 96 179891433
34 20 48438452
114 101 319400835
49 96 202157899
92 46 664612466
90 1 663273756
39 67 879887980
36 123 919554797
119 122 305919617
19 37 288600566
108 123 679254893
79 118 400455809
100 50 630461447
24 20 149785849
75 29 298967511
103 65 109218683
42 29 439397113
7 43 702675671
41 97 760455833
10 79 278289833
14 1 425853330
105 103 214228293
128 83 681885123
74 13 335683113
26 128 909179616
126 67 695137406
18 123 878579445
58 111 190067988
55 38 298537240
73 25 991520464
9 67 549090763
99 82 76363696
110 9 258396282
106 79 747285826
120 33 683872938
86 122 443920415
124 13 967139248
16 114 415467580
15 34 791931799
17 24 636829111
89 119 375434374
56 46 289545925
53 30 427559732
31 5 763054711
28 75 819467753
22 41 323601725
84 96 855314322
69 85 357046392
70 43 179004790
51 13 132562720
117 120 129907877
57 34 972603999
35 13 234631843
61 44 746071497
80 47 139222273
63 44 727675059
59 97 714867126
87 122 768670467
121 113 496834899
27 72 868523832
94 40 286300353
68 45 684861169
12 113 592090980
128
6 33 1
99 19 4
50 82 5
36 124 3
78 48 2
26 128 3
16 29 4
18 65 2
123 84 1
28 125 2
54 47 5
60 122 5
30 101 3
31 54 4
60 49 1
2 66 2
81 101 4
85 3 2
54 120 2
127 4 4
40 24 5
3 55 2
53 20 3
119 47 2
103 19 5
43 28 4
65 103 4
22 94 5
75 52 3
20 7 2
100 22 4
72 53 5
122 29 3
56 47 1
20 54 4
50 59 4
77 53 5
114 2 4
72 104 1
48 47 5
123 90 5
75 59 2
65 96 1
25 12 5
19 44 2
18 119 1
65 90 1
44 59 2
118 99 4
105 10 2
24 27 1
68 101 5
79 53 5
102 23 3
29 21 3
69 23 4
111 15 1
82 48 2
110 106 3
59 1 5
22 77 5
120 87 4
38 35 1
17 28 2
6 122 4
37 29 4
21 105 3
2 99 5
30 103 2
121 58 5
124 62 1
81 107 2
76 35 1
26 58 2
13 84 1
59 34 4
32 50 4
121 70 3
85 9 5
98 90 5
3 7 2
119 23 5
111 120 1
122 13 1
95 115 4
71 90 4
48 23 2
68 124 2
57 94 2
53 69 1
50 112 3
103 82 1
34 95 4
23 118 4
104 120 5
80 107 4
127 70 2
1 109 2
62 122 5
121 28 4
108 63 3
118 28 1
86 58 5
23 15 3
23 76 2
84 73 2
26 93 3
26 48 2
82 1 1
40 33 2
108 39 1
103 108 2
19 37 2
102 12 2
64 82 5
75 54 2
109 32 2
111 4 3
47 6 3
79 2 3
78 10 3
60 103 1
102 86 5
23 56 4
87 63 4
89 66 4
101 63 4
22 69 5
