227 362
68 258 133 262 135 264 138 267 12 18 275 146 280 282 156 29 286 287 163 166 39 167 169 298 43 300 44 302 47 48 306 307 180 311 56 57 184 316 72 76 78 79 206 211 341 348 94 222 354 355 228 360 232 106 233 108 109 238 111 240 104 242 110 244 247 120 248 252 253
59 256 3 260 131 134 259 137 267 268 15 144 273 147 148 24 25 30 31 288 161 162 36 293 37 39 294 38 43 300 172 308 53 181 55 60 320 193 64 67 328 202 330 204 78 336 82 341 85 221 352 225 97 355 227 358 234 107 110 243
53 134 135 6 262 10 267 12 14 272 17 146 149 150 281 283 28 285 286 156 157 42 171 43 172 177 308 57 313 188 318 321 323 68 196 331 77 206 79 210 340 218 93 221 223 96 226 99 230 104 105 116 118 247
67 128 129 6 135 263 267 12 269 271 273 18 19 276 277 150 152 280 282 27 157 30 286 289 165 293 295 40 171 304 49 51 180 183 311 56 187 64 194 323 198 328 334 78 336 208 82 341 344 91 220 222 95 352 356 102 233 106 105 362 236 242 115 245 118 119 120 253
62 256 6 7 264 137 266 11 268 267 10 144 274 20 277 22 24 153 154 286 165 293 40 171 300 301 176 305 306 51 308 309 182 185 187 317 190 194 195 68 325 328 74 331 206 337 339 340 214 350 353 354 356 103 106 236 109 117 121 122 123 249 251
62 3 132 260 262 265 138 140 142 15 274 150 278 25 155 283 34 35 164 37 165 168 169 296 170 172 298 175 176 50 179 307 180 56 186 58 60 192 196 324 326 198 325 337 338 339 212 215 216 221 350 223 353 354 99 356 101 98 100 112 246 119 124
60 256 2 5 10 269 141 272 274 18 147 20 23 24 285 161 37 296 41 169 299 173 174 304 48 305 51 181 185 60 317 189 191 319 67 70 198 74 206 335 209 212 85 86 213 344 87 84 94 228 101 233 111 241 242 243 244 120 123 252 251
49 136 273 20 149 276 23 151 26 282 156 285 284 159 32 160 162 293 38 301 174 176 49 52 53 309 182 56 54 186 190 318 197 70 71 80 210 213 214 348 351 95 233 107 109 243 117 118 250 254
54 1 129 134 7 137 268 12 16 275 148 280 155 29 31 288 160 291 293 40 170 179 312 186 58 64 65 203 77 336 208 210 338 339 85 217 346 218 90 222 95 352 351 98 355 99 357 358 226 225 106 111 240 118 119
52 127 130 11 268 140 16 152 280 283 289 161 165 169 298 174 178 51 182 55 311 57 60 65 66 323 194 325 72 204 333 206 207 81 85 342 214 217 347 350 95 98 226 228 362 236 111 112 245 246 120 253 255
59 136 141 271 273 19 278 22 23 281 289 34 35 161 294 295 168 38 170 40 301 302 303 175 179 308 54 58 186 60 189 61 192 322 198 71 80 209 88 222 94 351 350 98 355 228 102 103 358 233 108 238 110 112 240 114 243 245 117 246
67 258 3 260 261 9 266 10 12 11 143 145 279 24 153 155 28 285 286 27 283 288 34 165 167 168 297 42 299 171 300 47 49 178 309 310 57 315 188 317 196 325 198 200 201 74 202 80 339 211 84 342 88 216 219 93 350 227 100 360 104 106 232 238 243 125 126 127
65 128 129 130 1 260 261 134 263 8 9 138 16 145 146 144 153 160 162 291 292 293 38 40 43 175 305 50 52 309 54 311 183 312 308 319 192 66 70 198 328 329 202 203 334 206 207 83 85 341 343 216 345 344 87 348 222 94 353 225 357 104 105 106 108 243
59 1 130 3 260 9 270 271 21 23 152 153 28 29 165 39 297 43 172 45 47 176 304 178 177 303 183 59 317 62 319 320 68 198 326 330 331 76 205 333 338 339 212 84 214 343 345 219 348 220 91 106 240 117 118 249 250 251 252 254
58 258 6 7 265 10 268 141 143 17 147 278 23 153 28 29 30 160 32 36 294 298 174 307 309 186 187 315 317 62 320 68 69 327 199 201 203 332 75 78 331 80 212 85 87 88 218 91 92 93 230 102 360 105 235 114 119 120 125
73 257 259 4 261 262 7 6 137 10 140 269 143 144 145 19 277 278 149 155 28 285 286 30 162 165 166 43 300 44 174 303 182 55 185 59 60 321 194 195 67 198 72 332 333 336 210 339 343 217 345 219 220 94 226 355 100 101 102 103 231 105 106 236 239 112 242 243 115 118 247 120 119 255
46 260 261 262 263 138 12 143 16 149 281 284 31 34 171 172 46 51 310 60 62 325 200 77 335 83 84 341 344 348 93 224 97 355 229 357 105 106 107 237 238 239 112 114 249 253 127
68 134 7 137 12 272 17 22 23 280 154 28 157 31 288 33 36 293 294 38 44 173 302 179 51 181 57 62 192 65 324 69 328 330 75 76 206 335 336 337 209 81 84 86 87 90 219 347 348 351 223 225 226 99 230 103 232 106 237 111 112 243 117 119 121 122 250 125 127
61 127 129 260 132 4 263 137 266 138 140 10 272 274 147 148 276 24 153 281 35 293 37 42 171 176 179 53 183 313 59 190 319 68 71 332 77 337 209 212 86 215 89 218 91 347 349 222 346 99 356 100 359 233 362 110 114 244 123 253 254 255
59 128 257 129 132 261 9 138 12 271 16 275 22 25 282 27 26 160 34 37 293 295 40 297 300 301 175 176 49 50 179 51 181 308 316 189 191 322 195 326 71 328 70 73 332 207 84 214 216 222 350 100 101 102 231 107 113 121 124 127
63 257 261 6 137 139 141 271 144 273 16 275 148 19 149 279 25 154 285 289 290 163 165 298 174 47 307 51 54 55 190 324 325 68 199 69 198 75 203 206 80 337 82 211 213 86 349 222 96 97 101 229 233 362 235 108 109 110 239 247 121 122 253 127
62 1 264 267 142 277 23 26 27 283 284 294 297 45 303 176 49 50 51 180 307 54 57 188 62 192 323 68 197 69 330 75 76 332 334 203 336 79 78 205 345 219 348 349 222 350 353 226 229 102 230 105 233 110 112 114 243 119 248 121 122 125 254
76 256 3 260 5 6 9 267 12 142 272 146 277 150 279 278 281 155 283 157 32 288 162 36 164 294 295 293 37 38 171 173 175 303 304 55 312 185 186 314 59 189 63 191 197 328 201 75 206 79 338 339 84 88 345 219 348 91 224 97 99 228 100 102 229 356 104 106 107 101 361 112 113 118 119 251 254
60 258 259 130 4 132 135 8 264 19 278 25 27 28 283 159 288 33 34 168 169 40 41 300 43 174 175 303 49 50 51 178 305 310 56 188 190 318 193 196 69 73 202 333 209 86 93 349 95 225 226 98 100 230 108 237 113 243 244 122 126
74 1 262 7 134 144 146 19 148 149 151 26 28 29 157 35 291 37 167 40 298 171 300 174 50 306 308 181 309 184 185 313 315 319 63 66 323 196 324 194 71 200 202 75 77 334 206 337 83 342 215 343 216 90 91 92 220 224 355 230 359 104 102 235 108 107 238 110 237 113 241 243 119 122 252
59 9 137 139 11 15 16 147 148 20 22 23 24 25 283 27 30 159 289 33 295 40 41 301 47 49 178 180 311 56 313 60 188 317 191 65 322 194 79 81 82 342 216 218 91 93 222 95 349 352 98 358 231 359 105 237 113 114 250 251
81 256 2 131 261 135 136 265 9 268 143 274 277 153 282 283 284 156 287 34 163 292 39 168 169 295 43 296 44 178 51 52 308 316 55 312 187 188 60 61 317 320 321 322 323 196 190 70 200 73 330 331 204 201 333 329 203 209 338 211 213 88 345 347 92 223 224 97 354 98 357 102 229 361 238 112 242 116 248 123 251 254
62 129 4 7 264 9 265 139 143 272 15 148 24 281 284 159 160 161 37 40 41 42 299 172 298 175 304 49 305 50 181 309 311 54 186 189 190 192 65 194 197 325 71 202 76 333 332 80 208 209 85 342 341 89 223 225 355 357 360 240 116 117 122
61 128 256 131 259 7 267 14 17 21 151 25 154 28 157 284 31 159 33 158 163 290 167 168 298 299 47 303 50 308 54 312 314 315 317 320 67 69 71 199 201 76 334 208 81 212 215 89 219 348 93 350 355 234 235 108 107 106 242 115 123 127
67 1 4 132 260 263 135 265 139 271 144 19 23 279 25 281 155 156 157 286 287 27 289 34 288 36 292 166 295 297 171 45 46 303 305 51 310 57 58 314 188 316 322 323 324 327 329 77 78 79 336 83 340 85 90 218 222 225 97 353 229 107 111 240 244 123 252 255
70 257 131 5 135 265 13 270 15 144 275 21 279 151 25 286 163 293 297 42 44 45 48 49 176 304 178 181 179 55 313 314 59 317 193 66 198 326 72 329 73 331 205 77 85 214 89 219 92 221 350 222 223 351 94 359 104 361 360 107 240 113 115 245 119 249 122 123 250 125 127
58 129 2 132 9 138 13 14 276 150 279 280 23 152 27 284 287 163 35 293 39 297 45 177 52 310 311 313 58 57 61 318 320 66 69 200 329 74 331 72 333 77 80 209 82 339 341 346 220 229 104 105 234 361 106 237 112 243 250
64 1 130 132 9 139 140 144 274 21 27 286 32 34 291 292 164 295 39 169 299 175 304 308 184 57 58 187 319 64 322 66 196 69 198 331 332 75 77 336 211 340 341 214 343 213 84 92 93 351 97 98 231 232 233 362 107 235 104 241 243 118 248 254 255
55 1 260 261 8 137 12 275 149 26 27 284 285 29 31 168 297 169 300 301 174 48 177 52 53 310 183 57 314 316 190 195 68 70 327 72 328 330 331 326 207 335 337 79 211 340 351 352 98 226 101 102 233 115 253 254
52 4 6 135 7 134 10 15 16 146 278 151 281 25 285 286 32 36 293 166 38 171 180 55 184 56 191 192 321 66 193 198 203 76 205 206 337 86 343 216 217 219 95 226 99 100 230 362 107 236 241 120 252
62 130 3 132 147 148 149 26 282 28 27 158 31 288 287 166 294 168 40 38 171 172 46 175 305 179 53 54 309 312 313 59 187 190 319 320 322 329 330 204 333 334 80 339 340 86 87 350 96 354 102 358 360 105 115 244 117 245 249 250 124 252 255
57 259 260 134 7 6 9 267 268 16 148 149 278 25 153 286 163 36 294 168 170 45 174 175 303 179 54 56 186 60 316 320 198 333 205 207 336 81 340 213 218 92 220 221 351 223 97 227 102 358 240 241 118 248 122 123 253 125
55 256 3 134 7 13 272 144 16 18 145 278 279 25 285 286 30 287 36 41 298 45 305 177 53 183 56 185 58 315 316 318 191 192 322 67 197 73 204 210 213 214 92 96 97 230 103 104 105 108 237 110 109 236 247 124
63 2 259 132 133 5 263 139 141 273 17 279 157 32 161 163 293 38 167 296 41 170 171 42 298 46 175 176 306 51 52 179 178 183 312 181 58 315 317 321 322 68 196 70 71 327 330 77 336 80 87 217 90 347 348 353 98 228 357 108 110 111 112 119
74 3 132 133 134 131 135 265 12 141 142 269 270 16 18 275 19 277 149 154 157 36 296 170 42 172 302 49 309 184 312 186 316 61 60 320 65 322 323 321 66 197 140 328 332 81 211 84 85 342 87 88 345 346 91 216 93 352 225 356 102 359 360 233 106 230 237 110 239 115 246 248 250 123 251
51 3 4 8 9 17 20 277 276 278 156 286 161 36 164 296 299 43 180 184 313 312 57 188 185 187 189 64 321 322 67 197 200 75 207 210 212 217 349 95 351 231 361 233 236 243 245 248 249 123 252 126
60 260 134 136 9 139 140 15 274 150 24 160 46 175 47 48 178 307 306 309 182 311 184 56 55 60 190 324 197 196 71 73 202 75 331 205 78 79 82 212 86 343 217 346 220 349 221 94 348 352 350 99 106 107 240 117 247 120 248 125 254
66 1 2 4 263 264 266 139 268 14 15 271 17 142 275 276 151 280 26 27 29 286 31 158 289 162 37 170 171 301 46 47 303 51 52 309 53 183 57 314 59 188 189 324 202 77 335 208 337 212 214 86 216 220 96 352 228 230 361 235 108 237 238 240 242 248 124
75 1 130 261 134 133 9 10 270 271 146 275 20 22 151 24 281 153 27 278 285 286 157 156 35 36 292 167 41 42 299 49 178 51 50 182 185 186 187 63 320 193 323 195 198 70 200 72 73 76 333 78 77 82 339 210 211 86 344 92 222 225 99 356 229 231 232 105 235 236 238 242 245 121 250 127
62 129 130 260 133 134 136 266 267 144 145 18 275 21 22 151 158 287 286 159 34 289 37 39 168 169 170 172 46 175 177 49 307 52 181 311 184 188 318 324 74 80 84 85 343 88 222 350 224 355 229 230 104 360 111 240 112 115 245 118 119 249 251
67 128 129 2 3 7 138 267 11 142 14 144 18 146 148 149 20 22 154 156 157 33 290 164 293 166 39 42 174 177 53 312 184 62 63 320 65 66 323 190 328 74 204 205 206 334 337 338 84 85 212 215 343 89 218 217 349 101 230 232 107 110 239 112 244 119 121 124
59 1 3 260 139 14 146 148 20 276 23 280 21 26 30 31 289 295 167 297 171 176 305 177 51 308 180 310 55 60 189 63 327 201 202 75 207 208 215 344 92 349 222 353 225 100 229 233 361 109 112 116 244 118 247 246 121 124 126 255
62 4 261 5 7 136 263 138 142 144 146 147 19 149 278 20 281 282 27 285 286 159 31 162 165 45 302 175 179 51 55 57 186 58 189 319 192 321 194 330 203 210 82 340 85 215 216 343 90 92 221 228 230 359 234 236 239 118 247 251 124 125 255
55 255 258 259 261 5 135 139 145 274 147 273 280 281 153 156 158 159 160 161 32 41 42 308 309 310 60 190 192 321 194 323 325 70 199 205 335 208 81 84 86 88 94 95 353 99 100 101 230 104 232 237 238 239 112 127
59 2 259 260 3 6 135 136 4 138 140 142 18 274 146 19 282 155 29 287 163 297 43 180 54 187 190 318 192 193 321 326 71 73 79 82 211 212 87 88 217 90 220 93 96 224 354 355 357 234 108 238 240 242 115 117 118 124 254 255
57 256 4 260 262 263 10 139 267 271 276 277 150 151 278 25 154 24 284 287 32 33 292 38 39 41 170 299 46 47 306 307 52 189 190 63 199 74 76 77 78 334 209 87 216 344 92 349 226 99 100 358 108 238 240 244 123 255
71 256 258 262 9 11 268 139 142 146 274 19 23 24 26 283 284 282 159 287 32 33 293 167 296 41 298 299 172 45 302 44 181 54 55 182 188 189 61 62 60 65 326 71 328 327 202 203 80 84 85 215 92 93 97 225 354 100 356 103 360 233 104 235 237 240 242 243 121 252 253 255
52 257 2 130 132 263 264 269 14 145 18 276 21 150 151 277 154 284 164 168 43 171 45 52 184 185 59 187 65 66 195 198 199 200 72 333 212 87 344 88 95 354 102 103 106 107 240 243 117 248 121 123 255
60 131 138 10 12 140 14 271 272 146 147 19 21 151 24 283 160 161 33 167 40 300 303 176 304 181 310 54 183 313 60 316 324 196 325 327 199 68 76 206 78 336 82 85 214 218 93 222 350 96 353 227 101 232 234 362 106 235 243 121 122
52 258 259 133 6 134 16 149 151 280 155 285 30 32 34 36 296 297 170 171 43 47 49 307 55 59 190 192 194 322 324 326 202 75 204 79 207 342 215 344 346 219 347 99 229 233 109 241 116 117 246 247 121
57 256 2 263 137 268 269 141 14 277 279 280 31 160 289 34 33 164 292 36 161 170 299 303 305 181 310 55 311 184 188 318 62 77 337 82 84 342 87 214 346 219 348 222 223 94 97 226 227 237 112 117 118 119 249 252 125 254
71 130 133 6 264 140 14 145 146 275 150 279 24 281 154 155 284 158 31 160 38 294 40 297 172 44 302 47 305 178 309 184 57 58 191 323 196 324 69 199 329 330 75 77 207 210 341 213 215 218 220 348 222 349 352 353 226 227 98 356 229 224 232 362 110 113 117 118 247 122 124 127
72 128 126 258 3 133 7 8 136 266 267 12 269 142 141 144 273 146 18 20 276 274 151 24 26 283 158 34 164 302 47 176 177 178 48 49 181 55 186 59 139 61 316 188 13 195 324 328 75 207 336 213 86 343 216 346 92 350 224 353 227 355 101 102 359 360 105 361 235 116 121 254 255
57 256 129 130 126 132 133 260 263 136 10 273 274 147 277 151 153 25 27 160 290 35 293 165 41 298 299 49 50 177 52 51 54 60 189 195 197 70 74 331 209 83 217 218 220 221 95 226 357 104 232 106 239 113 118 250 254 255
65 3 268 141 140 15 273 277 26 282 28 156 286 160 291 292 37 39 172 302 46 176 49 213 180 53 184 185 58 317 325 197 327 72 201 76 78 206 334 208 211 84 83 214 87 344 343 346 216 220 349 94 92 352 225 98 100 101 103 360 233 237 111 245 120 127
61 129 261 6 134 139 12 11 268 141 272 276 150 283 30 163 164 39 296 170 171 46 176 180 181 312 57 58 190 191 192 321 67 196 70 200 202 331 332 205 207 336 210 342 86 216 347 219 222 95 97 98 101 232 234 106 111 242 117 247 248 249
60 259 262 8 10 267 269 14 143 145 146 18 22 279 23 29 30 31 288 292 165 37 167 41 297 45 174 176 304 54 56 312 60 190 62 64 68 325 324 327 328 202 76 207 336 80 210 209 84 340 345 90 220 224 98 357 230 108 244 247 119
61 257 6 8 265 9 266 10 269 270 15 272 26 154 27 285 286 31 33 162 35 38 170 172 173 50 306 180 181 53 310 57 59 316 189 317 63 195 197 326 327 200 73 84 212 214 340 348 349 222 230 103 359 108 111 241 249 121 251 250 125 255
79 128 9 138 11 268 271 143 17 144 275 147 150 23 30 158 160 289 161 292 37 164 293 296 39 171 300 45 46 47 301 177 178 179 308 304 54 311 182 189 318 190 320 193 325 72 329 202 203 201 332 334 84 340 86 343 344 218 219 92 93 222 95 348 350 101 359 361 234 107 237 109 240 244 118 247 121 124 252 126
50 256 129 2 133 7 139 151 26 28 160 291 293 38 168 42 171 172 298 175 304 180 54 183 310 60 318 66 199 71 202 74 335 79 343 215 348 94 351 225 99 357 359 360 105 107 113 242 115 119 251
59 128 129 258 130 3 133 261 264 266 10 271 148 22 23 24 283 28 157 32 162 294 177 184 57 315 61 189 63 321 66 324 326 200 204 205 334 76 209 81 212 84 93 222 95 352 97 224 355 228 100 102 233 106 109 239 241 114 250 254
58 129 3 260 263 135 8 11 269 142 16 273 274 278 152 281 27 284 30 31 32 287 160 291 36 167 169 42 297 301 308 312 314 187 60 320 325 70 201 203 77 336 208 209 213 215 343 346 92 221 93 96 226 354 228 105 236 108 244
73 257 130 259 4 132 260 9 138 266 12 269 270 142 14 145 146 149 22 280 152 27 290 38 170 299 171 172 46 47 176 177 305 179 304 302 310 185 318 319 62 193 68 71 331 76 205 334 207 80 204 211 84 42 344 345 222 352 99 356 358 360 233 106 104 237 115 116 245 121 123 124 253 254
71 256 131 134 137 266 10 15 144 17 275 149 150 25 153 283 286 30 287 289 291 292 165 293 295 38 297 170 299 169 298 40 168 176 177 312 186 315 60 190 319 192 65 193 321 199 74 331 206 79 81 338 212 88 217 346 218 92 351 223 97 226 352 358 231 104 237 112 241 116 249 254
54 128 130 259 267 139 142 144 145 275 277 149 280 281 28 158 288 160 164 37 36 169 299 300 302 182 184 185 313 315 317 63 322 323 201 202 204 333 76 335 340 86 214 346 91 218 99 357 101 234 106 249 121 253 127
67 128 2 5 137 270 275 20 276 278 151 152 24 282 158 287 160 33 290 35 292 164 40 174 178 179 306 186 59 60 315 63 321 194 322 326 329 331 334 79 83 213 87 344 345 90 346 92 223 96 225 224 355 100 228 358 359 232 104 362 227 236 115 243 245 244 121 251
70 259 132 131 260 134 265 12 269 274 19 148 279 280 26 283 282 156 286 30 288 36 37 39 42 48 181 55 311 57 314 185 192 67 325 199 327 74 76 333 335 207 209 80 86 343 215 345 346 219 347 220 350 351 222 91 354 227 100 355 357 231 104 359 101 237 243 120 124 125 255
62 4 8 265 9 143 19 20 148 278 23 279 152 282 26 155 285 30 159 161 34 36 40 172 300 46 303 52 53 312 186 316 317 61 319 64 320 197 70 198 73 74 75 333 78 335 77 82 92 349 97 353 357 229 103 358 362 237 111 240 242 246 124
55 134 262 136 138 274 276 149 151 279 24 283 33 290 166 170 43 173 302 176 181 311 56 57 186 59 316 61 318 315 64 193 322 195 196 62 71 204 208 81 336 83 84 341 342 215 212 217 219 225 100 230 103 237 113 249
65 1 129 130 135 8 264 10 267 12 263 18 147 274 146 152 26 156 157 30 28 160 33 37 294 166 40 169 170 303 49 178 305 180 50 54 311 184 317 318 63 62 65 322 193 324 323 326 198 203 332 76 331 207 211 213 88 352 101 104 232 362 105 244 122 254
57 256 129 135 9 138 268 271 15 277 278 23 151 154 286 34 290 37 166 39 295 294 170 303 306 181 54 57 316 318 191 320 198 327 331 77 334 335 82 87 344 89 219 348 221 93 223 352 97 226 228 233 239 113 118 248 124 126
78 257 130 4 132 10 11 138 269 142 139 273 274 147 277 278 150 29 158 290 163 37 41 43 172 299 173 44 303 305 175 309 56 312 313 60 317 316 64 65 70 327 201 74 202 204 333 206 79 75 82 213 214 343 216 218 346 220 349 222 223 96 98 226 227 229 228 360 233 105 236 238 243 244 119 120 250 254 126
56 258 261 136 265 270 17 25 282 27 157 37 166 171 176 51 308 182 55 183 58 187 60 190 63 64 194 324 196 199 329 201 203 76 78 214 342 216 352 353 98 227 228 100 97 225 361 106 235 110 240 116 117 119 122 253 127
52 130 133 6 135 7 137 271 150 25 156 284 157 31 161 289 294 298 173 302 48 304 49 52 311 184 316 317 321 194 195 193 327 201 74 207 209 339 84 344 93 97 354 100 356 228 232 105 361 235 108 252 125
65 256 255 262 7 134 138 267 12 268 13 15 277 23 152 279 32 161 34 35 36 167 168 41 39 172 44 303 48 49 306 308 180 309 57 59 62 190 68 327 328 331 336 82 83 211 341 213 86 216 345 217 350 351 224 352 226 358 233 105 106 108 110 115 249 127
72 128 129 5 7 12 13 14 143 269 274 148 149 26 284 29 31 161 164 294 39 41 298 301 175 48 177 50 52 309 310 183 312 185 313 61 62 63 319 64 193 194 71 203 207 208 210 211 212 83 86 214 215 89 88 345 87 224 97 353 226 100 361 234 235 108 118 249 122 251 252 123 250
72 131 133 135 263 9 11 267 270 15 274 275 21 149 151 152 154 155 28 33 291 36 40 41 296 299 169 51 308 52 310 55 307 57 314 59 60 61 317 190 321 66 193 196 324 70 71 201 329 75 207 338 215 346 95 353 354 99 228 229 100 230 103 108 109 238 111 112 243 244 245 119 255
64 130 258 7 13 141 17 18 20 277 278 283 156 157 158 31 33 161 34 164 168 41 299 44 304 50 306 309 182 53 312 186 315 58 61 188 196 325 73 331 204 82 338 85 90 91 348 221 222 220 352 225 98 99 223 101 229 103 359 231 360 245 118 246 254
61 256 264 17 274 279 286 288 34 290 38 295 168 301 174 47 304 51 308 57 62 318 64 190 66 195 65 325 198 199 72 200 74 206 207 80 208 81 83 84 339 86 87 220 223 96 352 354 356 229 102 358 103 109 110 240 243 116 118 246 121 255
56 128 2 5 264 10 267 140 138 142 15 12 14 266 141 20 269 278 151 272 284 285 32 33 289 35 37 168 41 43 45 47 176 178 186 315 317 63 321 65 73 202 334 213 90 219 221 93 95 97 356 236 113 251 252 125 255
62 262 264 268 16 274 148 149 21 152 282 155 156 164 165 293 172 175 48 51 180 181 53 307 56 185 317 189 66 196 69 198 327 72 201 73 203 329 77 202 340 215 344 216 92 349 350 351 96 225 353 352 100 94 106 113 115 243 246 248 251 252 127
52 258 2 4 7 8 9 10 12 14 143 17 146 149 152 25 26 156 158 162 297 303 176 308 56 60 316 191 320 323 197 325 327 328 204 206 335 80 337 209 82 340 345 217 348 221 220 225 227 228 230 110 115
56 129 131 132 5 259 264 9 266 12 269 17 145 147 149 22 24 153 154 283 282 161 35 293 167 169 42 297 46 305 51 180 181 310 56 191 65 194 323 200 74 332 207 86 214 217 347 96 352 226 100 103 106 244 248 250 127
55 7 135 10 267 142 272 146 149 21 279 23 282 27 28 158 292 165 38 167 298 43 305 50 53 191 195 324 67 71 327 328 74 76 82 211 212 214 215 347 93 350 224 97 100 357 230 101 232 360 102 251 123 253 126 127
57 128 259 6 271 272 16 275 21 22 25 285 30 31 171 45 173 47 48 302 304 179 52 183 185 186 60 317 190 62 193 194 321 65 326 71 200 330 202 331 209 81 211 213 86 88 217 91 350 352 353 354 360 241 244 117 247 251
45 128 257 135 8 266 13 270 271 16 146 149 23 153 27 287 289 37 41 42 299 174 51 307 181 53 311 313 316 63 67 198 202 330 78 335 215 90 94 223 96 97 102 232 106 247
66 2 5 136 10 140 269 143 144 148 277 279 280 153 282 25 157 30 160 33 34 161 169 170 172 176 49 50 51 53 185 186 60 321 66 323 67 69 72 73 330 201 333 208 209 338 339 344 218 91 346 349 95 224 358 108 237 110 111 112 113 242 248 121 120 124 255
64 128 2 260 135 263 7 148 280 283 157 30 287 31 292 293 38 39 165 297 295 46 304 305 308 56 314 61 317 191 195 70 72 202 332 80 83 84 86 342 216 221 222 351 94 223 99 357 102 231 103 233 235 239 113 241 114 117 118 247 246 119 250 254 127
70 257 3 132 135 136 265 138 266 139 270 273 20 277 23 25 153 283 27 31 162 291 166 40 170 44 46 302 54 313 189 319 193 322 197 70 73 74 330 331 78 82 211 212 340 338 215 217 90 92 94 351 96 350 223 227 355 101 97 103 104 105 359 233 110 241 242 244 247 254 255
52 258 132 261 134 11 13 144 16 275 276 153 26 162 165 298 171 299 176 304 178 183 56 311 320 323 67 325 70 199 71 202 330 207 337 83 84 343 217 349 350 102 230 358 235 236 238 111 241 114 118 123 124
49 128 3 265 16 18 147 276 21 22 280 156 286 30 158 293 42 299 174 302 305 177 307 57 59 189 64 325 326 71 75 203 78 334 207 80 83 211 217 89 219 220 221 94 99 105 108 248 251 123
76 127 1 2 131 263 265 137 9 139 10 14 269 17 145 20 277 150 281 28 156 160 288 161 294 295 38 41 169 172 301 174 302 49 178 51 180 177 54 313 58 189 64 321 323 325 326 71 331 207 208 83 85 86 88 219 220 93 348 351 223 91 227 99 356 231 233 105 361 113 242 116 251 123 253 126 255
65 257 130 131 138 11 12 139 142 15 143 145 273 272 20 25 283 30 159 289 34 35 165 39 298 299 180 309 181 55 312 58 187 314 317 318 63 196 197 74 203 204 202 75 206 208 209 212 91 223 102 359 103 361 108 109 112 241 114 245 118 247 120 122 124 252
63 259 261 134 262 264 265 13 17 274 275 148 149 20 279 23 277 26 278 284 159 290 291 293 166 40 299 43 179 184 58 187 319 191 323 68 324 198 203 76 204 334 208 82 339 212 84 338 343 345 218 353 226 355 357 361 234 235 109 238 118 248 249 250
75 256 1 132 261 4 135 7 138 13 270 15 271 17 19 279 152 25 27 29 30 32 33 290 34 161 297 172 300 303 176 50 307 180 179 54 183 182 59 188 61 60 64 320 66 323 194 68 195 73 74 80 336 82 83 339 343 348 352 97 98 358 359 102 105 106 362 240 114 116 117 246 250 124 252 255
71 2 260 262 136 265 10 8 267 13 266 272 273 17 19 277 278 279 152 280 153 283 27 281 286 25 34 37 168 299 177 49 179 180 178 310 311 55 308 305 187 188 320 325 197 74 332 333 78 81 83 342 344 92 349 353 226 98 97 229 228 102 232 233 234 235 105 240 113 242 115 118
60 257 259 3 134 263 8 138 15 18 147 277 22 157 158 32 34 291 164 162 42 43 45 308 54 311 57 61 318 319 64 323 68 72 332 333 80 81 82 84 213 212 347 348 220 94 352 97 226 99 227 358 359 361 236 237 238 113 242 120 253
61 259 260 7 266 270 151 279 154 283 285 30 159 31 287 34 289 164 166 299 48 49 180 53 54 55 308 315 189 318 317 321 194 322 66 325 326 200 330 203 334 207 81 344 96 227 357 230 232 362 236 237 239 112 241 242 117 245 247 248 251 125
65 128 1 258 3 130 133 7 264 265 268 143 272 144 145 23 281 155 156 31 167 296 44 172 46 47 48 51 52 181 54 309 53 315 189 318 321 194 328 201 205 207 79 337 208 81 85 342 217 218 219 96 352 227 102 359 232 358 233 361 112 120 121 249 123 124
66 128 1 256 259 9 10 11 140 269 142 13 14 273 18 275 141 21 149 147 152 154 290 37 171 44 176 49 178 186 189 63 191 323 68 196 70 197 72 200 202 76 333 78 79 81 338 210 212 343 344 87 92 349 224 96 352 99 101 102 230 234 107 106 113 115 251
61 2 130 260 133 131 8 12 270 147 277 23 152 24 29 161 35 164 293 167 40 45 51 307 180 54 59 60 62 191 194 323 195 322 326 327 199 201 330 203 76 332 78 207 333 81 80 208 84 86 87 215 348 98 361 233 109 110 239 247 123 125
63 128 1 130 7 10 12 14 271 272 15 20 27 286 31 32 160 294 38 41 299 300 301 302 46 48 49 171 179 180 181 182 311 313 189 192 68 326 70 331 204 76 206 79 335 337 332 83 88 91 223 225 98 360 232 361 108 238 239 113 241 245 251 255
58 131 133 134 135 264 266 11 13 270 143 145 18 274 146 275 154 159 161 34 37 294 39 41 169 299 43 302 46 303 177 51 53 55 185 58 57 189 63 195 198 207 336 81 210 340 214 343 218 355 228 234 108 117 246 247 118 249 124
61 133 261 7 139 140 272 273 275 21 24 152 26 27 158 30 286 35 36 165 295 170 299 300 49 309 181 311 58 187 60 188 59 191 195 324 75 331 76 77 335 80 81 338 211 341 215 93 351 96 230 231 103 105 237 239 113 116 246 249 124 255
60 2 258 11 147 275 21 279 282 157 31 288 161 160 291 163 292 294 166 165 41 35 37 300 301 302 170 49 179 52 54 312 187 316 61 188 319 64 322 196 325 70 327 73 330 329 332 90 92 98 228 229 103 234 238 239 113 114 249 251 126
52 5 6 264 139 140 270 14 145 146 20 279 24 280 284 286 159 33 36 37 38 295 296 167 173 50 56 315 188 63 324 326 330 77 206 334 81 82 342 220 95 225 357 360 234 235 108 238 113 242 116 253 255
72 130 7 263 137 138 139 268 14 142 144 18 19 148 150 151 152 25 280 155 282 27 28 31 29 161 33 291 292 35 295 171 302 303 47 48 52 181 54 55 60 317 190 189 68 198 327 328 199 204 205 206 80 336 83 340 86 345 218 89 93 349 95 96 102 104 232 106 111 242 114 245 119
58 128 129 4 132 6 7 140 13 142 15 144 146 276 149 21 277 281 282 25 284 28 31 33 293 294 169 298 42 297 315 316 317 63 320 192 72 329 74 331 332 204 330 211 339 212 216 96 99 100 230 107 111 240 113 241 124 126 127
66 261 7 138 267 12 13 14 143 17 18 20 149 148 23 155 156 28 30 33 34 35 292 37 291 39 296 169 42 171 298 44 300 40 49 178 51 52 309 184 323 200 72 202 331 334 209 339 83 85 342 350 222 95 352 96 99 227 101 106 236 112 116 251 252 125 254
69 134 135 263 8 138 267 268 15 272 17 274 273 21 277 23 25 29 157 31 288 286 158 35 292 163 294 169 298 44 173 174 172 47 305 52 181 54 308 57 185 188 61 191 75 332 77 78 334 205 338 82 84 343 344 87 91 93 350 225 99 228 100 231 360 104 362 114 247 126
53 3 5 137 141 15 18 148 278 279 282 283 156 157 30 287 32 33 289 28 36 293 169 297 170 174 303 52 180 56 57 59 193 71 200 202 334 79 82 211 213 342 215 90 220 351 233 234 105 237 246 120 252 126
57 129 257 1 9 11 268 145 274 276 21 151 23 154 156 286 287 170 42 300 301 46 174 304 177 178 51 44 179 55 190 62 193 194 322 197 71 329 74 76 206 207 335 78 336 340 85 218 222 354 227 229 102 240 116 247 119 124
65 129 9 10 267 11 15 19 148 149 280 154 155 288 162 292 41 298 299 172 170 303 307 53 181 58 59 60 187 188 314 323 199 328 71 330 331 332 75 78 203 80 209 77 339 212 206 88 90 91 348 93 222 95 356 230 360 104 236 112 240 244 117 246 248 125
34 256 135 11 14 150 24 155 159 166 40 41 175 177 311 61 62 64 65 66 69 71 327 77 82 92 351 225 359 103 105 237 110 121 254
55 130 131 261 133 5 12 271 143 273 24 280 35 37 294 172 45 56 313 59 316 320 65 66 69 201 74 203 332 204 209 82 338 81 344 346 219 92 220 94 222 95 351 349 229 357 102 104 235 237 112 242 115 116 119 123
60 256 131 259 5 262 134 136 139 141 270 144 18 276 153 284 288 33 162 38 296 42 43 46 48 305 180 309 312 58 315 61 191 320 64 321 68 326 74 333 205 207 206 339 84 211 216 90 347 350 94 99 102 231 107 237 112 247 250 254 126
55 2 131 134 263 8 10 139 274 18 19 157 288 39 296 169 42 43 298 47 306 308 182 184 313 314 59 323 68 198 199 328 202 203 335 212 85 343 216 88 90 220 349 222 96 99 356 361 234 235 109 110 114 244 245 247
64 257 2 260 7 141 13 271 144 272 146 147 276 24 156 285 28 159 29 157 289 40 41 299 47 48 52 53 310 186 189 193 195 68 69 197 199 201 74 203 202 204 78 79 209 338 212 213 215 89 348 356 357 230 360 237 111 242 117 118 248 250 124 254 127
68 255 132 262 136 140 18 146 276 21 278 150 151 20 283 156 29 160 33 295 297 174 178 51 180 52 182 306 181 58 60 319 192 65 196 197 327 201 330 202 205 334 79 80 338 83 88 345 90 91 220 349 94 351 96 344 223 227 92 104 105 360 242 244 120 123 253 254 126
60 128 1 2 132 133 8 137 143 273 276 151 282 159 36 165 293 295 170 43 300 171 174 47 42 49 46 179 309 311 55 316 61 319 193 69 325 199 331 332 76 80 81 82 339 341 218 349 95 224 352 98 101 358 359 229 230 112 243 247 255
59 259 260 5 261 134 9 139 145 18 276 278 25 157 159 288 287 162 163 164 169 173 304 310 55 185 186 57 59 317 319 191 66 200 72 203 204 205 334 209 84 342 343 344 86 348 349 93 227 99 358 231 232 233 106 107 103 118 119 120
61 256 2 131 4 263 136 265 137 138 140 142 15 144 274 147 21 149 281 284 30 31 294 295 297 173 175 49 50 306 308 310 57 189 320 194 66 196 199 74 203 79 81 83 212 85 86 214 220 353 227 99 105 106 110 240 112 114 113 251 123 127
51 131 3 135 7 8 138 142 276 151 25 157 285 288 32 162 35 293 45 47 179 308 180 309 189 61 319 318 322 325 71 74 77 335 210 340 215 345 352 97 226 100 357 102 360 232 362 235 108 241 121 254
55 130 135 9 138 268 141 15 16 274 147 149 277 151 280 285 290 294 295 170 299 300 301 305 178 180 181 312 185 313 186 188 317 61 64 324 199 200 331 77 333 213 346 347 221 95 96 100 358 234 108 116 244 119 248 250
58 258 259 132 261 266 140 269 18 21 150 149 24 26 29 34 35 36 293 294 38 46 303 304 49 48 307 52 179 54 183 190 191 320 322 197 325 75 204 333 207 335 83 341 86 87 89 93 222 226 357 359 107 235 242 114 117 254 127
63 260 8 265 12 268 144 145 21 150 156 29 30 159 289 161 291 36 163 297 170 45 301 174 304 49 306 50 311 313 185 63 323 324 67 198 330 203 204 333 209 338 211 340 341 214 216 347 94 351 224 97 225 99 358 361 234 243 115 245 250 252 254 127
70 131 132 134 7 19 150 280 281 158 160 162 35 164 165 294 296 298 46 175 177 50 306 51 309 183 184 188 316 192 193 65 67 195 324 64 199 72 329 330 322 76 77 79 81 213 343 88 89 216 87 92 222 98 99 100 357 355 104 360 362 107 237 239 241 115 245 248 121 251 126
60 126 133 5 16 273 274 275 156 285 284 161 293 166 37 170 46 47 178 51 308 53 306 311 180 313 314 315 187 52 62 63 193 322 324 198 327 199 329 74 328 77 81 211 212 345 220 222 101 357 103 104 232 110 240 243 119 247 122 254 127
61 3 132 8 139 267 15 145 149 280 154 282 28 157 287 162 163 164 166 169 179 181 55 312 317 62 318 192 321 193 196 68 71 329 330 73 76 205 206 332 81 213 86 87 344 345 85 350 222 95 103 233 235 237 239 112 241 114 240 121 249 125
71 4 6 266 139 140 13 15 16 148 151 280 24 152 26 29 286 287 160 159 34 35 288 289 166 299 300 301 46 303 175 177 50 179 308 53 188 194 68 197 326 327 328 325 330 202 78 208 338 211 214 342 87 90 92 93 348 223 224 355 101 229 107 236 235 118 119 246 122 123 124 127
72 129 258 3 4 137 265 274 147 24 281 152 282 156 28 158 160 33 164 37 36 168 297 42 43 299 301 40 169 48 177 45 51 53 54 182 318 320 193 192 194 326 328 202 206 209 83 341 343 89 218 91 220 93 217 226 227 228 103 104 105 362 234 231 109 242 117 248 249 121 251 124 126
47 261 8 265 268 14 15 270 148 22 280 27 283 160 161 40 41 172 173 307 52 181 55 183 58 189 62 191 69 203 78 208 210 83 340 344 90 92 93 221 95 223 238 110 240 242 251 127
63 131 5 261 133 134 137 6 140 13 142 15 272 18 19 148 21 24 283 28 286 34 292 169 42 44 301 174 306 307 308 59 189 62 326 199 327 201 330 75 331 202 78 328 80 209 338 339 207 342 87 90 91 92 94 98 226 357 358 103 240 247 249 253
62 258 8 9 266 138 12 269 265 15 272 142 143 277 278 152 281 154 282 291 293 294 48 306 307 185 187 60 188 317 191 192 66 197 327 73 329 332 206 80 210 339 91 347 221 222 354 355 100 357 101 231 227 233 106 237 238 110 112 242 120 254 255
58 256 261 6 143 271 149 282 154 28 156 30 158 288 32 35 38 39 296 45 302 47 175 305 178 307 311 183 316 189 194 202 330 77 206 80 209 336 339 340 213 87 216 218 347 226 102 231 235 238 116 118 119 248 247 124 252 126 255
62 128 2 7 137 15 16 273 272 147 20 278 283 288 289 163 35 292 297 170 171 302 179 54 183 55 57 316 317 319 68 326 70 200 329 73 204 78 206 338 214 89 218 93 94 96 352 354 98 224 102 362 108 238 239 110 117 122 251 124 252 126 127
56 1 257 259 129 5 261 139 272 22 278 154 29 30 287 32 291 165 39 40 170 175 303 48 305 180 312 185 314 56 61 319 64 195 196 72 75 79 337 210 81 215 218 229 358 102 233 234 239 114 243 121 249 251 125 126 254
65 256 130 258 4 262 135 7 138 268 142 270 143 150 151 152 282 28 157 158 287 32 35 36 165 167 39 41 298 297 300 173 49 305 179 52 55 186 60 188 192 321 194 75 76 77 335 209 211 87 216 217 218 349 223 227 103 232 105 106 107 239 241 119 252 126
63 256 4 262 135 8 263 10 17 149 150 280 283 158 287 32 33 35 40 43 44 299 46 175 48 49 171 179 174 181 184 57 62 192 321 66 64 327 73 329 331 204 74 211 212 83 214 343 344 217 89 345 92 351 355 230 106 236 237 108 117 121 250 251
60 258 131 132 261 2 7 10 11 268 271 17 150 27 286 287 165 166 40 169 296 46 177 54 310 312 314 59 317 318 64 320 322 67 194 195 198 196 71 200 202 78 336 209 339 340 213 343 345 221 223 357 230 105 106 107 113 118 246 249 123
72 133 6 263 267 13 14 272 17 274 273 147 16 150 145 280 146 151 28 285 161 162 291 35 166 39 295 38 300 173 303 304 176 52 182 184 189 318 64 65 322 195 67 194 70 327 328 201 74 332 82 85 87 215 216 88 348 94 224 226 227 228 229 358 359 361 236 243 244 117 250 124 253
64 256 1 259 131 132 262 12 15 272 273 147 150 278 280 281 154 22 286 162 291 165 295 296 41 43 301 47 303 177 49 51 182 184 185 313 186 61 68 69 198 72 331 204 205 334 336 210 339 84 338 95 225 98 100 229 358 105 109 116 118 247 249 121 125
65 257 2 260 133 138 270 15 16 17 277 278 23 280 28 158 290 35 296 40 46 47 310 54 57 187 60 189 316 191 192 195 197 326 72 73 74 331 332 333 202 209 81 214 216 89 218 220 349 94 95 353 98 356 357 359 232 361 106 107 362 109 104 245 247 250
58 257 130 4 12 268 269 15 17 18 148 21 279 153 285 290 36 165 168 297 40 43 299 171 45 178 55 313 58 314 62 63 320 193 195 324 202 331 77 335 207 338 86 343 342 351 223 226 228 231 360 105 234 107 235 362 113 118 124
66 2 131 263 136 9 266 267 265 271 151 23 25 27 156 29 30 158 160 161 32 35 292 289 157 168 297 170 300 178 179 54 183 316 189 318 190 322 194 325 72 330 203 74 207 81 210 209 212 339 342 87 89 91 92 99 230 103 235 237 239 241 117 250 122 252 255
65 1 257 260 5 10 11 268 269 266 142 145 277 151 152 25 24 282 285 160 32 290 37 297 171 45 46 175 48 179 309 53 311 312 185 60 318 191 62 66 200 72 330 333 78 209 83 340 339 214 220 96 353 98 357 358 105 107 111 240 243 244 123 253 126 127
68 256 2 134 264 136 268 269 142 17 19 20 277 147 27 284 288 32 162 163 166 297 42 172 173 304 48 176 51 306 315 60 317 319 64 326 72 200 201 331 205 334 208 84 85 342 86 87 215 221 93 223 226 358 103 234 108 109 238 236 112 240 237 118 247 250 122 123 125
55 128 256 2 6 263 14 277 279 152 280 156 34 293 166 38 167 296 165 172 174 304 50 180 314 315 186 190 321 194 71 328 73 329 330 205 338 84 341 214 343 216 86 219 223 356 230 233 237 239 241 243 246 248 120 122
63 129 258 259 137 266 11 140 13 145 17 275 148 18 150 153 283 284 158 286 289 295 40 296 303 178 50 180 307 181 52 184 56 58 310 189 190 62 322 323 69 328 329 330 331 332 73 334 79 80 209 210 339 341 214 92 96 99 107 238 114 242 248 124
57 129 257 260 5 134 7 133 13 14 270 16 276 21 283 289 290 163 162 38 168 184 57 59 317 62 189 64 322 67 323 199 201 74 75 78 207 79 81 338 340 342 88 346 347 220 219 223 352 225 356 230 359 242 115 247 252 126
67 257 1 259 129 260 268 13 14 270 272 273 141 147 17 21 278 279 24 282 285 158 159 290 34 302 49 50 51 59 189 317 320 65 321 195 323 326 199 201 207 336 337 339 211 213 89 90 91 220 222 352 227 356 99 228 231 360 103 232 229 109 238 239 244 251 253 255
71 128 257 130 3 132 5 262 263 134 4 2 136 141 142 271 276 279 286 288 33 163 38 170 171 300 173 174 176 50 307 181 310 311 54 56 58 188 317 190 63 193 323 196 69 72 73 200 201 203 333 206 204 340 212 91 220 94 96 98 355 99 226 107 109 111 113 241 115 119 121 254
62 256 130 131 262 136 137 268 141 14 271 272 273 17 144 276 22 152 154 28 157 159 161 37 294 297 42 172 175 177 182 186 187 316 318 64 321 69 71 199 330 331 76 333 205 206 208 337 202 341 346 95 223 358 230 360 233 108 112 242 248 251 125
75 257 131 132 261 3 263 7 137 10 138 268 13 14 15 16 273 274 275 19 4 141 24 281 282 155 284 157 283 287 33 34 134 165 40 296 297 43 44 172 302 304 305 176 307 180 181 310 55 52 313 59 187 189 317 320 67 196 198 200 201 75 205 337 88 89 216 96 225 230 106 108 239 116 250 251
57 128 130 258 131 266 140 269 270 142 276 155 285 293 294 296 43 173 178 51 180 53 309 311 188 320 324 197 325 199 328 74 203 336 209 339 212 341 214 87 89 217 223 224 97 100 357 101 229 233 106 235 361 115 116 243 121 254
69 1 131 4 132 137 266 139 14 15 272 143 17 147 19 274 22 158 288 290 164 165 166 37 38 169 41 171 43 45 44 303 309 53 183 55 315 60 189 190 64 193 322 69 329 74 336 81 82 83 347 349 350 351 224 355 101 229 358 105 361 108 238 110 241 118 246 248 124 253
56 132 133 266 11 140 141 18 20 149 281 154 27 28 30 287 158 289 159 163 35 34 291 41 299 173 50 181 60 62 318 198 327 328 330 333 80 209 337 211 86 218 90 92 349 94 351 96 95 224 358 362 238 245 120 248 122
63 129 258 130 259 3 134 6 1 267 12 13 144 273 272 22 157 160 33 162 161 164 292 294 38 40 296 169 171 300 307 309 182 58 59 319 321 194 68 69 75 333 334 335 79 213 85 343 215 90 219 91 349 94 354 99 228 229 360 106 245 121 251 254
52 2 258 259 138 268 270 16 145 275 147 149 21 277 26 27 286 161 290 164 294 299 48 304 177 309 182 313 317 322 197 201 73 203 333 78 208 341 342 343 220 348 223 224 226 357 360 109 243 244 247 249 125
58 129 130 132 264 268 12 141 140 272 16 143 20 280 282 283 159 289 291 292 295 41 300 48 177 306 51 313 58 315 189 62 64 193 194 199 327 71 205 210 213 342 87 219 93 223 228 357 102 361 234 235 237 238 117 121 251 123 126
57 129 258 132 5 262 6 4 137 267 140 271 272 145 276 277 280 26 27 28 157 32 170 298 45 175 305 308 181 53 58 59 61 62 318 329 331 204 76 332 82 213 342 220 351 353 355 356 107 108 109 110 114 119 247 250 123 252
57 3 131 262 263 136 8 10 265 22 279 152 155 27 157 35 36 42 43 171 299 175 178 180 57 59 319 192 322 196 69 74 76 79 208 209 339 87 91 220 348 223 97 226 100 357 103 105 361 234 236 108 110 111 242 244 122 124
49 2 132 273 147 20 21 152 154 155 156 37 166 295 294 169 296 174 302 307 312 314 59 316 315 192 321 194 68 198 199 331 205 86 215 87 345 347 350 223 231 104 233 111 240 243 116 248 249 125
51 1 132 261 12 14 143 15 142 277 149 22 24 281 154 157 159 32 163 166 295 168 43 300 306 180 182 54 311 184 187 62 64 322 195 67 194 203 80 339 214 342 343 219 225 355 229 362 119 120 249 123
66 127 257 1 256 137 267 141 143 144 273 18 275 149 278 24 281 156 28 158 31 160 288 161 163 38 295 301 48 308 54 310 56 55 316 318 192 67 324 195 200 329 201 203 208 83 84 342 214 344 345 215 349 93 227 100 357 230 103 235 112 115 116 247 251 124 255
57 257 6 138 11 269 274 150 151 25 27 29 287 160 38 166 295 171 45 46 47 49 178 52 181 312 57 313 56 191 64 195 324 69 70 197 328 74 205 206 80 210 340 343 344 217 88 92 352 98 227 360 105 234 236 113 242 243
73 128 257 130 3 260 5 1 132 262 265 9 11 12 137 16 274 148 149 22 278 28 284 30 156 162 36 166 39 297 169 178 307 180 54 316 189 63 321 194 196 198 200 201 329 202 328 333 80 208 82 85 86 216 217 89 220 348 94 99 356 101 104 360 234 239 114 243 247 120 121 248 250 126
55 1 258 257 260 272 275 278 150 281 26 282 161 35 38 40 296 42 43 169 297 46 175 48 177 50 174 52 309 53 58 59 187 318 66 325 328 204 207 80 208 212 219 92 350 226 227 228 357 358 233 106 108 112 248 126
63 129 3 261 13 142 15 19 21 24 152 154 282 286 158 161 291 164 293 297 299 171 300 43 48 307 53 54 55 60 61 316 319 323 195 198 199 73 202 331 204 205 74 75 337 339 86 88 216 90 220 350 353 356 357 358 103 104 108 239 114 243 250 125
63 128 256 259 6 143 144 17 18 15 276 21 277 279 25 284 158 286 290 291 163 164 166 295 297 298 41 299 45 174 47 48 175 306 303 52 180 53 55 64 65 195 323 198 70 200 73 201 75 78 207 338 84 218 219 351 99 227 234 109 240 245 120 249
56 3 261 134 133 7 8 264 267 270 274 147 276 19 279 152 282 155 156 28 287 32 33 160 291 163 165 296 169 51 180 53 54 314 187 317 190 319 192 62 194 68 325 205 210 83 84 86 343 88 90 93 222 354 107 110 253
65 256 257 130 260 4 261 7 8 139 12 13 11 271 144 273 143 274 20 277 17 15 280 24 282 30 34 163 166 168 41 170 303 304 50 180 52 313 185 60 61 190 192 324 197 268 329 202 333 210 341 86 215 343 346 347 221 94 222 93 97 102 359 237 110 249
55 1 131 259 5 135 264 16 146 152 24 281 27 157 29 164 37 297 298 41 172 173 302 175 49 50 179 309 184 314 60 316 63 320 67 197 327 71 77 207 337 83 344 91 221 351 96 230 359 233 105 108 109 114 253 255
72 256 131 132 4 262 263 6 8 138 137 134 5 270 143 144 272 18 275 20 274 152 259 153 155 288 291 292 164 166 167 294 168 298 301 174 49 177 51 183 312 313 57 189 319 75 332 331 336 82 211 89 347 93 221 350 222 225 97 95 351 101 102 361 362 235 108 111 243 244 252 253 126
51 256 1 263 137 14 15 273 19 275 276 20 152 288 32 161 292 164 38 170 46 48 52 180 182 309 187 323 198 326 72 330 333 78 335 81 340 219 92 348 352 353 354 226 229 231 233 113 245 250 251 254
70 256 130 3 5 138 140 15 18 20 278 151 23 281 279 283 155 284 30 158 159 161 290 165 293 295 39 41 297 169 296 173 46 49 52 180 182 184 61 191 64 192 66 323 196 325 326 327 328 201 70 331 335 209 342 344 94 352 97 230 231 104 109 110 239 243 116 244 121 254 127
57 2 135 265 138 144 16 148 276 280 25 284 29 31 161 290 293 166 297 298 43 47 177 178 306 312 185 187 317 318 63 191 71 328 77 211 213 216 345 88 219 221 350 95 224 351 226 230 359 107 241 115 244 117 249 251 123 126
61 128 257 2 132 6 137 140 147 275 21 278 279 24 152 153 155 284 28 166 167 45 303 309 181 183 310 186 59 191 68 327 200 329 201 79 82 339 340 213 342 217 221 224 352 354 355 100 361 362 234 107 239 242 116 117 246 122 123 251 253 255
53 132 261 133 136 265 137 267 16 19 147 285 289 290 33 36 167 41 172 45 175 49 179 309 56 312 313 317 319 320 65 66 323 199 331 207 337 339 211 86 217 221 222 351 352 223 354 357 360 108 242 243 117 254
73 256 259 132 262 137 9 11 269 14 13 146 275 20 150 152 155 286 287 159 289 291 37 38 40 41 42 43 296 301 174 302 304 305 172 50 177 181 182 183 313 187 316 317 192 322 197 71 202 332 205 335 79 336 85 86 87 216 217 91 348 95 96 226 227 100 357 104 361 362 111 119 120 123
67 1 259 260 131 134 132 263 137 265 11 136 138 12 15 145 274 279 280 27 157 285 288 162 163 37 167 39 299 45 48 304 306 181 186 61 190 191 321 323 328 202 333 206 208 82 339 84 342 87 218 348 221 94 93 224 95 227 355 357 102 230 105 106 244 119 120 255
69 256 128 2 259 264 267 268 269 271 273 19 20 22 153 26 25 159 31 160 34 33 36 169 302 176 178 51 185 58 186 316 318 191 65 68 329 202 335 336 208 210 339 80 341 337 88 344 345 222 95 351 224 350 227 229 102 231 358 361 106 101 108 238 112 117 123 124 254 127
66 135 10 139 12 268 17 23 280 153 282 155 284 160 34 165 166 167 295 43 300 173 176 48 306 178 51 305 54 56 313 59 316 318 191 321 194 197 198 201 73 209 81 339 212 82 87 344 349 95 224 225 357 102 358 362 107 108 240 115 116 118 119 249 250 251 254
57 255 1 132 262 136 9 266 139 12 270 17 148 279 25 28 287 288 33 294 295 39 43 44 174 175 304 306 312 57 62 63 195 324 69 325 203 333 334 335 336 216 220 95 353 225 355 100 357 230 232 235 243 115 247 122 250 127
58 256 129 131 3 4 260 265 137 271 274 147 20 148 19 24 153 154 158 33 163 38 167 295 297 44 304 311 61 63 320 326 329 76 204 78 206 208 82 84 85 214 87 216 212 218 89 350 98 355 228 356 110 238 244 245 248 123 254
51 5 263 9 267 268 142 274 19 20 21 151 280 281 154 30 32 289 290 162 295 39 41 170 299 49 177 181 183 55 185 57 67 69 203 205 334 207 208 78 83 86 343 89 221 94 351 357 231 359 109 239
66 1 257 3 258 266 139 138 271 274 147 24 26 283 282 288 34 165 38 39 40 37 171 45 302 52 182 185 58 59 315 62 193 66 324 198 326 328 329 331 332 77 76 338 216 344 90 92 350 223 351 225 353 101 102 104 360 235 107 109 237 112 240 116 244 117 126
52 2 3 261 6 137 142 144 145 18 147 23 154 26 285 286 159 33 293 167 301 52 185 57 188 60 191 321 193 323 325 70 75 204 76 334 79 331 209 333 344 217 92 221 351 354 98 231 106 237 243 124 255
66 130 131 132 265 266 270 15 18 280 25 26 282 24 285 158 159 288 33 34 38 167 298 171 170 302 304 177 305 307 50 54 182 313 185 60 62 193 67 72 329 328 332 205 207 335 209 341 85 87 220 350 224 353 355 362 110 111 239 115 244 120 250 251 252 253 126
61 263 264 9 267 140 141 14 144 274 20 23 282 27 283 290 163 36 165 298 299 45 48 51 182 183 60 61 64 325 199 201 76 333 206 79 208 334 210 211 213 93 222 96 355 356 102 230 360 104 232 107 235 239 240 117 246 121 249 123 125 127
66 129 132 6 266 10 271 272 18 19 147 21 276 151 150 31 32 287 34 291 162 37 170 300 309 310 54 56 314 186 62 191 193 322 72 75 77 334 208 210 83 340 213 214 215 344 86 218 351 95 99 101 230 359 104 110 239 113 242 115 243 116 118 120 251 125 126
58 2 260 133 6 7 137 266 265 15 145 277 279 24 155 28 158 287 163 39 297 300 172 49 305 54 188 189 62 191 193 196 202 330 79 337 81 83 212 211 214 344 89 91 93 349 351 352 224 228 357 102 231 360 108 109 118 247 255
64 256 129 130 3 1 128 7 8 137 11 144 272 17 148 150 290 291 163 167 297 301 302 49 50 51 306 177 54 311 313 185 59 57 189 323 324 68 327 72 204 334 337 209 339 213 341 215 345 218 347 220 350 97 226 355 358 359 104 106 234 235 115 244 126
57 129 2 132 264 11 12 268 14 271 276 278 23 151 281 154 26 25 161 289 164 40 42 172 174 46 305 51 183 58 315 60 68 197 332 208 86 215 88 89 95 352 225 228 229 230 359 358 105 362 101 108 111 244 249 250 253 254
62 128 130 131 4 137 266 11 265 269 146 148 21 149 277 280 152 28 285 160 33 161 295 297 173 50 51 54 310 56 313 188 61 191 63 195 323 73 74 204 333 332 336 210 84 341 216 88 218 91 223 95 227 228 101 355 105 109 244 119 250 122 253
66 256 134 263 7 9 10 136 270 142 14 22 279 283 157 286 287 160 161 162 291 290 285 33 299 45 46 173 176 47 306 50 309 185 59 316 317 319 320 64 194 67 329 75 332 205 78 335 80 81 209 76 212 340 217 219 349 93 95 223 225 104 361 108 239 123 254
42 133 136 137 268 274 275 157 286 32 162 164 295 296 39 171 44 172 176 304 308 54 317 189 198 72 329 74 328 336 337 341 342 350 226 99 232 105 361 235 108 238 247
61 2 259 4 261 262 135 133 258 17 18 276 21 27 159 161 290 38 167 171 173 47 51 182 59 190 192 329 203 338 83 340 212 84 87 88 220 349 222 350 94 353 97 226 100 101 358 103 355 228 106 233 236 235 110 242 120 121 122 123 124 125
60 1 2 7 9 270 271 272 146 275 18 280 281 154 284 29 285 162 34 292 294 39 296 40 41 45 48 177 176 307 180 309 181 56 57 314 189 317 64 193 322 67 323 337 210 214 345 221 350 355 102 230 360 361 235 112 114 242 248 250 255
60 130 261 262 263 5 9 137 267 139 269 143 144 146 20 151 23 152 30 159 32 289 35 166 168 298 46 178 307 52 183 186 190 193 322 70 326 200 204 76 334 335 207 80 81 82 214 219 97 226 354 100 102 233 236 110 113 116 119 248 249
65 261 262 8 11 144 16 145 278 22 24 26 27 284 285 158 30 159 289 164 293 168 41 50 307 52 180 53 309 312 314 316 317 190 192 322 66 68 67 71 328 332 206 78 336 81 212 214 87 344 94 350 226 356 357 101 359 360 235 109 111 243 244 121 126 127
66 4 6 265 266 139 269 14 147 151 25 282 157 32 35 166 167 296 41 298 173 48 306 307 179 311 184 185 312 59 188 61 190 317 316 72 331 332 77 334 208 81 338 339 86 215 88 90 219 91 220 221 351 224 98 227 229 230 232 239 113 115 243 117 118 124 126
68 129 257 259 132 4 136 8 139 267 14 271 272 16 146 18 148 20 277 280 25 152 286 31 288 32 289 38 39 40 169 166 43 175 50 182 184 316 318 190 62 194 329 330 75 76 80 83 213 214 343 344 341 91 92 224 226 357 231 105 235 240 113 114 117 248 252 254 127
60 265 137 139 9 15 144 273 23 279 281 283 33 34 36 166 169 300 45 46 47 175 178 51 181 182 311 56 187 191 63 320 70 72 200 329 77 207 336 209 80 213 343 89 217 92 222 95 355 356 361 235 107 238 112 115 245 246 247 248 255
60 5 262 264 11 140 13 12 272 276 149 279 31 159 292 166 169 171 304 49 176 178 309 181 55 313 188 62 63 320 192 64 195 68 197 72 74 202 337 211 213 87 216 219 221 352 226 228 102 360 105 362 236 111 112 114 116 247 122 253 126
66 130 264 11 146 275 20 149 23 280 151 282 26 154 157 286 32 165 170 302 303 176 51 182 183 184 313 186 189 190 61 192 321 194 322 198 327 330 204 79 209 210 84 341 214 91 219 93 94 226 356 101 102 359 360 100 103 107 236 108 240 242 116 245 120 121 252
59 259 265 138 10 12 274 21 279 24 23 155 283 287 37 168 40 42 299 173 301 175 51 308 53 307 57 188 194 324 70 204 205 336 83 213 85 343 218 221 93 95 223 352 349 355 100 357 230 360 233 232 113 114 117 245 247 120 122 127
69 128 257 130 129 4 131 11 139 14 270 18 278 154 27 29 30 31 161 289 164 166 39 294 297 169 43 44 174 177 308 309 180 182 187 316 189 60 63 188 321 195 68 324 327 201 202 334 79 85 343 89 217 218 91 221 225 353 228 358 103 232 361 105 362 108 243 248 122 253
60 262 263 264 9 10 134 14 143 16 146 18 21 281 26 27 283 155 35 291 293 38 163 40 299 44 173 303 48 47 307 52 181 57 318 192 67 196 327 329 201 203 332 204 330 336 337 211 212 213 343 220 95 360 112 113 242 115 121 252 254
68 128 257 259 5 262 265 9 266 138 275 19 147 24 28 157 33 34 163 295 41 171 46 47 177 306 308 187 316 317 193 194 322 330 331 76 205 78 334 82 212 85 86 87 90 91 218 94 351 224 354 100 357 102 231 232 101 234 228 109 238 248 249 250 123 124 253 254 255
84 128 257 2 130 262 263 8 137 135 139 18 146 148 21 277 151 23 274 25 150 28 157 158 287 286 289 290 285 292 40 297 168 43 171 46 47 175 307 56 57 184 315 316 190 322 344 198 199 201 91 80 337 83 212 340 86 343 341 345 89 90 220 221 350 92 87 97 98 227 99 357 358 356 104 232 234 107 235 230 110 243 245 251 253
57 256 129 4 5 134 7 8 265 138 266 140 13 270 267 9 19 22 23 278 26 285 166 296 171 172 299 46 51 181 182 310 183 186 59 188 317 192 66 323 197 330 333 81 210 85 88 217 99 236 237 111 240 116 247 119 251 253
57 128 8 9 266 272 149 152 281 32 291 292 167 295 41 172 174 48 305 50 310 54 312 184 186 60 61 64 65 194 330 76 337 82 212 342 88 345 92 93 94 224 97 228 229 102 103 357 106 111 240 241 244 246 119 248 254 255
58 2 131 260 133 8 264 140 12 275 148 277 22 279 20 278 283 285 157 166 167 297 298 41 299 46 177 50 179 182 311 183 317 190 322 72 75 76 77 204 79 336 340 216 219 93 95 224 225 226 354 100 230 359 234 108 243 115 124
71 259 260 133 7 136 10 266 18 147 276 22 279 23 25 156 29 157 159 288 33 290 164 38 167 173 45 301 48 49 178 306 52 184 60 189 320 325 326 70 327 330 203 75 202 206 79 204 81 338 83 341 86 343 345 346 218 221 224 355 101 102 231 361 233 235 107 108 110 246 248 252
57 4 134 7 8 263 10 138 149 153 25 284 158 32 35 297 171 43 301 47 181 54 310 56 312 316 317 62 190 188 322 323 70 76 205 77 334 336 208 333 339 84 341 342 87 90 99 358 359 233 106 110 240 242 243 123 254 255
69 255 257 130 259 135 11 267 13 270 143 272 17 146 279 281 155 285 30 31 286 291 163 165 42 299 180 55 183 313 186 59 188 57 318 194 195 322 327 72 73 74 329 200 203 333 79 208 209 82 210 83 339 342 337 348 349 224 353 98 99 355 101 103 105 237 110 242 244 127
71 259 131 261 134 135 136 139 140 14 271 19 20 278 23 280 281 282 155 27 157 285 159 160 288 34 35 164 37 39 299 171 301 175 48 177 305 51 178 53 310 311 57 186 59 188 189 191 320 67 199 330 331 206 213 343 217 218 90 95 224 100 230 102 105 361 234 109 240 246 251 125
65 128 2 134 262 137 266 267 12 269 271 274 150 280 281 284 157 30 159 288 33 287 163 167 170 299 44 300 173 307 308 54 185 315 188 63 322 325 201 74 203 332 333 78 207 334 335 210 340 85 87 88 217 346 350 355 229 101 231 104 236 238 112 113 117 251
64 256 131 133 5 7 264 8 6 136 140 18 21 150 152 155 285 158 159 160 161 157 163 32 295 168 40 296 302 47 303 50 308 53 181 189 190 317 71 328 205 334 77 338 339 342 89 346 223 353 98 230 232 105 360 361 241 114 115 244 119 248 251 123 253
58 128 129 258 131 260 5 136 9 264 268 15 280 281 26 152 155 32 288 291 167 40 298 299 300 173 178 181 182 191 192 321 65 67 196 327 71 203 204 205 77 335 339 215 216 219 92 349 351 105 233 235 238 111 241 243 244 125 254
55 130 2 269 143 15 146 147 277 150 152 154 283 29 288 32 41 169 170 172 173 308 310 311 185 318 69 198 72 74 336 209 210 339 212 93 91 348 349 220 223 352 224 226 355 227 101 358 103 98 243 245 117 247 126 255
