551 112
49 1 2 9 10 13 15 17 18 21 26 27 30 31 32 35 38 39 45 50 51 52 57 58 61 64 65 66 70 71 72 73 77 78 79 80 82 86 87 88 91 93 95 96 100 101 103 110 111 112
50 2 4 8 9 10 11 12 15 21 22 24 26 27 30 32 33 34 36 38 39 40 45 47 48 56 57 62 66 68 69 70 72 76 80 84 85 88 90 93 96 97 98 99 101 102 104 107 110 111 112
58 4 5 6 8 11 12 13 20 21 22 24 28 29 32 33 34 36 37 38 40 42 47 52 54 58 63 64 66 69 70 72 73 74 75 76 77 78 79 80 81 82 83 84 85 89 90 91 93 94 95 98 100 104 105 106 107 109 110
68 2 3 4 7 9 10 11 12 13 14 15 17 18 20 21 23 24 25 26 29 34 36 38 41 44 45 46 48 49 50 51 52 53 55 56 58 59 61 62 65 66 68 69 74 75 80 81 82 86 87 89 90 91 93 94 96 97 100 101 102 105 106 107 108 109 110 111 112
57 1 2 4 8 9 10 12 16 17 18 23 24 27 29 32 35 37 39 46 47 49 50 51 52 53 55 56 57 58 59 60 61 63 66 68 71 72 73 74 78 81 82 83 85 86 88 89 93 94 95 96 97 98 103 106 108 109
57 2 3 4 6 10 11 16 17 18 20 22 23 24 27 29 30 33 34 35 40 41 42 43 44 48 49 52 54 55 57 58 61 66 67 74 75 76 77 85 86 90 91 93 94 95 96 97 98 99 102 103 104 106 107 108 110 112
54 1 6 7 8 10 11 12 14 19 21 23 24 25 30 32 34 35 37 38 39 44 48 49 51 54 56 57 58 60 62 64 67 68 71 74 75 77 80 81 82 83 88 90 91 92 93 97 99 100 102 105 106 109 110
52 1 2 3 6 8 10 15 16 17 18 20 24 25 29 30 35 40 41 42 44 46 47 49 51 52 54 56 63 64 66 67 70 73 74 77 79 82 83 86 89 90 93 97 98 99 101 104 105 108 109 110 111
61 5 6 9 11 13 15 16 17 19 21 22 23 24 27 29 31 34 35 36 37 39 40 44 45 46 47 48 49 52 53 58 59 60 61 64 65 67 69 72 73 74 75 77 78 82 83 84 85 89 90 93 95 96 97 99 100 102 104 105 110 112
56 1 2 5 6 7 8 9 10 12 16 19 21 24 25 27 28 30 31 35 36 37 38 40 42 44 45 46 47 50 51 52 53 54 58 60 61 66 68 69 72 75 76 78 79 80 83 86 87 88 89 97 98 102 103 106 112
45 3 4 5 8 12 14 17 18 19 21 22 27 29 41 43 46 48 51 58 60 63 66 67 68 70 71 74 76 78 80 81 84 85 88 89 90 92 95 96 98 100 103 106 111 112
62 3 4 5 6 7 11 15 16 17 20 24 26 27 30 31 33 34 35 37 38 39 41 43 44 45 46 47 48 54 59 60 63 65 67 68 69 71 72 75 76 77 78 81 82 83 85 87 88 89 90 94 95 97 98 99 103 104 105 107 109 111 112
49 2 5 9 10 11 13 14 19 20 21 24 25 26 29 31 32 36 37 38 39 42 44 48 49 50 51 57 60 62 71 72 73 74 75 76 80 81 83 85 86 89 90 93 95 96 102 103 111 112
55 1 2 3 5 6 8 12 13 20 21 22 23 26 27 29 30 33 35 36 38 39 40 41 42 45 51 52 53 55 56 59 63 68 70 72 73 74 76 77 80 81 82 86 92 93 94 95 96 97 100 104 106 108 111 112
50 1 2 5 6 7 11 13 14 15 22 26 28 31 35 37 38 39 41 42 44 45 47 48 51 52 54 55 57 59 61 63 64 65 66 68 69 71 72 78 80 84 85 86 93 97 99 102 105 107 112
54 2 4 5 6 9 11 13 15 16 18 20 21 23 26 29 31 32 33 34 35 36 40 46 47 48 51 53 56 58 61 63 64 70 71 72 74 75 76 80 82 83 84 85 87 89 90 94 95 96 97 102 105 106 108
67 1 3 4 8 11 12 13 16 17 18 19 20 22 25 26 27 30 31 32 35 36 39 41 42 43 44 45 47 48 49 51 55 57 58 59 60 61 62 63 64 65 66 67 71 73 74 75 78 82 83 84 86 87 89 91 94 95 96 99 100 101 104 105 106 107 109 112
54 1 5 6 7 9 12 13 14 15 17 19 20 22 24 26 30 31 32 35 37 40 43 47 48 49 51 53 54 55 56 57 59 60 64 65 70 71 74 75 77 81 86 90 94 96 97 98 100 104 105 107 110 111 112
58 2 3 4 6 7 8 9 16 17 18 19 24 25 26 27 29 31 32 33 35 36 37 38 39 43 46 47 50 53 57 59 60 61 64 65 66 67 68 72 74 75 76 77 81 85 86 88 89 93 96 100 103 104 105 106 110 111 112
55 1 2 3 5 6 9 11 13 14 18 19 20 22 24 27 29 34 35 36 44 46 49 50 56 57 60 66 71 74 75 79 81 82 83 85 87 88 89 90 94 95 96 97 98 99 101 102 104 105 106 107 108 109 110 111
64 4 6 7 10 11 13 15 16 21 23 27 28 29 30 32 33 34 37 38 39 41 42 45 47 48 50 52 54 56 57 60 61 63 64 65 68 70 71 73 74 75 78 79 80 82 83 84 90 91 93 94 95 98 99 100 101 102 103 104 105 107 109 110 111
59 1 4 5 8 10 14 16 18 20 21 22 24 25 26 27 29 30 31 35 38 40 41 42 43 45 49 53 54 57 59 60 61 62 64 67 68 71 72 73 74 75 78 79 86 87 91 92 94 98 100 101 102 103 104 105 106 107 111 112
56 4 6 8 10 11 14 15 16 17 18 21 24 27 28 32 33 34 35 37 40 41 43 50 51 52 54 55 56 57 58 61 63 64 65 66 68 69 72 74 76 80 81 82 83 85 91 92 95 97 104 105 107 108 109 110 111
54 3 4 7 8 9 10 15 16 18 20 23 25 30 32 33 35 36 40 41 43 44 46 47 48 53 54 57 58 59 60 61 64 66 67 73 75 76 77 79 81 82 84 86 88 93 96 98 101 102 104 105 108 110 111
50 4 8 12 15 16 19 20 23 24 26 28 30 32 33 35 37 39 40 44 46 48 51 52 55 56 57 58 59 61 65 66 69 70 71 74 76 82 84 85 88 89 94 96 97 98 100 104 107 108 109
59 1 2 4 5 8 9 10 11 13 14 17 19 20 22 24 27 30 31 32 33 34 35 36 37 39 40 41 42 46 47 48 52 53 55 57 61 63 65 67 68 70 75 76 83 87 89 90 94 96 97 100 101 103 106 107 108 109 110 111
55 2 3 5 8 9 10 12 15 17 18 20 22 23 26 29 30 33 35 36 37 41 42 43 44 49 55 56 57 58 59 62 64 65 67 68 69 70 72 75 81 82 83 84 87 90 94 95 96 104 105 106 108 109 110 111
48 4 5 6 7 9 10 13 15 17 19 20 21 22 23 24 26 27 29 31 34 40 42 43 45 46 48 49 50 51 56 59 61 62 67 70 77 79 80 83 93 94 95 96 97 100 110 111 112
58 1 2 4 6 9 11 14 15 16 19 20 22 24 27 33 37 38 40 42 44 45 49 50 51 53 54 57 58 59 62 66 69 70 71 74 75 76 78 81 83 84 85 86 87 88 89 91 92 94 95 96 100 101 104 105 106 107 108
48 3 5 8 10 14 16 17 18 25 26 33 39 40 43 46 48 49 50 52 55 56 57 58 60 61 64 65 66 67 68 69 70 74 75 76 79 80 82 86 87 88 91 95 100 102 106 107 108
61 3 5 6 7 8 9 11 13 14 15 16 17 19 21 22 24 25 27 29 30 33 35 36 38 39 40 41 43 44 45 48 51 53 55 56 57 58 59 63 65 67 74 76 79 80 83 84 86 88 89 90 92 96 98 99 100 102 106 108 109 112
60 2 3 5 7 9 12 16 17 19 21 22 23 24 25 26 27 28 29 32 33 34 36 37 40 44 45 47 49 50 51 55 56 57 61 62 68 69 71 72 74 76 77 78 80 82 87 88 91 94 95 96 97 98 100 102 103 104 106 110 112
60 1 3 5 7 8 10 12 13 14 15 16 17 18 20 21 25 29 32 33 36 38 40 41 42 43 45 46 47 48 49 50 52 53 54 57 58 59 67 68 69 70 71 76 78 79 80 81 86 87 88 89 90 97 104 105 106 107 109 111 112
61 2 5 9 10 11 14 15 16 17 18 19 22 23 25 26 27 28 29 31 32 34 35 36 40 41 45 51 53 58 59 61 62 64 67 68 69 71 74 75 76 78 79 80 81 83 84 86 90 92 94 96 97 98 99 103 104 108 109 110 111 112
53 2 3 9 10 12 13 17 18 19 21 23 25 26 27 29 30 32 36 38 39 42 43 45 47 49 51 52 53 59 60 61 64 65 70 76 79 82 84 85 86 87 89 90 92 93 97 100 105 107 108 109 111 112
52 2 3 9 11 12 13 14 15 16 19 20 21 23 28 29 30 31 35 40 42 43 45 46 47 48 49 54 56 59 60 61 65 67 68 70 71 73 76 77 80 83 85 87 90 91 94 96 98 102 104 108 109
55 2 4 5 6 7 8 9 10 12 14 15 16 21 23 25 27 29 30 32 34 35 36 37 45 49 50 51 52 55 65 66 67 69 70 71 72 73 74 75 76 79 81 84 85 89 91 92 93 99 100 102 105 106 107 111
60 1 3 6 7 12 15 16 19 20 22 23 24 25 27 28 30 33 34 36 37 39 41 43 44 46 48 49 50 53 54 55 56 58 59 61 62 64 66 70 72 73 74 79 81 82 83 85 88 89 91 95 96 98 99 100 104 105 107 108 110
64 5 6 7 10 13 14 15 17 19 20 21 22 23 25 27 29 31 32 33 34 37 38 39 41 43 44 48 51 55 57 58 59 60 63 65 66 67 71 73 74 75 76 79 80 81 82 83 84 85 86 89 91 93 96 97 98 99 101 102 104 107 108 109 110
55 1 4 5 11 12 14 16 17 18 19 23 24 25 26 27 28 30 36 38 39 42 43 45 51 52 56 58 59 62 63 67 68 70 71 72 74 76 78 82 84 87 88 91 92 94 96 97 98 99 100 104 105 107 109 112
61 3 4 6 7 10 11 14 18 19 20 22 23 24 34 36 37 40 42 43 44 45 48 50 52 53 54 56 57 58 59 60 61 62 63 64 65 68 70 73 80 81 84 85 86 87 88 89 90 91 92 95 96 100 102 103 105 107 108 109 111 112
47 1 2 5 6 8 10 12 13 16 17 18 23 30 32 33 34 35 39 42 44 45 46 49 50 53 55 59 60 61 63 64 71 72 77 78 79 83 88 93 94 95 97 98 99 100 104 109
55 4 7 9 11 12 13 14 16 17 18 21 22 24 25 27 28 29 30 31 34 39 43 46 49 51 52 55 57 60 62 63 64 65 70 71 72 73 76 77 79 80 81 82 83 84 87 91 92 93 94 96 97 102 109 111
55 1 2 5 7 8 12 17 18 21 23 29 31 33 34 35 36 37 38 41 42 45 46 48 53 55 56 57 60 66 68 69 70 71 72 73 74 77 81 82 85 86 90 92 93 94 96 98 101 103 104 105 106 107 109 112
62 1 3 4 6 7 8 9 10 13 14 15 17 19 20 21 22 23 25 30 31 32 34 37 38 47 48 50 51 52 54 55 59 60 63 69 72 73 74 75 77 80 81 82 84 87 88 89 90 92 93 94 95 96 100 101 102 104 105 106 107 109 110
51 1 3 6 7 8 9 10 11 12 13 20 22 23 25 28 29 30 31 39 40 42 48 50 51 53 55 59 61 62 66 67 69 70 71 72 73 76 78 80 83 85 89 97 98 100 101 102 103 105 108 111
46 1 3 5 7 8 10 12 13 20 23 25 30 32 36 37 38 40 41 42 48 51 53 55 56 57 58 59 62 64 65 70 71 74 77 80 83 85 87 93 97 99 101 105 106 107 108
56 9 13 15 16 17 22 23 25 26 28 32 34 36 37 39 40 41 44 46 47 49 50 51 56 57 58 59 60 62 64 65 71 72 73 74 75 77 78 79 80 81 86 87 91 93 94 96 99 101 102 104 105 106 109 110 111
53 1 3 5 6 11 14 15 16 21 22 24 25 27 31 34 36 39 40 41 42 43 46 49 52 57 59 61 64 66 68 69 73 75 76 77 78 79 81 82 83 86 87 88 90 91 93 94 96 98 101 102 103 110
58 1 2 3 10 11 13 14 17 20 21 22 23 27 31 32 36 37 39 40 41 42 45 46 47 48 52 55 59 60 61 62 63 66 67 70 71 73 78 79 81 82 83 87 88 90 91 92 93 94 96 99 103 104 105 107 108 111 112
46 2 3 4 5 7 10 11 12 14 17 18 22 25 29 35 36 39 40 42 43 44 47 51 53 58 61 64 65 67 69 70 76 78 82 83 87 88 90 91 93 96 97 99 101 106 110
55 6 7 10 11 12 18 19 20 21 24 25 26 27 29 30 33 35 38 41 42 43 44 45 46 47 48 50 52 53 55 56 57 59 61 62 64 71 73 74 81 82 85 86 89 90 92 95 96 99 100 103 104 106 110 112
50 2 8 11 13 15 16 17 19 22 23 26 35 36 39 40 41 44 45 47 49 53 56 57 61 63 69 70 72 73 75 76 77 79 80 81 83 85 87 88 89 90 94 96 99 101 104 108 109 110 112
65 1 4 5 7 8 10 15 20 21 23 24 25 27 29 33 34 35 37 38 39 40 42 43 47 49 52 53 55 57 60 61 62 63 65 66 67 69 70 75 77 79 81 82 83 84 85 86 87 88 89 93 94 95 96 98 99 100 102 103 104 105 108 109 111 112
57 1 4 7 8 10 11 12 13 15 18 19 23 24 27 28 30 31 35 38 40 43 45 46 47 48 49 50 55 56 58 61 63 64 67 68 69 70 71 72 73 74 75 76 81 83 84 85 90 92 93 94 99 103 106 107 110 111
54 1 2 3 4 7 9 11 12 14 19 21 22 25 26 28 29 31 32 33 40 42 43 44 46 48 50 51 52 55 56 58 59 61 68 70 75 76 79 82 83 87 90 91 93 96 98 101 102 103 105 108 109 110 112
52 3 6 7 9 10 13 14 19 22 23 24 27 28 29 33 36 38 39 40 41 42 44 45 47 50 51 52 55 57 58 60 65 67 71 74 78 81 84 86 88 90 91 92 94 95 97 100 102 104 105 106 107
60 1 3 6 8 11 12 13 14 15 18 22 23 24 29 30 31 34 35 38 40 43 44 47 50 53 54 57 58 61 62 63 64 65 67 69 70 71 73 75 79 80 81 82 85 86 88 94 95 98 99 100 101 102 103 104 106 107 108 109 112
59 2 3 6 9 10 11 13 16 17 18 21 22 23 24 26 28 30 34 35 36 37 38 39 40 46 50 51 52 53 54 55 56 58 59 61 62 63 65 68 69 71 76 78 79 80 81 82 83 84 86 88 89 92 94 96 101 102 104 110
64 1 2 3 4 6 9 11 12 13 14 16 21 22 24 25 26 28 29 30 33 36 38 39 43 45 46 48 49 53 55 57 58 60 62 63 64 68 69 70 71 73 76 79 82 83 84 85 88 89 90 91 96 97 99 100 101 102 103 104 105 106 107 109 111
58 2 3 4 9 10 11 12 13 17 20 21 24 25 26 30 33 34 36 38 40 41 46 47 48 54 59 60 61 62 66 67 68 69 71 72 75 77 78 79 80 81 82 83 85 86 90 91 99 100 101 102 104 105 106 108 109 111 112
50 1 4 7 11 12 15 16 17 19 22 23 24 26 28 29 31 34 37 38 39 42 44 45 47 49 50 55 58 62 67 72 73 77 78 79 80 81 83 86 88 89 92 98 101 102 104 106 107 109 110
57 1 2 3 7 8 15 16 17 18 20 22 24 25 26 27 31 32 34 35 36 37 38 40 41 42 47 48 51 54 55 59 61 62 63 64 65 66 70 72 73 74 75 78 82 84 85 87 88 89 91 93 95 97 98 100 101 108
62 2 4 6 7 9 10 11 13 17 18 19 20 21 22 23 25 27 28 31 32 34 35 38 39 40 41 42 43 44 47 49 52 55 56 57 58 59 61 63 65 68 70 71 72 74 80 83 84 85 87 88 90 92 95 96 97 98 99 101 102 103 104
66 1 2 4 5 6 9 11 12 13 16 17 20 22 23 24 25 27 29 30 31 32 33 34 36 37 40 42 45 47 49 50 51 52 55 56 57 58 59 60 61 65 67 69 70 74 75 76 79 80 82 84 85 87 91 96 97 98 99 101 102 106 107 108 109 110 112
57 2 3 4 6 7 9 10 11 12 16 17 18 20 21 25 26 28 32 34 35 37 39 40 41 42 47 48 50 51 53 56 58 62 63 65 66 67 68 69 72 76 81 82 84 86 91 92 94 95 96 97 98 99 100 101 109 112
50 1 2 3 4 5 10 15 18 21 24 32 35 36 39 40 42 44 45 49 50 51 54 55 57 61 64 66 67 68 72 73 74 76 77 78 81 82 83 86 87 88 90 95 96 100 102 104 108 109 110
57 1 4 5 6 8 10 14 16 17 18 21 22 25 26 27 29 30 31 32 35 38 40 42 43 44 45 48 49 51 52 54 57 58 60 62 63 64 66 70 71 72 74 76 77 78 83 84 86 90 92 94 96 99 100 103 104 105
49 2 3 5 8 9 11 13 15 17 19 21 22 23 24 29 32 35 37 40 41 44 45 48 49 57 59 66 67 68 71 75 77 78 80 82 83 85 89 92 93 94 95 103 104 105 108 109 110 111
58 2 3 4 5 6 7 8 9 10 11 12 15 17 20 23 26 27 29 31 34 38 40 43 44 52 55 57 61 62 67 68 69 71 72 73 74 77 78 79 81 82 83 85 87 88 90 92 95 96 98 99 100 102 103 106 107 109 112
54 2 4 5 9 10 11 12 14 15 17 18 19 20 23 24 26 27 29 30 33 36 37 40 41 45 49 50 52 55 58 60 61 62 67 68 70 72 74 76 77 78 79 81 85 86 90 93 102 103 104 106 108 109 111
53 2 3 4 5 6 7 10 13 15 19 21 24 25 26 27 30 34 35 36 38 39 42 43 49 55 57 58 59 60 61 62 66 69 70 72 77 78 86 87 92 94 95 96 97 98 99 100 101 102 106 107 110 112
55 4 9 10 11 13 17 18 20 21 22 23 29 32 35 39 41 44 45 49 50 51 52 54 57 60 61 67 69 70 71 73 74 75 76 77 78 79 81 83 84 87 88 89 90 92 93 95 96 103 104 105 106 108 111 112
62 2 4 6 10 11 15 16 17 18 19 20 21 25 27 31 32 34 35 36 37 38 39 41 42 43 44 45 46 47 48 49 51 53 54 57 58 59 62 67 68 69 70 71 73 74 75 77 78 79 80 81 86 97 99 100 101 103 105 108 110 111 112
52 2 4 7 8 10 11 12 13 14 15 17 26 27 31 32 34 36 37 38 39 41 49 50 51 52 53 55 56 58 60 63 64 65 69 70 71 74 76 78 81 85 90 91 93 95 96 98 101 103 105 107 108
46 1 4 7 8 11 13 14 17 20 21 24 27 32 33 38 39 40 42 44 47 54 56 59 63 66 67 70 71 72 73 77 78 80 83 84 87 88 91 95 98 101 104 105 109 111 112
52 6 8 12 15 16 19 20 22 28 29 30 31 36 37 40 42 45 47 51 53 54 55 56 58 59 60 61 63 65 67 68 69 70 71 76 77 79 80 81 84 85 87 91 95 97 98 101 102 105 108 110 112
55 1 2 3 10 11 14 16 17 20 22 27 29 32 33 37 38 40 41 42 43 44 47 50 51 52 55 57 59 60 62 63 65 68 69 70 71 74 75 78 81 83 84 88 89 90 93 94 98 100 101 102 103 105 108 110
67 1 5 6 8 9 10 12 13 16 17 18 21 23 24 26 27 29 30 31 32 33 34 36 37 39 41 42 43 44 48 50 55 56 57 58 59 61 62 63 64 67 68 69 70 72 74 76 77 82 84 85 87 88 90 91 94 95 97 98 100 101 102 104 107 108 110 111
65 3 4 6 9 11 14 20 22 24 27 28 29 30 32 34 37 38 40 41 43 44 46 47 48 49 50 51 52 56 57 58 62 63 65 66 67 69 70 71 72 74 76 80 81 83 84 85 86 87 88 92 94 95 96 97 98 99 100 101 103 104 105 108 110 111
46 1 5 6 8 12 15 16 18 19 20 21 23 30 33 42 45 46 47 50 51 54 55 60 62 65 67 70 72 74 75 77 79 80 81 82 86 87 88 92 93 99 100 101 104 106 111
57 1 4 5 6 7 8 12 13 17 18 19 20 21 22 23 24 25 27 28 29 32 35 38 39 46 47 51 52 53 56 57 60 62 65 66 67 71 74 77 78 80 81 82 84 85 86 88 90 96 97 98 99 105 108 110 111 112
59 1 2 7 9 13 14 16 17 18 20 25 26 29 31 34 35 36 38 39 40 42 43 45 46 48 50 51 53 57 59 61 62 66 67 68 70 71 73 74 79 80 81 83 86 87 88 89 90 93 95 97 99 101 102 106 107 108 110 112
54 1 6 7 8 10 12 13 14 16 17 20 23 24 26 29 32 33 35 36 37 39 42 43 45 52 53 54 56 59 61 65 67 68 69 72 74 75 78 79 80 81 82 84 86 88 89 96 100 103 104 107 108 110 112
65 3 4 13 14 16 18 22 26 27 29 30 31 34 37 39 42 43 44 45 47 49 50 51 53 54 55 60 61 64 65 66 67 68 69 70 73 74 77 78 79 80 81 83 84 85 86 87 90 91 92 93 94 95 96 97 100 101 102 103 104 105 107 108 109 112
63 5 7 8 9 10 11 12 13 15 17 19 20 22 23 25 26 30 32 33 34 35 39 41 42 43 47 48 51 55 56 57 58 59 62 64 65 67 70 74 75 76 78 79 82 83 84 85 88 90 91 92 93 95 97 98 100 101 104 106 108 109 111 112
55 4 8 13 14 18 20 22 27 28 30 31 45 48 49 50 51 53 55 56 57 58 59 61 62 63 65 66 67 68 69 72 73 75 78 79 84 85 86 88 89 90 91 92 93 95 96 98 101 103 105 107 108 109 110 111
58 1 3 4 6 9 10 11 12 13 14 15 18 19 20 21 22 24 28 31 32 35 36 39 40 41 42 43 44 46 48 51 53 55 56 59 65 66 71 72 73 74 76 79 81 82 84 85 86 87 90 91 96 97 99 102 103 104 112
58 1 3 4 6 7 8 9 10 11 13 14 15 16 19 23 26 31 33 34 35 37 39 41 42 44 46 47 48 52 55 56 58 61 64 66 67 69 70 71 72 75 76 77 79 81 88 91 92 93 96 97 98 102 104 105 106 107 112
55 3 6 7 10 11 12 13 15 19 20 22 24 25 28 30 31 32 33 35 36 41 42 43 45 46 49 50 51 52 56 57 58 61 63 66 70 76 77 81 83 84 86 87 88 91 92 93 94 97 98 99 103 106 110 111
50 3 5 7 8 9 10 11 12 13 20 24 32 38 39 41 42 43 45 47 52 53 54 60 63 64 66 68 71 73 74 75 76 77 79 80 83 84 85 86 91 92 97 98 99 101 103 107 109 110 111
61 1 3 5 6 8 9 10 11 14 16 17 19 24 25 26 27 28 30 31 33 35 39 40 41 42 47 49 50 51 52 53 54 61 63 65 67 68 70 72 74 77 80 81 83 84 85 88 89 90 91 95 96 97 99 102 104 105 106 107 108 109
63 1 2 3 4 6 8 9 12 14 16 17 18 21 23 26 27 30 31 32 35 37 38 39 40 42 43 46 47 49 50 51 53 56 62 65 68 72 73 75 76 77 79 81 82 83 84 85 87 90 94 95 97 98 100 101 103 106 107 108 109 110 111 112
61 1 2 3 4 5 6 8 9 10 14 15 19 20 21 34 36 38 40 43 44 45 46 47 48 49 50 51 55 56 57 58 59 60 63 66 68 69 70 73 74 75 80 81 82 83 85 88 91 93 95 96 99 101 102 104 105 107 109 110 111 112
51 2 3 5 8 11 12 13 14 16 17 18 19 21 22 26 29 31 32 33 34 35 36 40 42 43 44 45 46 51 52 54 55 57 59 61 62 68 69 74 76 78 83 85 91 93 94 98 104 108 110 112
50 1 4 6 7 8 11 15 17 19 21 22 25 27 28 30 31 34 35 37 38 39 40 43 44 47 48 50 55 60 62 63 65 66 67 72 75 76 79 80 82 83 85 87 89 95 96 100 102 107 108
61 1 2 3 4 5 7 11 13 15 19 20 21 23 26 27 28 31 32 33 34 35 36 37 40 43 44 45 46 48 49 50 52 53 54 55 60 62 63 67 69 71 72 74 75 77 78 83 85 89 90 91 94 96 100 101 103 107 108 109 111 112
55 1 5 7 8 10 11 14 19 21 23 24 27 29 30 32 34 35 37 38 40 42 50 51 52 54 56 59 61 63 64 66 67 70 73 75 77 78 79 80 83 87 88 89 92 93 94 95 96 98 99 101 103 107 109 111
51 2 3 4 6 11 12 14 15 18 20 22 23 24 26 27 28 29 31 34 43 51 52 53 54 55 56 60 61 68 71 72 73 77 79 80 81 83 84 87 89 91 92 93 94 96 99 100 105 109 111 112
47 1 3 10 17 18 25 29 30 31 32 34 35 37 39 41 43 44 46 49 50 51 53 54 56 64 67 72 73 74 76 77 78 79 80 81 83 86 89 91 92 98 100 102 103 104 109 111
52 1 2 6 8 10 12 13 14 17 18 21 22 24 25 27 29 30 31 36 38 39 42 45 49 51 55 58 59 61 62 63 64 67 68 71 72 74 78 85 86 87 88 89 91 92 93 98 100 102 104 109 110
57 2 5 6 7 8 11 16 19 23 24 25 26 28 29 31 32 33 34 38 42 43 44 45 50 55 57 60 61 62 63 65 66 67 68 70 74 76 77 78 79 83 85 88 90 91 92 93 94 95 97 98 99 100 103 106 110 111
53 2 4 8 9 10 11 12 14 15 17 18 19 21 22 26 29 30 32 36 40 41 42 43 44 46 48 50 51 52 54 57 61 63 67 68 72 75 80 82 84 86 87 88 93 94 97 98 102 103 104 105 106 111
58 2 3 6 7 9 16 17 20 21 24 25 27 29 30 31 32 36 37 40 42 43 47 49 50 52 53 54 56 61 62 64 67 68 71 72 74 75 76 78 79 85 86 88 91 94 95 96 97 98 100 101 102 103 105 107 108 109 111
53 1 3 4 12 13 14 16 17 18 19 21 22 27 29 31 32 33 37 39 44 45 46 47 48 51 54 56 57 59 62 65 68 69 71 74 75 76 78 80 83 85 89 90 91 97 98 99 101 105 106 110 111 112
54 2 3 5 8 9 10 13 14 16 17 18 21 22 24 25 27 28 29 31 33 34 41 42 43 44 45 48 51 58 59 60 61 62 66 67 68 72 75 76 78 79 80 82 83 84 85 88 96 98 99 103 104 105 106
56 5 8 9 10 14 15 18 24 25 26 28 29 31 34 35 36 37 38 40 45 46 47 48 49 50 52 53 54 57 60 64 65 66 68 69 70 72 75 76 78 80 81 87 88 90 92 95 98 102 103 105 106 108 109 110 112
58 2 3 5 6 8 9 10 11 13 16 18 19 20 21 23 25 30 33 34 37 41 42 43 44 47 48 49 52 55 58 59 60 62 63 64 73 74 76 78 81 82 85 86 87 90 91 94 96 97 100 101 102 104 106 107 108 109 112
48 2 3 7 8 12 13 15 16 17 21 22 23 26 27 28 32 34 36 37 41 42 43 49 52 53 57 61 62 64 65 71 73 74 75 78 87 88 91 92 93 94 95 98 102 103 108 109 111
60 3 7 8 9 11 13 15 19 22 23 25 26 27 28 29 32 34 37 42 43 44 45 46 47 49 51 54 55 56 58 60 62 63 64 65 66 67 70 72 74 75 76 78 79 80 84 86 87 90 91 93 97 103 104 106 107 108 109 111 112
50 1 2 3 4 8 9 11 15 16 17 18 20 22 23 27 32 34 35 36 37 38 39 42 43 45 46 49 53 55 60 65 67 70 71 72 74 78 83 86 88 91 94 95 96 97 101 105 107 108 110
46 1 3 5 10 17 20 21 22 23 26 28 32 35 38 41 42 46 48 52 56 58 59 61 63 65 66 68 71 72 73 75 76 79 81 85 87 88 90 94 99 100 107 108 109 110 111
61 1 4 6 8 11 12 14 15 16 18 22 24 25 28 29 32 36 37 38 39 41 42 43 46 47 49 50 51 53 55 56 57 58 60 61 63 66 69 73 74 78 81 82 83 86 87 91 92 93 95 96 99 101 102 103 104 105 106 108 109 112
51 1 2 5 7 9 12 13 16 17 18 22 23 24 28 29 34 36 38 39 41 42 47 49 51 52 55 56 58 61 64 69 72 80 83 84 87 88 90 91 93 95 97 98 103 104 105 106 109 110 111 112
59 2 3 4 5 6 13 14 18 19 22 23 24 26 31 33 34 39 42 44 45 48 50 53 54 55 56 57 58 60 61 62 65 67 69 70 71 73 76 78 79 80 83 85 86 89 90 91 92 93 94 95 97 101 102 103 104 105 108 110
66 1 2 5 7 8 12 13 14 15 17 18 24 25 26 27 29 31 34 36 37 39 40 43 44 45 48 49 51 52 53 54 55 56 59 61 62 63 64 65 66 68 69 70 72 77 78 79 80 81 82 83 87 91 92 93 94 95 96 97 98 104 105 106 107 108 111
48 2 5 8 9 10 11 14 19 23 24 25 26 28 30 35 41 43 47 54 55 56 57 58 59 63 66 72 76 79 81 83 84 87 89 92 93 96 97 98 99 100 101 102 103 105 106 108 112
49 2 3 4 5 8 14 15 16 19 20 22 23 27 28 29 40 42 45 47 49 52 56 58 59 61 62 63 64 65 69 70 72 73 74 79 81 84 85 86 90 92 93 94 95 96 98 102 103 104
52 1 3 6 7 9 14 16 17 18 19 21 24 25 27 33 36 37 41 45 50 52 53 58 62 63 64 66 69 70 71 72 74 77 78 79 82 83 84 86 89 91 92 94 95 96 97 99 101 105 109 111 112
50 3 4 5 6 7 14 17 18 25 26 27 29 30 32 35 36 37 40 41 43 44 45 52 54 56 61 64 67 70 71 72 79 85 87 91 92 94 97 98 99 100 101 102 105 106 107 109 110 111 112
55 1 2 8 10 14 15 17 18 23 24 25 28 29 31 33 35 36 37 38 39 40 41 42 47 48 51 55 56 59 61 65 67 68 70 71 72 73 74 76 77 78 80 82 83 84 86 93 94 95 98 99 103 107 108 110
59 1 3 4 5 6 7 11 12 22 25 28 29 31 32 33 34 35 38 39 40 41 42 43 46 47 48 49 52 56 57 59 60 61 62 65 66 67 70 73 75 77 79 80 82 86 87 88 89 90 93 95 97 98 99 101 103 106 109 111
53 2 4 6 7 8 9 11 15 16 18 19 20 22 23 26 27 29 31 40 41 42 43 46 51 52 56 61 62 65 67 70 72 73 74 75 79 80 82 84 85 88 90 91 92 93 99 100 101 103 107 110 111 112
49 1 5 8 9 10 13 14 18 20 23 25 26 28 31 32 34 39 41 43 45 46 47 50 52 54 57 60 63 64 67 71 73 74 75 76 78 79 81 82 83 84 85 91 93 96 98 100 107 111
55 1 9 10 11 12 14 17 20 21 22 23 26 28 29 31 33 35 38 45 48 53 54 55 56 57 58 60 62 64 65 66 68 69 71 74 76 81 82 83 85 86 87 90 91 93 95 97 98 106 107 108 109 110 111 112
52 1 6 7 8 9 10 11 12 13 15 17 28 29 31 33 38 40 42 47 48 50 51 52 55 56 57 64 65 66 67 68 69 70 72 75 78 79 81 85 86 87 88 90 91 94 95 97 103 106 108 111 112
52 2 3 5 7 8 10 15 19 20 24 26 27 28 29 31 33 34 37 38 40 45 46 49 53 54 55 57 61 62 65 66 69 70 71 75 77 82 83 84 85 88 90 91 92 95 97 98 99 100 101 103 108
56 2 5 7 9 10 12 13 15 16 18 19 20 21 22 24 25 27 28 29 31 32 33 36 37 38 43 45 46 50 51 55 58 60 61 64 65 66 68 69 78 82 83 85 87 91 92 93 95 97 98 101 105 108 109 111 112
52 1 3 4 5 6 8 9 10 11 12 14 15 16 17 19 20 22 23 24 25 26 27 32 33 35 38 40 41 43 44 48 51 53 55 57 59 61 65 69 70 71 74 79 80 83 85 89 93 94 95 99 100
61 1 2 5 6 8 9 11 14 15 16 18 22 26 27 28 29 31 33 35 36 38 39 41 42 43 44 46 47 49 50 52 55 56 57 60 65 66 70 71 76 77 78 79 80 84 88 90 91 94 95 97 99 100 102 103 107 108 109 110 111 112
59 1 3 8 9 11 13 14 18 20 21 23 24 26 27 29 30 33 34 35 36 37 38 39 42 44 52 53 55 57 58 61 62 63 64 65 67 69 73 74 75 76 77 78 79 85 87 90 91 92 93 96 97 98 100 103 104 105 107 111
57 1 4 5 9 10 11 12 13 15 16 17 20 21 23 25 28 29 31 32 33 34 37 38 39 40 41 43 44 46 49 51 54 57 58 63 64 65 70 72 74 75 77 79 81 83 88 91 92 93 94 95 96 97 99 101 102 110
57 1 3 7 9 10 11 14 15 22 23 27 29 30 33 34 36 37 39 40 41 46 47 51 52 53 55 56 57 58 59 61 64 70 71 72 74 78 80 81 82 83 84 85 87 88 89 93 95 98 101 103 105 107 108 109 110 111
60 1 4 7 13 16 17 19 20 22 26 27 31 32 33 34 38 39 40 43 45 46 47 48 50 52 53 54 55 57 59 62 64 65 66 67 68 69 72 73 76 79 80 81 82 83 85 86 88 90 92 95 96 97 98 103 104 105 108 111 112
52 2 4 5 6 8 10 11 14 17 19 20 21 24 27 29 30 31 36 37 40 43 44 47 48 49 52 53 54 57 62 63 65 68 73 74 75 76 77 78 80 81 85 88 89 91 95 96 97 103 104 107 111
59 1 4 5 6 7 8 9 10 11 15 16 17 18 19 20 31 33 37 38 39 40 41 43 44 45 48 49 50 51 52 54 57 58 59 60 61 63 68 69 71 74 76 77 79 82 83 88 90 93 94 96 97 99 100 103 104 106 107 111
54 1 3 5 9 11 13 17 18 19 20 24 26 30 31 34 36 37 41 42 43 45 46 52 55 57 60 61 63 66 69 72 74 75 76 77 78 82 83 84 85 86 90 91 94 98 99 100 102 103 106 108 109 110 111
57 1 4 7 8 9 10 12 13 14 15 16 18 20 21 24 25 26 27 31 34 35 38 39 42 45 48 51 53 54 55 56 57 60 63 69 71 72 73 75 76 77 78 81 82 84 86 87 88 91 94 97 102 103 104 105 109 111
52 5 6 7 8 12 14 15 17 20 32 34 35 36 38 39 41 42 44 45 46 50 53 54 55 57 58 59 60 62 63 66 69 71 76 77 79 81 82 84 85 87 89 91 94 95 96 97 98 99 100 104 112
58 2 4 6 7 8 10 19 20 21 22 23 24 26 27 28 35 37 40 42 43 45 46 56 60 62 64 65 68 69 71 72 73 75 76 79 80 81 82 83 84 85 87 88 89 92 93 94 95 98 99 102 104 105 107 108 109 110 111
53 1 3 4 6 8 10 12 16 18 21 24 27 31 32 33 34 35 36 38 39 40 42 44 46 49 51 53 54 56 60 61 63 65 66 70 71 74 75 84 85 87 89 92 96 97 100 102 103 105 106 108 109 110
64 1 2 8 9 12 14 16 18 19 21 22 23 28 29 31 32 33 34 40 41 42 45 46 48 50 51 53 54 56 57 59 61 62 64 65 66 67 68 71 72 73 74 75 76 77 78 80 82 84 86 87 88 89 92 94 102 103 105 106 107 108 109 111 112
49 1 11 12 15 17 21 27 29 32 35 37 38 39 40 41 42 44 48 49 54 55 56 58 63 65 66 68 70 71 72 73 74 78 80 83 84 85 92 93 97 98 104 105 106 107 108 109 111 112
48 2 7 9 11 13 14 20 21 22 25 28 32 33 38 40 41 42 43 48 49 63 64 65 66 67 68 70 73 75 81 86 87 88 89 90 92 94 97 98 99 100 102 103 107 108 109 110 111
52 3 4 7 8 10 11 13 15 22 23 26 27 28 31 35 36 38 41 42 43 47 50 51 52 53 59 62 64 66 70 72 73 76 78 81 82 83 84 85 87 88 89 91 93 96 97 98 101 104 105 107 108
54 3 6 8 10 11 14 15 16 17 19 23 25 26 28 30 31 32 34 35 37 38 41 44 46 47 50 53 57 58 61 63 70 73 76 77 79 80 82 83 84 89 90 92 93 95 98 100 105 106 107 108 109 111 112
57 3 6 8 9 10 11 15 19 23 26 27 32 33 34 36 38 39 41 43 45 47 49 53 55 56 58 61 62 64 66 67 70 71 72 73 74 75 77 79 80 82 83 85 88 89 90 93 94 95 96 98 99 103 105 107 108 111
51 2 3 4 6 7 10 11 14 17 22 23 25 26 31 32 39 40 44 45 46 49 51 53 54 55 56 58 61 62 63 66 70 72 73 78 82 83 84 85 90 91 92 94 95 100 102 103 104 105 107 108
63 1 2 3 5 6 8 13 15 16 17 18 19 23 24 25 27 28 29 32 34 35 37 38 39 40 41 42 45 46 49 50 51 54 56 58 60 61 62 63 70 71 72 74 76 77 79 81 82 83 84 89 90 91 92 93 96 99 100 101 102 106 108 109
48 3 6 9 10 12 13 15 16 20 22 27 28 30 31 32 45 49 50 51 52 53 55 56 57 58 60 61 66 67 70 74 78 80 85 88 91 93 94 96 98 99 100 103 105 106 108 110 112
49 1 10 11 13 14 18 19 24 26 28 32 35 38 39 41 43 44 47 49 50 51 55 57 58 61 62 63 68 69 70 73 75 77 78 79 80 81 84 86 87 90 92 94 95 96 99 103 105 110
52 2 3 7 8 10 16 18 19 20 21 22 25 32 33 34 36 39 40 41 44 45 47 49 50 51 55 57 59 60 61 63 71 74 75 78 80 81 82 84 90 91 92 94 95 96 98 100 102 103 106 107 111
56 1 2 3 5 7 8 9 10 12 13 15 17 18 19 20 21 27 30 36 38 40 44 45 46 48 49 54 55 57 66 67 68 70 73 75 76 77 78 79 80 82 83 90 92 93 96 97 99 100 102 104 105 106 108 109 112
59 4 7 9 11 12 13 14 15 19 24 25 26 27 28 30 31 32 33 34 35 36 37 40 44 46 47 48 49 50 51 52 53 55 58 62 63 65 67 69 71 73 75 77 78 79 80 82 83 88 92 95 96 103 104 105 107 108 109 112
51 2 4 14 15 19 21 22 23 24 28 33 40 43 44 46 47 49 50 53 55 56 57 60 65 67 68 70 71 74 76 77 78 79 82 84 85 86 93 94 95 97 98 99 102 105 107 108 109 110 111 112
48 10 13 18 22 23 24 28 29 31 34 42 45 47 48 50 52 54 55 57 58 59 61 65 68 69 70 75 77 78 79 80 83 84 85 87 89 90 93 96 98 99 100 104 106 108 109 110 111
53 3 5 6 7 8 9 10 14 17 19 21 25 31 36 39 40 41 43 44 45 46 50 52 53 55 58 59 61 62 63 64 72 73 74 77 81 83 84 86 87 90 91 92 94 98 99 101 102 103 104 105 107 108
50 2 3 4 7 8 9 12 17 18 20 24 27 29 30 31 33 35 36 38 39 41 43 44 45 48 51 53 54 55 56 57 67 68 72 74 75 76 79 80 84 89 91 98 99 102 103 105 106 111 112
64 1 2 4 5 6 7 8 9 13 14 15 17 19 23 24 25 26 29 31 32 33 35 36 37 39 40 41 43 45 49 50 53 55 56 57 59 61 62 63 64 65 68 70 72 76 77 81 82 83 84 85 86 88 90 91 92 96 99 100 101 106 108 109 111
50 2 4 9 10 11 13 15 19 20 22 24 28 29 35 38 39 42 44 46 48 52 53 54 55 57 60 62 63 69 73 74 75 77 79 80 81 83 85 86 87 89 93 97 99 100 101 104 105 108 111
50 1 2 4 7 13 15 16 17 18 20 21 23 24 26 29 30 31 38 39 41 43 49 51 55 60 63 67 68 70 74 77 78 79 82 84 86 87 88 90 91 92 93 96 102 104 105 108 110 111 112
65 2 4 7 8 11 13 14 16 17 18 20 22 26 27 29 32 34 35 37 39 40 42 43 44 46 47 49 50 52 53 55 56 58 60 61 62 63 65 67 70 72 75 77 80 81 83 84 85 87 88 89 90 91 94 95 96 97 98 101 102 107 109 110 111 112
54 1 2 3 5 6 7 11 12 14 20 22 27 28 32 34 35 37 39 40 42 43 45 46 47 53 54 55 57 60 61 62 68 69 70 74 76 79 80 83 84 85 86 87 88 90 91 92 96 99 100 101 105 108 109
54 1 4 6 7 9 13 18 21 28 31 33 37 39 40 44 46 47 50 51 55 56 59 60 61 64 65 67 68 71 73 74 77 78 80 81 83 84 86 88 91 92 93 94 95 97 99 101 102 104 105 106 107 111 112
54 2 3 5 10 11 14 15 16 20 24 25 26 28 33 34 35 36 37 41 43 44 45 46 49 50 53 54 55 63 64 65 66 68 69 72 73 75 77 83 85 87 88 89 93 96 97 99 100 102 103 104 107 110 111
59 1 2 6 9 10 12 13 14 17 20 23 24 25 27 30 32 36 38 42 43 44 45 48 49 51 52 53 56 60 62 63 64 65 67 70 71 72 73 75 76 77 78 79 81 82 87 88 90 92 93 95 96 98 101 102 105 107 108 112
62 3 6 7 8 9 10 12 14 16 17 19 20 23 25 26 27 28 29 31 33 35 37 39 40 41 42 46 47 48 49 50 51 52 53 54 55 56 57 59 63 69 71 72 73 74 75 76 79 82 84 85 89 90 91 98 99 100 101 103 107 110 112
60 2 3 4 7 8 10 12 13 14 16 17 18 19 22 25 26 27 29 31 33 39 40 41 44 45 47 49 50 52 54 55 56 57 58 59 61 63 64 65 69 73 74 75 76 77 79 81 85 86 89 90 91 92 94 98 102 104 107 108 111
55 3 4 5 6 10 11 13 14 19 21 23 25 26 27 28 34 37 38 39 40 41 43 44 47 48 49 51 53 57 58 64 65 66 67 68 71 72 73 74 82 88 89 91 95 97 98 99 101 102 103 104 105 106 107 111
48 2 3 4 6 8 9 10 12 19 20 22 29 34 41 42 46 47 52 53 54 55 57 59 61 62 64 67 68 69 70 76 77 78 82 86 87 88 89 93 98 100 102 104 105 107 109 110 112
50 1 2 6 7 10 11 17 18 21 23 29 30 33 34 35 38 41 42 43 48 50 51 52 53 55 57 61 62 64 65 70 71 72 73 79 81 82 87 88 89 91 94 95 98 99 101 104 106 108 112
64 2 5 6 7 8 10 12 13 15 16 19 20 21 23 24 25 26 27 28 29 31 32 33 35 39 41 42 44 45 48 49 50 52 53 55 56 59 60 62 64 67 68 69 71 72 75 79 80 83 85 86 92 93 94 96 99 101 103 105 107 108 109 110 112
61 1 2 4 6 7 10 11 14 17 21 23 24 25 28 30 31 32 36 37 38 39 40 43 46 48 49 50 52 53 54 56 59 62 64 66 69 71 72 74 75 76 77 78 81 82 83 84 85 86 87 89 91 92 93 97 101 104 107 109 110 112
61 1 2 3 5 6 7 8 9 10 13 16 17 18 20 21 22 24 26 32 34 35 36 37 38 40 42 43 49 50 52 54 55 57 64 65 66 67 68 71 75 77 79 80 81 83 84 85 86 87 89 90 91 94 96 97 98 99 101 109 110 111
57 1 2 3 4 5 6 7 9 11 12 13 15 17 20 23 30 31 35 36 38 40 41 44 49 50 51 53 54 55 56 61 62 64 66 67 70 71 72 75 77 78 79 80 81 82 83 84 85 89 91 96 97 99 100 104 107 108
64 2 3 7 9 11 14 15 16 17 18 19 20 21 26 27 29 31 33 34 35 36 37 40 42 43 44 47 49 50 51 53 54 55 56 60 62 63 64 69 73 75 76 77 78 80 81 82 84 86 87 90 92 93 95 96 99 100 101 104 105 106 107 111 112
63 2 3 4 5 6 9 10 11 14 16 17 18 19 20 23 24 25 26 28 32 33 35 37 41 42 43 44 45 47 50 51 52 55 56 57 59 61 64 65 66 67 68 78 81 82 84 85 86 88 89 90 92 94 95 96 97 100 103 106 107 108 109 110
57 4 7 8 9 11 12 13 14 15 16 17 23 27 28 29 31 32 33 34 38 40 41 42 43 45 50 51 53 54 56 62 64 65 69 72 73 75 78 80 84 85 88 91 92 94 96 97 98 99 101 102 104 105 106 107 109 111
60 1 3 6 7 10 11 15 16 18 21 23 24 27 29 30 32 35 36 38 40 41 46 48 49 50 51 52 53 54 55 56 57 59 60 61 62 64 70 71 72 73 74 76 79 80 81 85 87 88 91 94 95 97 101 104 105 106 107 109 110
51 3 6 9 11 13 14 17 18 22 23 24 27 28 30 31 33 34 35 36 37 38 40 43 44 48 49 50 51 54 56 60 61 62 66 69 70 72 74 75 77 80 82 83 85 87 94 101 102 105 106 108
54 1 3 6 7 9 10 13 14 15 16 18 20 23 25 26 27 28 29 34 37 43 49 55 58 59 61 62 63 65 67 68 70 71 75 76 77 78 80 83 85 88 90 94 95 98 99 102 103 105 107 109 110 111 112
59 1 2 3 6 9 10 11 12 13 14 15 16 19 21 25 26 28 30 31 36 41 42 45 46 48 50 52 53 55 56 58 59 61 65 66 71 73 76 78 79 81 84 85 86 90 92 94 95 96 97 99 100 101 102 103 104 106 109 112
51 7 9 13 14 16 19 21 22 25 27 29 33 34 35 36 37 40 41 42 43 44 45 46 47 49 54 56 64 71 74 75 77 78 80 81 83 84 90 92 95 97 98 101 102 103 105 106 107 108 110 111
60 1 2 3 6 7 8 9 10 11 12 13 14 15 20 24 26 27 28 30 32 34 37 38 39 41 42 44 47 50 51 54 55 58 59 60 61 63 64 65 69 70 72 73 74 81 82 85 88 90 91 92 95 97 99 101 102 106 107 108 109
50 1 3 4 6 7 8 11 16 22 23 27 30 31 33 34 35 37 38 39 46 49 52 54 57 58 60 62 63 64 65 68 70 71 72 74 75 79 82 83 88 92 95 97 99 102 103 105 109 110 111
53 2 3 4 6 11 12 13 16 17 18 19 21 23 24 28 31 36 37 38 39 41 46 47 52 53 54 57 63 64 66 70 72 73 74 77 78 81 84 85 87 88 90 92 93 96 97 99 100 102 103 110 111 112
60 2 4 6 9 10 12 14 15 16 17 21 22 27 28 29 30 31 32 33 34 35 41 42 43 45 48 49 51 52 55 56 58 60 62 63 64 66 68 70 73 75 76 78 80 81 84 85 87 89 91 92 93 95 96 100 101 103 106 107 109
55 1 4 8 10 12 13 17 18 20 26 27 28 29 30 31 32 34 37 39 41 43 45 46 47 51 56 59 61 62 64 65 67 69 70 71 72 73 77 78 79 80 83 84 85 89 91 92 93 95 97 99 101 103 105 111
46 1 2 3 17 18 20 21 25 26 28 29 30 33 34 36 37 40 48 50 52 53 57 58 60 61 62 64 66 73 77 78 80 82 85 87 88 89 90 92 93 95 96 97 98 99 104
50 1 2 4 5 6 8 17 19 20 23 24 25 28 29 35 36 40 41 46 47 49 50 52 54 55 57 65 66 68 69 70 72 75 77 79 83 86 87 89 90 91 92 94 96 100 102 105 107 110 111
51 6 7 9 11 12 17 18 19 22 24 26 27 29 32 36 37 38 39 44 51 52 53 56 57 61 64 65 67 72 75 76 78 80 81 83 89 90 91 94 95 97 99 100 101 102 103 107 108 109 110 111
53 1 3 4 5 6 7 9 11 12 18 20 21 26 27 31 34 35 36 37 38 39 47 48 49 50 53 54 61 63 66 70 71 72 74 75 77 78 79 80 81 82 84 85 87 88 94 95 99 102 103 106 109 111
55 3 4 6 8 9 10 11 12 14 15 16 17 18 19 20 21 23 25 26 27 28 29 31 32 39 41 44 47 48 51 52 53 54 56 57 62 64 66 71 78 79 80 81 84 95 96 98 101 103 104 105 106 107 108 110
62 4 5 6 8 11 13 15 17 18 19 24 25 27 28 34 35 36 38 40 41 43 45 46 47 48 49 50 51 52 53 54 56 58 60 61 62 63 66 67 69 72 73 74 75 78 79 83 85 87 88 89 90 91 92 95 98 99 100 104 109 110 111
56 1 4 6 7 8 10 11 12 15 16 17 18 20 21 26 28 29 31 32 33 34 35 36 37 38 39 40 41 45 52 54 55 60 63 69 71 72 74 82 83 87 88 90 94 95 96 97 98 99 100 101 103 105 108 110 112
53 1 2 3 5 6 7 11 12 13 15 16 17 20 21 22 23 24 28 31 32 35 36 37 38 39 40 41 43 46 51 53 54 56 60 63 69 75 76 78 79 80 82 84 85 86 94 97 98 100 101 102 106 109
63 2 3 5 7 8 9 10 12 14 15 16 17 19 21 22 24 25 26 27 28 31 33 35 36 37 38 39 41 42 43 46 48 49 51 54 55 56 57 59 60 63 64 71 74 77 78 80 81 82 83 85 86 87 89 91 95 100 102 103 104 105 109 112
55 1 3 4 6 7 8 11 14 15 16 17 18 19 20 24 25 26 32 33 34 39 41 44 47 49 51 52 53 54 58 59 60 64 65 66 67 68 70 72 73 77 78 84 85 87 89 90 92 94 96 97 102 103 105 109
54 1 2 3 4 5 8 9 11 12 13 14 17 20 21 22 23 26 27 28 32 33 34 35 36 42 44 45 46 47 51 52 54 55 60 61 64 66 70 72 73 75 79 83 85 89 92 95 96 98 99 101 106 109 111
56 2 6 7 9 10 11 16 21 22 23 24 25 26 27 28 31 32 33 35 36 38 40 41 42 45 46 47 48 51 52 53 54 55 57 59 62 66 67 76 79 83 84 85 86 87 89 90 91 95 98 102 103 104 107 108 110
65 1 2 4 5 6 7 9 10 11 13 17 20 22 24 25 27 28 29 30 31 33 35 37 40 41 42 45 48 49 52 59 63 64 65 66 67 68 69 70 71 73 74 77 78 79 80 81 83 84 85 87 90 93 94 95 97 99 100 101 103 104 105 107 108 109
58 1 2 5 7 8 9 10 12 13 16 17 18 19 20 21 23 24 27 29 30 33 35 36 37 38 39 41 42 43 47 48 51 54 55 60 62 63 64 67 70 73 74 76 77 78 79 80 81 86 87 88 93 95 96 101 106 109 112
65 1 2 4 5 6 8 10 12 14 16 17 19 20 21 23 24 25 26 27 28 29 30 31 32 33 34 37 39 41 43 45 46 49 55 56 57 58 59 60 66 67 68 69 70 71 73 74 80 81 82 84 87 89 91 92 96 99 100 102 104 105 107 110 111 112
62 3 4 7 11 14 15 21 22 24 26 27 28 29 30 31 32 34 35 37 38 42 44 46 47 50 51 52 53 54 55 56 60 63 65 66 70 71 73 76 81 82 83 84 85 86 87 89 90 92 94 95 96 97 98 100 101 103 104 108 109 110 112
56 1 7 8 11 12 13 14 18 21 25 26 27 28 32 33 35 37 40 41 43 45 46 49 51 54 56 58 61 62 64 65 67 68 69 70 72 74 76 77 80 81 82 84 87 88 89 92 95 97 99 101 104 108 109 110 111
59 1 2 3 4 6 7 9 10 11 13 17 20 21 22 23 25 26 28 29 32 35 36 38 40 44 46 47 48 49 50 51 54 55 56 57 58 60 64 66 67 69 70 71 73 76 77 82 84 87 89 91 97 99 100 103 107 108 109 112
58 2 5 6 7 8 10 11 13 17 19 20 24 25 27 29 30 37 38 40 41 44 45 46 49 50 53 54 56 60 62 64 65 68 71 75 76 77 79 81 84 86 87 88 90 91 92 93 98 99 100 101 102 103 105 108 109 110 112
54 1 9 10 11 12 13 14 17 20 21 24 25 26 34 37 38 40 42 43 50 51 53 56 60 62 64 65 66 68 70 71 72 73 76 83 86 89 90 91 92 93 94 95 96 98 103 104 105 106 107 109 110 111 112
57 1 2 4 5 6 8 10 12 17 18 19 22 25 26 28 30 31 33 34 35 36 37 39 40 41 42 44 45 51 54 55 57 58 59 62 65 68 71 75 79 80 81 84 86 88 90 92 95 100 101 102 103 105 106 108 110 112
57 1 5 6 7 9 10 11 12 20 21 23 26 27 28 29 30 31 32 33 36 40 41 44 45 46 48 50 51 52 56 61 63 65 69 70 71 72 74 76 77 78 79 80 82 85 88 89 90 91 99 101 102 104 107 109 111 112
67 1 2 3 4 8 9 10 12 15 17 18 20 22 24 25 26 28 29 33 34 36 37 38 41 42 44 47 48 49 50 51 52 53 54 56 58 59 62 63 65 66 67 69 70 71 72 75 76 78 86 87 88 90 91 92 93 95 96 98 101 102 103 106 108 110 111 112
63 1 2 3 4 6 8 11 13 14 16 17 18 20 23 24 25 26 27 29 30 33 35 36 38 39 44 45 46 51 52 55 56 57 63 66 70 71 72 73 74 79 80 82 83 84 85 87 88 89 90 91 92 96 97 98 100 101 103 104 106 107 110 111
53 2 4 5 6 7 13 16 19 22 23 24 25 26 27 28 30 31 34 35 38 40 41 42 45 53 54 55 56 58 59 60 63 64 66 73 74 75 77 82 83 87 89 95 96 97 101 103 104 106 109 110 111 112
66 1 2 3 6 8 11 12 14 15 16 17 18 20 23 25 27 29 30 31 33 37 38 39 41 42 43 46 47 48 49 50 51 52 53 54 55 56 58 59 60 61 63 64 65 68 69 70 76 77 79 80 81 83 87 88 89 91 93 96 101 102 104 105 109 110 112
64 1 2 4 6 7 8 9 14 16 17 18 22 23 24 25 26 29 30 31 32 34 37 38 42 45 47 49 51 53 56 57 58 60 62 63 64 66 67 70 72 73 74 78 79 80 81 83 85 86 87 88 91 92 95 98 99 100 103 104 105 107 109 111 112
51 1 7 8 10 11 12 13 14 17 21 24 25 26 36 37 40 43 44 48 50 53 56 57 59 60 62 64 65 67 68 73 75 79 80 83 84 85 88 89 91 92 93 95 97 99 106 107 108 109 110 112
55 1 2 4 6 7 10 11 12 13 15 18 21 22 25 27 29 30 34 37 38 40 41 43 44 45 46 50 51 54 55 56 58 60 61 63 67 70 71 74 75 76 78 82 86 88 90 95 97 98 99 100 103 104 111 112
60 1 3 4 6 7 8 9 10 14 16 18 19 20 26 27 28 32 34 35 38 39 46 50 54 55 57 59 60 63 64 65 66 67 68 69 71 73 78 79 80 81 82 84 85 87 88 89 91 93 94 95 96 99 100 101 102 103 106 108 110
52 7 8 9 11 12 13 14 15 18 19 23 24 25 26 27 28 33 35 40 41 42 43 49 50 54 55 58 60 61 62 65 67 69 70 71 74 76 77 79 82 84 87 91 92 93 94 95 97 98 100 103 109
53 1 2 3 5 10 11 12 14 15 17 24 27 28 29 34 39 43 45 48 51 52 53 55 57 58 59 61 62 63 65 66 67 68 69 70 74 76 77 79 80 81 82 85 94 95 96 97 98 100 101 104 108 109
59 2 3 5 6 7 8 9 10 11 15 16 18 19 22 23 25 27 28 30 36 38 39 41 43 45 46 48 53 56 57 60 63 64 65 66 68 74 75 76 78 79 80 81 82 83 84 85 86 89 92 93 98 101 103 104 107 109 110 112
56 4 8 12 13 17 18 19 20 21 24 25 31 32 33 34 35 38 40 43 45 46 47 50 55 56 57 58 59 60 61 65 66 67 68 69 73 74 76 86 87 89 90 92 93 96 97 101 103 104 105 106 108 109 110 111 112
52 2 3 4 9 10 12 13 14 15 16 17 18 20 21 22 23 24 26 29 34 38 40 41 44 46 47 53 57 59 62 63 67 68 69 70 75 77 79 81 84 88 89 90 95 99 101 104 107 108 109 110 112
54 4 5 6 7 12 14 15 16 17 18 21 24 26 29 31 35 36 37 41 45 46 48 49 51 52 55 56 58 59 65 67 72 73 75 77 80 82 84 86 90 91 92 94 95 97 99 100 101 103 106 107 108 110 111
53 6 8 9 10 14 15 18 20 22 24 25 26 27 32 34 38 40 41 42 45 46 49 50 51 54 56 57 58 62 63 64 69 72 73 74 76 79 81 83 84 89 91 92 94 98 101 102 105 106 108 109 110 112
51 1 2 5 6 7 12 15 17 19 20 22 23 26 28 30 31 32 34 37 39 40 42 43 44 48 50 52 54 57 66 67 68 69 76 77 78 79 86 89 95 97 98 99 102 103 104 106 108 109 110 111
55 3 7 11 12 13 14 15 16 17 19 20 25 27 29 30 31 32 33 34 38 40 43 44 47 48 49 50 54 55 57 58 60 61 62 63 66 68 71 73 75 76 77 80 82 83 84 86 88 89 90 92 99 102 109 111
55 2 4 6 10 12 13 14 15 16 19 20 21 23 24 27 32 33 34 36 37 39 40 42 43 49 53 54 56 57 58 60 61 66 67 69 80 82 83 84 85 86 87 89 91 93 95 99 100 102 103 105 106 109 111 112
55 2 3 7 8 11 19 20 27 28 30 31 32 34 36 39 40 41 42 43 44 45 46 48 51 52 54 57 58 61 62 65 72 73 74 77 78 80 84 85 86 87 88 89 91 93 94 96 97 98 100 101 105 106 110 111
55 2 3 4 5 8 11 16 17 18 20 22 23 24 25 28 33 34 35 36 37 38 40 43 44 45 48 49 50 51 53 57 62 63 64 65 73 76 77 78 79 80 83 85 91 92 94 95 97 99 101 103 104 106 107 110
44 3 6 9 15 16 18 21 23 26 27 34 35 36 42 43 48 53 55 56 57 59 60 61 62 68 70 71 72 73 75 79 83 84 85 86 87 88 89 98 101 102 106 107 108
53 4 8 13 17 19 20 23 24 25 30 33 34 39 40 43 44 45 46 47 48 49 52 53 54 55 59 63 64 66 68 73 74 77 78 79 80 81 82 83 85 86 89 90 91 92 95 98 99 101 106 107 108 109
58 3 4 5 13 15 17 18 20 21 22 24 25 27 29 30 31 34 35 36 37 38 40 41 42 43 50 52 53 54 56 59 61 62 63 65 66 67 69 71 73 79 81 82 83 86 87 90 92 94 98 99 101 102 104 105 106 111 112
61 2 5 6 8 9 10 11 12 13 14 17 18 21 24 26 27 28 30 31 32 34 35 38 40 41 43 44 45 47 49 50 54 55 56 59 61 63 67 68 71 72 73 75 76 77 79 81 84 85 86 91 92 94 98 100 101 102 106 108 109 110
58 1 2 5 7 9 10 11 12 14 20 21 23 24 26 27 29 37 38 40 41 43 44 45 46 47 49 50 53 57 58 59 61 66 71 72 77 79 82 85 87 88 89 91 93 94 95 96 98 99 100 101 103 104 105 107 108 110 111
55 7 8 10 11 13 14 15 16 18 21 22 24 28 29 32 35 38 40 42 43 46 47 49 52 56 58 61 63 64 67 68 72 73 74 75 77 79 80 81 82 83 85 88 89 91 92 97 98 100 103 104 109 110 111 112
57 3 5 6 7 10 11 12 16 20 22 23 26 27 28 29 31 35 36 38 39 44 45 46 47 48 50 51 52 55 56 57 59 61 63 64 67 68 71 72 73 74 78 79 80 81 82 83 84 86 88 89 96 97 102 103 104 105
59 1 2 3 4 8 9 10 15 20 21 22 23 26 28 33 34 35 37 40 43 44 46 47 49 50 51 53 54 57 61 64 65 66 67 68 70 72 74 75 77 78 79 80 81 82 83 84 89 92 93 94 100 102 103 106 107 108 111 112
55 1 3 4 5 6 7 8 11 12 14 15 17 24 26 28 35 37 39 42 47 50 52 55 58 59 60 62 66 69 72 73 74 75 76 78 82 83 84 85 86 90 93 94 95 97 100 101 102 103 104 105 106 107 111 112
59 4 9 10 11 15 17 18 20 21 22 24 25 27 30 33 34 38 40 41 44 45 46 47 48 50 51 53 54 56 57 58 59 60 62 64 65 73 75 76 78 81 83 84 85 86 88 89 90 91 97 99 102 105 106 107 109 110 111 112
57 1 2 3 4 5 6 9 11 12 13 15 17 18 19 21 23 28 29 31 32 35 37 39 40 42 43 44 49 52 56 57 63 65 66 67 71 76 77 80 82 88 90 91 92 94 97 100 101 102 103 104 105 106 109 110 111 112
49 2 3 4 5 7 10 12 16 18 19 22 23 25 29 31 33 36 38 39 44 46 47 55 56 58 59 63 65 67 70 71 73 77 79 81 83 89 92 96 97 98 99 101 105 106 107 108 111 112
67 1 2 3 4 5 7 9 10 17 18 20 21 22 23 24 25 27 28 32 33 34 35 36 37 39 40 41 42 43 44 47 48 50 52 54 56 58 61 62 63 64 65 66 67 70 72 77 80 81 82 83 85 86 90 91 92 93 94 96 97 99 102 103 105 106 109 112
55 2 5 9 10 11 12 14 15 17 18 22 23 24 25 26 27 29 31 32 36 41 44 45 47 48 49 51 52 53 54 56 58 59 61 62 64 65 67 68 70 71 83 86 90 92 94 96 98 99 101 104 106 108 110 112
59 1 3 4 6 7 10 13 16 20 21 23 24 26 27 28 30 31 33 37 42 43 45 47 53 54 56 57 60 62 64 66 68 69 70 72 73 75 76 77 78 79 80 83 84 85 86 89 92 93 94 96 100 102 103 105 106 108 111 112
59 5 9 10 17 18 19 20 21 23 24 27 29 31 32 33 34 35 37 38 39 40 42 44 46 49 50 57 60 61 63 65 67 68 69 72 74 76 78 81 82 83 84 85 88 90 91 93 94 97 98 99 100 101 103 104 106 107 110 111
57 1 3 4 5 6 9 15 16 18 19 20 25 26 28 29 36 37 39 41 42 43 45 46 47 48 49 51 53 58 59 60 61 63 64 65 66 68 70 71 72 73 78 83 84 86 88 90 92 95 96 98 100 102 105 109 111 112
58 2 3 4 5 11 12 13 15 16 17 18 22 23 24 26 27 30 31 32 33 36 38 39 42 43 44 46 48 50 51 53 56 61 62 65 67 70 71 73 77 80 81 82 84 86 88 90 91 92 93 96 97 99 100 102 103 106 109
53 1 5 8 9 11 13 14 20 21 24 27 33 36 37 38 41 42 44 45 46 47 50 51 53 57 58 59 61 62 63 64 65 67 70 71 72 75 78 79 81 83 87 88 89 93 94 95 102 104 108 109 111 112
62 3 4 5 6 8 10 11 14 16 18 20 21 22 23 24 25 26 27 28 30 31 33 35 36 37 39 40 42 44 50 51 52 54 55 57 58 60 62 63 64 65 71 76 77 79 80 84 87 88 89 90 91 92 93 97 99 100 102 105 107 109 112
52 3 6 10 13 14 18 20 22 24 27 29 30 38 41 42 44 45 47 48 50 51 54 56 57 59 61 62 63 64 67 69 71 72 73 79 81 82 83 86 87 88 92 95 98 102 104 105 106 107 110 111 112
60 1 2 7 9 10 11 14 16 19 22 23 24 25 26 27 29 31 33 34 38 39 41 43 46 50 51 52 53 54 55 58 59 60 63 68 70 71 72 73 74 75 77 78 79 81 82 84 85 89 90 92 93 94 95 98 101 102 103 108 112
59 2 4 6 7 8 10 12 14 15 19 21 24 25 26 29 30 31 33 34 35 36 37 38 42 43 45 47 49 51 57 58 59 61 62 63 65 66 67 70 71 73 74 76 78 79 80 82 83 84 85 86 87 89 93 96 99 101 106 110
49 8 9 13 14 18 20 21 26 29 30 31 33 36 39 40 41 44 48 50 51 54 56 59 60 62 63 64 66 70 71 72 74 75 83 84 88 89 90 91 97 98 99 100 105 106 107 108 109 112
56 1 3 6 7 9 10 11 12 18 19 24 25 28 29 32 33 35 37 39 40 41 42 43 45 46 51 53 55 57 58 59 60 61 64 69 71 74 76 79 80 83 84 86 87 88 89 90 93 94 95 97 99 101 104 106 110
46 5 7 8 10 11 16 23 24 25 28 29 30 32 34 35 38 42 43 46 53 54 56 61 62 64 65 66 67 70 71 74 78 79 80 82 85 92 93 94 97 99 100 102 105 109 111
56 1 2 7 8 9 12 14 18 19 22 24 26 28 30 31 33 35 41 44 45 47 49 51 56 57 58 59 60 64 65 66 67 69 70 71 72 73 74 75 78 79 85 86 89 90 91 93 95 98 100 101 104 108 109 110 112
50 2 4 7 8 10 11 13 15 17 21 22 28 32 33 36 38 41 43 44 45 46 48 50 53 54 59 63 65 66 67 68 69 70 71 72 73 78 79 81 84 88 90 92 94 95 105 107 109 111 112
53 1 2 5 6 9 10 11 12 15 16 18 19 21 22 23 25 27 28 30 35 36 39 45 46 47 49 50 52 54 55 58 59 63 64 69 71 73 74 79 83 91 92 93 96 97 98 101 102 103 106 108 109 110
57 1 2 3 5 6 7 8 10 11 16 17 19 20 22 23 24 25 29 30 32 35 36 40 44 45 46 49 52 53 55 59 60 63 65 66 68 71 74 76 77 78 79 82 85 92 95 96 97 98 99 101 102 103 107 108 109 111
55 1 2 5 7 10 11 13 14 17 20 21 22 23 25 26 27 28 30 32 33 34 35 38 39 40 43 47 50 54 57 58 59 60 61 63 64 73 77 78 79 81 82 84 85 86 87 88 89 96 102 104 105 109 110 112
59 1 2 5 6 8 9 11 16 18 22 24 25 27 29 30 34 35 36 40 41 42 43 44 45 47 51 52 55 56 57 61 63 64 67 68 70 72 73 75 76 77 78 79 83 84 85 86 92 94 95 97 99 101 102 103 104 105 106 110
61 1 3 7 10 11 12 13 14 15 16 20 22 28 29 31 32 33 34 38 40 41 42 43 44 45 46 47 48 52 54 55 56 58 60 64 65 66 69 74 75 77 78 79 80 81 82 83 84 85 88 90 91 94 95 96 98 100 103 105 108 109
52 1 2 3 7 9 16 22 24 28 30 34 35 36 37 38 39 41 42 43 49 50 53 55 56 57 59 66 71 72 73 74 75 76 79 82 83 85 87 88 90 91 92 95 96 97 99 100 101 106 109 110 112
51 1 3 4 5 6 7 8 12 14 18 19 20 21 22 28 34 36 37 38 39 41 42 43 44 51 52 55 58 60 62 63 65 66 67 72 73 76 77 79 80 81 82 83 85 93 97 105 106 107 108 112
64 1 3 5 9 10 11 13 15 16 17 20 21 23 25 27 29 30 31 32 33 35 36 38 40 41 42 43 45 48 54 55 56 57 58 59 60 61 62 64 65 69 70 71 72 74 75 82 83 85 87 88 91 94 95 97 100 101 102 104 105 108 110 111 112
48 3 4 5 9 11 13 14 15 16 21 24 25 29 30 31 33 34 36 37 43 48 50 52 53 54 55 56 57 62 67 69 70 71 72 73 74 87 92 94 95 98 100 101 104 107 108 110 112
64 1 2 6 7 8 9 10 13 15 16 18 19 20 21 25 26 27 28 29 30 33 36 38 39 41 44 45 46 47 50 53 54 56 58 59 60 62 63 64 65 67 69 71 73 74 78 80 81 82 85 87 88 90 91 92 93 94 97 98 103 105 106 109 110
60 2 3 5 9 10 14 18 19 20 21 23 24 25 26 27 28 29 30 31 32 33 34 38 39 42 44 45 48 50 55 56 59 60 61 63 64 65 66 67 71 72 73 77 78 80 82 83 85 86 87 91 94 97 100 103 104 105 106 107 110
56 1 2 3 5 7 8 9 10 12 13 15 17 18 19 20 21 22 25 26 28 33 35 37 41 43 44 46 48 54 67 68 74 75 76 77 78 81 82 83 84 85 86 87 88 89 91 92 93 97 98 103 104 106 107 109 112
50 2 3 4 5 6 7 12 13 15 16 17 18 20 22 25 28 29 32 36 41 42 45 48 50 51 53 55 57 59 62 63 64 66 67 70 71 72 76 83 84 85 86 89 93 96 98 102 105 109 110
56 1 4 5 6 9 10 11 12 14 15 16 18 19 20 21 22 27 28 29 31 32 38 40 42 45 47 48 50 52 59 60 61 65 66 69 72 74 75 79 87 88 90 94 95 96 97 99 100 101 105 107 108 109 110 111 112
60 1 4 7 9 11 13 14 16 17 18 20 22 23 24 30 32 34 37 38 40 45 46 47 49 50 51 52 53 56 57 59 61 62 63 64 66 67 68 71 72 73 74 76 78 79 80 82 87 88 89 90 91 96 97 100 104 108 109 110 112
55 1 2 3 7 8 11 15 17 21 24 27 29 31 39 40 41 42 43 44 46 48 49 51 52 53 54 57 61 62 63 66 67 72 73 74 75 76 79 80 82 86 87 89 91 92 93 95 96 102 105 106 107 108 111 112
51 1 3 6 9 11 12 14 15 18 20 21 23 25 29 32 33 34 38 39 44 45 50 53 55 57 59 64 66 67 68 69 70 73 74 77 80 82 83 84 92 93 94 95 96 97 100 102 103 105 106 107
54 1 8 10 12 15 17 22 23 25 28 31 32 33 36 37 38 42 44 45 46 49 50 52 55 56 58 62 64 65 66 68 71 73 74 76 77 78 80 81 82 84 87 91 92 94 95 98 99 102 104 107 108 109 112
56 2 3 8 9 10 17 19 21 23 24 25 26 28 29 36 37 38 41 42 44 45 47 51 53 55 58 61 62 63 64 65 66 67 68 71 72 73 74 76 77 79 81 82 86 88 89 90 92 93 94 95 97 103 104 107 111
49 2 4 8 13 14 15 16 17 22 24 25 26 27 30 31 33 39 40 41 43 45 46 47 49 51 53 54 55 59 60 63 68 72 73 75 76 78 83 88 89 90 97 98 99 104 106 107 110 111
61 2 4 5 8 9 10 11 12 13 17 20 26 27 30 31 32 33 35 37 38 40 41 42 45 46 47 49 50 54 56 57 59 60 63 65 66 67 68 69 73 74 76 77 80 82 85 87 89 91 92 93 97 98 99 100 101 102 104 107 109 110
64 4 6 9 10 12 14 16 18 19 20 21 22 23 25 28 29 33 35 36 38 39 41 45 46 47 48 49 50 52 58 61 62 63 64 65 66 67 70 71 73 75 76 78 79 81 85 86 87 88 91 92 93 95 96 97 98 100 101 102 106 107 108 109 110
59 1 3 6 7 8 11 13 15 18 19 21 22 25 26 27 29 32 34 35 38 40 41 42 43 45 47 48 49 50 51 52 54 55 56 59 60 63 68 69 70 71 72 78 79 80 82 83 85 88 91 93 97 103 104 105 107 108 110 111
59 3 4 6 7 8 10 12 13 15 16 18 20 22 23 25 31 32 34 35 36 37 38 41 42 48 50 52 54 57 58 61 63 65 67 68 69 70 73 74 75 76 77 78 79 80 82 83 84 90 91 92 98 100 101 102 104 107 109 110
55 1 3 4 6 7 8 11 12 13 14 16 17 18 20 21 26 29 34 35 36 37 40 41 42 43 45 47 48 54 56 57 61 65 67 68 70 72 73 76 77 79 83 84 88 89 91 94 96 99 100 101 102 105 106 111
54 2 3 7 9 10 11 14 23 24 28 30 31 32 33 37 38 39 40 44 45 46 49 53 56 57 59 61 63 64 65 66 67 68 71 74 75 76 79 84 85 86 87 88 89 93 94 96 97 98 104 106 110 111 112
51 1 2 5 6 7 8 9 12 13 17 20 24 25 26 27 30 31 32 33 34 35 38 39 40 41 42 45 49 51 52 54 55 56 57 61 62 70 71 76 77 79 81 86 87 92 100 101 103 107 110 111
54 3 5 6 9 10 11 15 16 17 18 19 23 25 26 27 28 30 33 34 36 37 39 40 42 43 45 47 48 49 50 51 54 55 66 67 68 70 75 76 80 81 83 84 86 87 88 90 99 100 101 104 107 109 111
60 1 2 3 5 8 9 12 13 16 17 18 19 20 21 22 24 26 28 29 30 31 32 33 34 35 36 37 38 39 40 41 43 46 47 48 50 51 53 57 58 59 60 63 64 71 76 81 82 83 84 85 89 91 93 99 101 104 109 110 112
61 3 4 6 7 8 9 12 15 16 18 21 22 23 24 27 28 29 34 35 36 37 38 39 40 45 47 50 51 52 59 60 61 64 65 66 67 69 71 72 73 79 83 86 87 88 90 91 94 96 99 100 101 102 103 104 106 107 108 110 111 112
54 3 5 6 7 8 9 11 16 18 20 24 26 29 30 35 36 37 39 40 44 45 47 49 53 54 56 60 62 63 65 66 68 69 70 73 75 76 78 79 81 90 93 94 95 96 99 100 102 105 106 108 109 110 111
56 2 3 4 6 8 9 10 11 13 14 16 17 22 28 32 34 36 37 39 41 42 43 44 45 47 49 50 52 53 55 57 59 62 64 65 69 70 74 84 85 87 89 90 93 94 95 97 99 100 101 102 103 104 106 107 110
58 1 2 3 4 5 6 8 9 10 12 14 17 23 27 30 33 34 35 39 40 44 45 49 50 52 54 58 59 61 64 66 67 68 70 71 73 74 75 76 79 80 81 88 89 90 93 96 97 98 99 101 102 103 104 106 107 110 111
64 1 2 3 5 6 9 11 14 17 20 23 25 26 30 31 33 34 37 38 39 42 43 45 48 50 51 52 54 55 56 57 58 60 63 65 66 67 70 71 73 74 75 76 77 78 80 81 83 84 86 88 91 95 96 97 98 99 101 104 105 106 107 111 112
65 1 3 4 7 8 11 12 13 16 18 19 20 21 24 25 26 30 31 32 34 36 37 38 39 40 41 42 43 47 49 51 52 53 54 55 56 57 60 63 64 68 73 74 75 76 79 83 84 85 87 88 91 93 94 96 97 99 100 102 104 105 106 109 110 111
60 1 2 3 4 5 6 13 18 19 20 23 28 31 32 33 34 35 36 38 41 43 47 48 49 52 55 58 59 60 66 67 68 70 71 72 74 75 76 77 78 83 85 86 87 88 89 91 92 94 96 97 100 101 102 104 107 108 109 110 112
64 1 2 5 7 12 14 15 17 19 21 28 30 31 33 34 35 38 39 40 41 42 43 45 46 49 51 54 55 56 57 58 60 61 62 63 64 65 67 68 70 80 81 82 85 86 88 90 91 94 95 96 97 98 99 100 101 103 105 106 107 109 110 111 112
60 1 2 6 7 13 15 16 17 20 22 23 25 27 32 33 35 37 39 40 41 42 43 47 50 51 52 53 56 57 58 59 61 63 67 68 73 74 75 79 80 81 82 83 84 86 87 89 90 94 96 97 98 99 100 101 103 106 109 111 112
59 2 6 8 10 11 13 14 15 17 19 20 24 25 29 32 33 34 37 38 40 42 43 44 45 46 47 48 49 54 55 56 57 58 68 69 70 71 72 73 75 76 77 79 80 81 84 86 87 88 90 93 94 97 100 101 102 103 104 108
64 1 2 3 4 5 6 8 9 11 14 16 17 18 19 20 22 23 24 27 32 33 36 37 38 39 40 41 42 43 45 46 49 50 51 53 54 55 57 58 59 65 66 68 69 74 75 77 79 80 81 83 84 86 90 91 92 94 97 101 102 105 107 110 111
59 1 2 6 8 9 11 12 13 16 17 20 21 22 23 27 31 33 34 35 36 37 41 42 43 46 48 50 51 52 55 62 67 69 70 71 74 77 78 80 81 82 85 86 87 88 89 90 91 95 97 99 100 102 104 105 107 108 110 111
59 3 4 5 6 7 11 14 15 17 21 22 23 26 27 28 29 32 34 35 38 39 40 42 45 47 48 51 53 54 55 56 58 59 60 62 63 64 66 67 72 73 76 79 81 82 84 88 90 91 92 97 99 100 101 103 106 107 109 111
50 1 3 6 9 13 18 19 22 23 25 26 27 28 31 32 33 35 36 39 42 47 48 49 50 51 52 53 56 57 60 61 62 63 66 67 72 74 77 81 83 87 91 94 95 100 101 104 105 106 109
58 4 6 7 8 9 10 15 16 21 22 24 27 32 35 36 41 43 45 46 47 48 49 50 53 55 56 59 60 61 62 63 65 66 71 72 73 74 76 77 79 81 82 83 87 88 90 91 94 96 100 101 102 103 105 106 108 109 111
51 1 2 3 7 8 9 11 14 17 19 21 24 25 27 30 31 35 37 38 40 41 42 44 47 49 50 55 58 60 61 64 65 66 67 68 69 71 80 84 85 87 92 93 94 95 97 99 100 103 105 108
52 4 5 7 10 13 15 16 23 25 27 29 30 33 34 36 37 38 42 43 45 46 50 51 52 56 57 58 60 61 63 64 65 66 67 68 72 75 77 78 80 81 82 83 85 87 88 89 92 96 98 107 111
50 3 4 5 6 8 16 17 19 20 21 27 30 32 36 38 39 41 42 43 45 47 48 50 55 58 61 62 66 69 73 74 77 78 81 82 83 87 88 89 91 92 94 96 97 99 102 104 105 110 111
70 5 7 8 9 10 11 13 14 15 16 19 22 24 25 27 28 29 30 32 33 34 36 37 38 39 40 43 45 47 48 49 51 53 54 55 56 59 60 61 62 63 64 68 71 72 73 74 76 77 78 79 80 81 82 83 85 86 91 92 95 97 98 100 101 102 103 107 108 109 112
51 2 5 7 8 9 10 13 17 22 23 27 28 31 34 36 37 38 39 44 46 47 48 49 50 52 61 62 64 66 68 69 70 72 75 77 78 81 82 86 88 90 92 95 98 101 103 104 105 107 108 110
53 2 3 11 12 15 19 20 22 25 29 30 31 32 36 37 38 39 40 41 42 43 45 48 49 50 51 52 59 61 62 63 64 65 68 70 71 72 74 76 77 78 81 86 87 90 91 92 94 97 98 105 106 112
56 2 3 4 6 7 8 9 10 13 14 15 17 21 22 23 24 25 26 27 28 29 31 33 34 39 40 41 42 46 47 48 53 55 57 62 64 66 70 72 73 74 76 83 85 87 88 91 94 96 100 101 102 105 106 109 110
56 1 4 6 9 10 13 14 15 16 18 19 21 23 29 30 31 34 37 38 39 41 42 43 44 49 51 54 55 56 59 60 63 65 67 68 71 76 77 78 82 83 84 88 89 90 93 94 96 97 99 100 102 104 110 111 112
48 1 2 3 5 6 11 12 14 15 16 20 22 23 24 27 29 32 34 39 40 43 45 46 47 49 57 59 62 66 68 71 72 73 77 87 88 89 91 93 95 96 100 101 102 103 105 106 111
66 1 2 3 4 8 10 13 14 15 17 19 23 26 28 31 32 33 34 36 37 40 47 48 49 50 53 54 55 56 57 58 59 60 61 63 66 67 68 70 71 72 74 76 79 81 82 83 86 87 89 90 93 94 96 97 98 99 100 101 102 103 104 105 109 110 111
53 1 2 8 9 10 12 14 20 22 27 28 29 30 36 37 40 41 45 49 50 52 53 56 57 59 60 66 68 70 71 74 75 77 78 81 82 83 85 88 90 92 93 94 95 101 103 104 105 106 107 110 111 112
54 1 3 7 10 14 15 17 18 21 24 25 26 31 32 34 35 38 43 46 47 48 52 54 55 56 57 60 61 63 64 65 66 67 69 74 75 76 78 79 83 84 88 93 94 95 96 97 100 101 102 106 107 110 111
52 2 3 4 5 7 9 10 12 13 15 17 25 26 27 29 36 37 39 46 47 48 50 51 52 54 55 57 61 64 66 69 71 72 75 77 78 79 81 83 85 86 89 91 98 101 102 103 107 109 110 111 112
51 1 2 3 4 5 8 10 11 15 17 18 19 20 22 23 27 28 29 30 34 38 39 43 51 53 56 57 58 60 61 63 66 68 70 71 75 76 81 86 87 88 91 92 93 94 97 98 99 104 110 112
62 2 5 6 8 9 11 12 13 14 15 16 18 24 25 26 27 30 31 33 35 36 37 39 40 41 42 46 49 50 51 52 55 59 63 64 66 68 69 71 72 74 75 77 79 84 85 88 92 95 96 99 100 101 102 103 104 105 107 108 109 110 112
57 4 5 6 10 12 15 16 23 24 26 27 28 30 31 32 33 34 35 37 38 39 43 44 45 47 50 55 57 58 59 61 63 64 65 66 69 72 73 74 75 77 80 87 88 91 92 94 95 96 100 101 106 107 109 110 111 112
55 1 3 4 5 7 10 13 14 15 17 18 19 20 22 23 24 29 37 38 39 40 42 45 46 47 48 51 55 56 60 61 64 65 66 67 73 74 75 76 77 78 85 86 87 89 90 91 93 94 95 96 99 100 105 108
70 2 3 10 12 13 15 16 17 18 19 22 23 24 25 26 27 29 30 32 35 37 39 40 41 42 44 46 49 51 53 55 56 57 58 60 61 64 66 68 69 71 73 74 77 78 79 80 81 83 84 85 86 88 89 91 92 94 95 96 99 100 101 103 104 105 106 108 109 111 112
52 2 8 9 12 16 17 19 20 22 27 28 33 34 35 42 50 51 53 54 56 60 61 62 63 64 66 69 70 71 72 73 76 78 82 84 85 86 87 89 92 93 95 96 100 101 102 104 106 107 108 109 110
54 5 6 7 8 9 10 11 13 14 15 18 23 25 26 30 35 37 38 44 46 47 49 52 55 57 58 63 66 68 69 70 76 77 80 83 84 85 86 87 88 89 90 92 93 96 99 100 101 102 103 105 107 110 111
51 1 2 4 6 7 9 10 15 17 19 20 21 22 29 32 35 39 41 45 46 47 48 50 52 55 56 57 62 63 64 65 69 71 72 75 76 77 81 82 87 88 89 97 98 99 100 103 105 106 110 111
58 3 4 6 10 14 17 19 20 22 24 25 26 27 30 33 34 35 36 37 43 45 46 47 49 50 51 52 54 57 63 65 67 68 69 74 75 76 77 78 79 81 86 88 89 90 91 93 94 95 97 99 101 103 105 108 109 110 112
50 1 3 4 5 8 11 14 16 17 19 21 27 32 34 36 37 38 39 44 45 50 51 52 54 55 57 60 61 65 66 67 69 70 71 74 76 80 82 83 86 88 90 92 93 99 103 104 105 108 112
58 1 3 6 11 13 15 21 22 29 30 31 33 34 38 39 40 41 42 43 44 47 52 54 58 60 62 63 65 66 68 69 71 73 74 77 78 79 80 81 82 84 85 86 88 90 91 93 95 97 99 100 101 102 106 107 109 110 111
62 2 5 8 9 10 11 12 13 14 15 16 22 23 25 27 28 29 30 32 33 34 35 39 41 42 44 45 46 53 55 56 57 58 60 62 64 65 66 67 68 69 71 74 77 78 79 83 89 91 93 94 95 96 97 100 101 103 105 106 107 108 111
58 1 4 6 8 9 11 14 15 16 17 19 22 24 26 29 31 32 33 35 39 40 41 42 43 47 50 51 55 56 57 60 61 62 63 65 71 72 77 79 80 81 82 83 85 88 93 94 95 97 99 100 101 103 105 106 107 108 109
50 2 4 5 10 12 13 16 19 20 22 28 29 30 31 32 35 36 38 42 44 45 47 49 50 52 53 59 60 64 66 67 69 71 72 73 75 78 80 88 89 93 95 96 99 101 102 108 109 110 112
56 2 9 10 12 17 19 21 25 26 27 28 29 30 33 36 38 40 41 42 43 45 47 50 51 52 55 57 59 61 62 64 65 66 68 69 70 72 73 77 79 81 82 83 87 90 93 96 97 99 100 102 103 104 107 111 112
55 4 5 7 8 13 15 18 19 20 21 23 26 27 28 30 32 36 40 41 43 44 45 46 52 56 58 59 61 63 65 66 69 70 73 74 76 78 79 81 82 84 86 90 91 92 97 98 99 103 105 106 107 108 110 111
46 3 4 6 10 13 17 21 22 23 27 28 32 37 42 43 45 46 49 51 55 56 57 59 60 62 65 67 69 70 74 75 81 82 84 85 86 89 99 101 103 104 107 108 110 111 112
49 1 7 12 15 17 18 19 21 23 25 27 28 29 30 31 34 35 36 40 42 43 46 47 48 50 53 56 58 59 60 63 66 68 71 73 74 75 78 81 88 90 92 94 96 100 102 109 110 111
57 2 4 5 6 10 13 14 17 19 20 21 22 24 27 29 31 32 33 34 36 37 40 42 43 45 47 50 52 55 56 59 61 63 65 68 69 70 72 75 78 82 83 85 86 88 91 92 93 97 98 99 105 107 109 110 111 112
47 1 2 4 5 7 9 10 12 14 20 21 26 27 28 29 30 31 39 41 43 44 46 50 51 52 54 55 58 63 64 66 67 69 71 74 76 80 82 83 88 92 93 94 98 100 102 103
53 1 2 4 7 8 9 12 15 16 17 20 21 26 28 29 30 31 32 35 36 40 42 43 46 51 55 56 57 58 59 61 68 70 72 76 77 80 81 82 90 91 92 93 94 98 101 103 105 107 108 109 110 112
59 1 2 3 5 6 7 8 9 10 11 12 21 22 24 25 26 29 30 32 33 34 36 39 42 43 44 46 47 49 51 52 54 56 58 59 60 61 62 64 66 67 68 71 72 73 79 80 83 84 85 88 91 94 97 100 102 105 110 111
61 1 3 4 5 6 9 10 12 14 17 19 20 22 23 24 26 27 28 29 31 33 34 35 36 37 38 39 40 42 46 47 50 52 53 58 59 62 63 64 66 68 71 72 74 75 81 82 84 88 89 91 92 95 97 99 102 105 107 110 111 112
60 1 2 4 6 7 8 9 10 12 16 18 20 21 25 29 30 34 35 38 43 44 49 50 51 55 56 57 58 59 60 62 63 65 67 68 70 72 73 77 79 80 81 84 86 87 88 91 96 98 99 100 101 103 104 105 107 108 109 110 111
57 1 2 7 10 12 13 14 15 18 19 26 27 30 31 33 34 35 37 39 41 42 45 46 47 51 53 55 56 57 58 59 60 63 64 65 66 68 70 72 74 76 77 79 83 86 87 91 92 93 94 95 99 100 102 105 110 111
56 2 3 5 8 12 13 14 15 16 17 18 23 28 30 34 37 38 39 41 43 47 48 50 51 53 55 57 60 61 62 65 67 68 70 71 73 74 75 79 80 84 85 86 88 89 90 91 93 96 97 100 102 103 106 108 112
61 1 2 3 5 9 10 12 17 19 20 24 26 27 28 29 30 33 36 37 39 40 41 43 44 45 47 48 49 53 55 57 58 59 60 61 63 66 67 68 69 73 74 77 78 79 82 83 85 87 88 91 93 94 95 96 100 102 103 105 107 108
56 1 6 10 13 14 15 17 19 20 27 29 30 31 32 35 36 37 38 41 43 45 46 47 49 50 52 53 55 56 57 60 62 63 66 67 69 70 71 72 73 74 81 82 83 87 92 93 95 97 98 99 101 103 107 108 110
58 2 3 5 6 7 10 12 13 19 20 21 22 23 25 26 28 31 32 33 34 35 38 39 41 43 47 48 49 55 58 59 60 61 62 63 65 68 69 74 75 76 77 78 80 81 83 84 85 89 90 91 93 96 97 99 101 108 110
59 1 2 4 10 13 16 17 19 23 31 32 34 35 37 38 40 42 44 45 46 48 49 52 53 54 56 57 58 59 60 62 63 64 66 68 71 72 73 74 78 82 83 85 88 89 90 91 92 95 98 100 102 104 105 106 109 110 111 112
59 1 2 3 6 7 12 17 20 21 22 23 24 27 29 31 37 38 39 40 42 45 46 47 48 51 52 53 55 56 57 58 60 63 64 67 68 69 72 73 76 79 84 86 89 90 91 93 96 98 99 100 101 102 103 104 106 107 110 111
53 4 5 11 13 14 16 17 18 20 21 24 28 29 31 36 37 38 40 41 44 46 49 51 52 58 59 61 64 67 69 70 71 73 74 77 78 79 80 81 82 83 88 89 90 92 93 95 96 97 99 104 105 112
57 3 4 7 8 10 11 13 16 19 22 25 29 31 33 35 37 39 40 41 42 43 44 47 48 49 50 51 54 55 56 57 58 63 65 66 67 69 72 73 77 81 82 84 85 87 91 92 93 96 97 99 100 103 104 106 108 112
49 1 5 6 8 9 11 17 21 23 27 33 36 38 40 43 44 46 47 48 50 52 53 55 57 58 59 60 62 63 64 65 68 69 74 76 77 91 92 93 94 97 98 99 100 102 103 104 110 112
49 4 8 10 11 12 14 15 17 19 20 21 22 24 26 27 28 29 32 33 40 41 44 48 52 54 55 56 57 61 64 65 68 73 78 80 81 82 83 85 91 92 93 95 98 99 100 102 103 112
56 2 3 6 7 9 11 12 14 19 20 21 22 26 28 30 31 34 36 37 38 39 40 42 45 46 48 51 54 55 56 58 62 65 68 69 74 76 78 79 81 83 87 88 90 91 92 98 99 102 103 104 105 107 108 111 112
64 1 3 4 8 9 10 11 12 14 15 16 18 19 23 24 26 29 30 31 39 40 41 42 43 45 47 49 51 52 54 55 56 57 59 60 61 64 65 67 68 69 71 72 74 75 76 81 82 83 85 90 91 94 96 97 99 100 101 102 104 105 108 110 111
55 2 4 5 7 11 15 17 22 25 26 27 29 31 32 37 41 44 45 46 47 48 50 51 53 55 56 57 58 59 67 69 70 71 75 78 80 81 84 85 86 87 89 90 91 93 98 99 104 106 107 108 109 110 111 112
53 1 2 3 4 7 8 9 18 19 21 22 24 25 27 28 29 30 34 39 42 44 45 46 48 49 51 52 54 55 65 66 68 69 70 74 76 78 81 83 85 86 87 88 89 91 93 95 96 97 98 107 108 110
58 2 3 5 7 11 12 13 14 16 18 22 23 25 26 27 28 29 30 31 32 33 34 36 37 38 40 41 50 54 55 60 61 64 65 66 67 70 71 72 74 76 78 79 80 82 85 86 87 88 89 90 91 97 98 103 105 106 108
55 4 6 8 10 11 14 15 18 19 20 24 30 32 34 36 37 38 39 40 43 44 45 47 50 52 53 55 57 58 59 61 63 64 66 68 69 70 74 75 76 80 84 87 88 90 91 94 96 97 98 104 105 107 111 112
60 1 4 5 9 12 16 19 27 32 33 34 37 38 39 43 46 48 49 52 54 56 57 58 59 60 62 63 66 69 70 72 73 75 76 77 78 79 81 82 83 84 85 86 88 90 92 94 95 96 98 99 100 101 102 103 104 105 106 107 112
53 1 2 3 4 5 6 7 9 12 16 17 18 22 23 27 30 31 33 35 36 37 38 39 40 41 44 46 49 52 54 55 58 61 66 72 75 76 77 79 80 81 84 85 87 90 92 95 97 98 102 103 109 112
63 3 4 6 7 9 13 15 16 17 19 24 27 28 29 31 32 33 35 37 39 40 41 42 43 45 46 47 48 51 53 54 55 58 59 60 63 66 67 68 69 70 73 74 76 78 79 80 81 83 84 87 89 93 94 99 100 104 106 107 108 109 111 112
52 1 2 4 5 7 10 11 13 14 16 21 23 25 28 29 30 31 32 35 39 40 41 45 47 49 51 52 56 57 60 64 68 70 72 73 74 77 78 80 85 89 94 97 98 99 101 103 104 105 107 110 111
58 1 3 9 11 13 14 17 21 23 25 26 29 31 32 34 37 38 40 41 42 44 47 48 49 53 58 59 60 62 63 66 67 69 71 73 74 75 76 77 78 80 83 84 85 89 91 92 93 95 98 100 102 104 106 107 109 110 111
56 1 4 10 11 12 13 16 17 18 19 23 26 27 28 30 31 34 35 37 38 40 41 43 44 45 46 47 49 51 52 53 54 55 57 58 62 64 68 72 74 78 81 88 89 92 94 95 96 97 99 102 104 105 108 110 111
52 1 2 3 4 6 8 9 12 13 15 17 19 22 23 27 29 30 31 35 40 42 43 44 47 48 52 53 56 61 62 72 73 74 76 77 82 83 87 88 90 92 93 96 97 100 101 102 105 108 109 110 111
54 4 5 9 11 14 16 17 18 20 21 24 26 28 29 30 31 33 34 35 37 41 46 51 53 57 58 59 60 61 62 63 64 68 69 72 81 83 84 85 87 88 91 95 96 99 101 103 104 106 107 108 110 111 112
53 3 4 5 7 14 16 18 21 22 23 24 28 29 31 34 35 38 39 41 44 45 47 48 49 50 51 52 53 54 55 58 62 65 69 70 73 75 78 82 83 88 91 94 95 96 98 99 100 101 102 106 107 110
61 6 8 12 15 16 21 22 23 25 26 27 30 33 34 35 36 37 38 39 41 42 43 49 52 55 56 57 60 61 62 63 67 69 71 72 73 74 78 79 80 81 82 85 86 88 89 90 92 93 94 96 97 99 100 104 105 106 107 108 110 112
50 4 11 12 13 14 18 20 21 22 23 26 30 31 33 36 40 42 43 44 47 52 53 54 55 57 68 69 70 71 75 76 77 78 79 80 83 84 89 91 92 93 94 96 97 101 103 104 105 108 109
49 2 3 4 6 7 11 13 15 17 19 21 23 28 30 31 32 34 39 41 48 51 52 54 59 60 65 66 74 75 76 77 78 80 81 82 83 84 85 86 87 88 91 92 98 99 100 104 107 108
51 6 7 11 13 14 17 18 19 21 22 23 25 28 29 30 31 32 33 37 38 39 40 43 45 59 60 61 65 67 68 70 73 76 77 78 81 84 85 86 87 88 92 96 99 100 101 102 106 107 108 111
62 1 3 4 5 6 7 9 12 15 16 18 19 20 21 22 23 24 25 26 28 31 34 35 39 40 44 46 47 51 53 54 55 56 59 63 66 67 68 69 71 77 79 82 83 84 85 88 89 90 92 93 94 95 96 97 99 102 104 106 107 109 111
55 1 2 3 7 9 11 14 16 18 20 22 24 25 32 34 36 38 39 40 41 42 43 46 50 56 57 58 60 61 64 65 69 71 72 73 78 80 82 83 85 88 90 92 93 94 96 97 98 99 100 102 105 110 111 112
57 1 3 6 9 10 11 12 13 15 16 17 19 21 24 29 30 32 35 38 39 40 41 43 44 47 50 51 52 53 54 55 56 58 59 60 62 71 72 73 75 76 77 79 80 81 82 87 90 92 97 99 100 104 105 106 108 109
59 1 4 5 8 9 11 12 15 16 17 18 19 22 23 27 28 29 31 32 34 39 40 41 44 45 48 50 53 56 58 61 62 65 66 67 69 70 72 73 75 76 77 78 80 81 85 86 88 89 90 92 95 97 98 103 105 108 110 111
57 3 4 6 7 8 9 10 14 17 18 20 21 25 29 30 31 32 33 36 39 40 41 44 45 47 48 49 50 53 54 55 57 58 63 68 69 76 77 79 85 86 87 89 90 92 93 94 96 99 102 103 104 105 106 108 110 111
67 1 4 7 9 10 14 15 16 18 19 20 21 23 24 25 27 28 29 32 33 36 37 38 40 42 44 45 46 48 49 52 54 57 58 59 60 63 64 66 67 68 69 71 73 78 81 82 83 85 86 87 91 92 94 95 97 98 99 100 101 106 107 108 109 110 111 112
60 3 5 6 10 11 12 13 16 18 19 20 21 22 23 25 28 33 34 40 42 43 45 46 49 54 55 58 59 66 68 69 71 72 73 74 75 76 77 78 79 80 81 82 84 86 87 88 89 90 91 95 96 98 99 101 102 103 104 108 109
49 1 2 5 9 11 14 15 17 22 23 25 26 29 32 33 35 37 41 45 46 47 49 51 52 53 54 55 61 62 65 70 71 73 77 78 79 82 84 87 90 91 97 98 100 102 104 105 107 109
62 1 3 5 8 9 10 11 12 14 17 20 21 22 25 26 27 28 32 34 38 39 40 41 42 44 45 47 48 49 51 54 56 57 58 59 61 62 65 67 68 70 73 74 77 78 79 80 82 83 88 90 91 92 98 99 101 103 105 107 108 111 112
58 5 6 12 13 15 17 19 20 21 22 24 25 27 34 35 37 40 41 43 44 45 46 47 48 49 51 53 54 55 56 59 61 62 67 72 73 74 75 78 81 82 84 85 89 90 92 93 94 95 96 99 100 104 106 108 109 111 112
57 1 5 6 8 9 10 12 13 15 16 17 20 22 24 28 33 35 36 37 38 39 42 45 46 47 50 51 52 55 57 58 60 63 64 65 67 68 69 70 71 72 75 76 77 79 82 84 85 86 88 89 93 95 96 97 106 107
59 3 6 10 11 14 16 17 18 19 20 21 22 23 24 26 27 30 32 34 35 39 40 41 42 43 47 51 56 57 62 64 65 67 68 69 70 72 73 74 75 79 81 85 88 89 90 92 94 95 96 98 99 102 104 105 106 110 111 112
64 1 2 6 7 9 11 12 13 14 16 17 18 20 23 24 27 28 29 32 33 36 38 41 42 43 45 55 60 62 63 64 65 66 67 69 70 71 72 73 74 75 76 77 79 80 81 82 83 84 86 88 90 91 92 94 95 97 98 99 101 102 104 105 112
59 1 2 4 7 9 11 13 16 21 24 25 26 29 32 33 36 39 41 42 44 45 46 48 49 50 51 53 54 55 56 57 58 59 61 62 63 64 65 66 68 69 72 76 79 80 81 84 86 87 93 97 99 100 101 102 104 105 108 109
57 2 11 12 13 14 15 16 19 21 22 23 24 28 32 33 35 37 38 39 42 45 49 50 51 52 54 59 61 62 65 66 67 68 73 77 78 79 80 81 83 85 88 89 90 91 92 93 95 96 97 98 100 102 105 106 107 110
54 1 2 4 5 6 7 11 17 21 22 23 25 26 28 30 31 33 35 37 38 39 40 43 44 45 49 51 52 53 54 56 57 61 64 67 69 70 72 74 82 85 86 89 90 91 92 96 99 101 103 104 109 110 111
51 2 7 11 12 14 15 16 17 18 22 27 28 31 32 33 39 41 42 45 47 48 49 50 52 53 54 58 59 60 63 66 70 72 73 76 79 83 84 85 87 94 95 97 98 101 103 104 106 108 110 111
62 2 3 4 6 11 15 16 17 18 19 20 25 26 27 32 34 35 37 40 41 42 44 46 47 48 49 50 52 53 56 57 59 61 62 63 64 65 66 67 69 73 74 75 76 77 78 82 85 86 88 90 95 96 98 100 101 102 104 106 107 108 112
50 9 11 12 16 20 21 23 24 25 26 28 30 32 35 36 37 39 41 43 44 45 46 47 48 51 52 53 54 59 60 62 63 64 65 67 70 72 73 75 76 80 88 92 94 98 99 104 108 110 111
53 2 4 7 8 13 14 15 16 20 21 23 25 27 30 32 34 35 37 38 41 46 47 49 51 52 53 54 57 62 66 69 71 73 74 75 76 78 80 81 83 88 89 91 97 98 99 100 102 108 109 110 111 112
54 4 6 8 9 12 14 16 17 18 19 20 21 22 23 29 32 33 35 36 37 38 39 44 45 47 49 51 55 56 57 58 59 60 61 66 67 68 70 73 74 75 77 79 83 85 90 91 94 95 96 97 105 109 111
52 2 7 9 10 12 14 15 17 21 23 24 27 28 29 30 32 33 35 40 43 44 45 47 48 50 52 54 55 58 59 60 62 67 68 72 73 75 76 77 78 81 82 85 87 93 100 101 103 105 109 111 112
58 2 3 4 6 8 9 10 12 16 18 19 21 22 23 24 26 33 35 37 41 44 45 46 47 51 52 53 54 55 56 57 63 67 69 70 71 72 73 74 78 80 82 83 84 89 90 91 92 93 96 97 100 102 103 107 108 109 110
58 1 7 8 10 12 15 16 17 19 20 22 23 24 26 29 30 31 35 37 39 41 44 46 48 51 52 53 54 55 57 58 60 62 63 65 67 68 70 71 72 74 75 78 79 82 86 88 90 93 94 97 99 102 105 106 107 108 112
55 1 2 5 7 10 13 14 15 20 21 22 24 25 27 28 31 33 34 35 36 38 39 41 43 45 46 52 55 57 58 60 61 64 65 68 69 72 73 79 81 87 88 89 90 91 94 96 97 98 99 100 101 104 109 112
54 2 4 6 8 10 12 13 14 16 17 21 22 26 27 29 30 36 37 42 44 46 47 48 50 55 56 58 59 61 63 65 66 67 69 70 73 74 77 78 79 84 86 87 88 89 92 93 95 96 99 100 101 107 112
48 12 18 19 24 25 28 31 32 33 36 38 42 43 44 45 47 48 50 54 55 56 57 58 59 60 61 64 65 66 74 78 79 82 83 84 86 92 95 96 97 98 99 101 102 104 106 108 109
47 1 2 4 10 13 14 15 20 24 29 30 31 32 34 36 42 45 46 50 51 54 55 56 58 63 64 67 68 69 70 72 75 76 78 79 81 86 89 90 92 94 96 98 100 103 105 109
57 2 4 8 11 12 13 14 15 17 18 19 28 31 32 33 36 40 41 42 44 45 46 47 48 50 56 57 58 61 62 63 68 73 74 75 76 77 78 80 81 82 83 87 91 92 94 95 97 98 100 103 104 105 106 108 111 112
61 1 2 6 7 9 11 12 13 17 21 22 23 24 28 29 31 34 35 36 37 38 39 40 41 44 45 47 49 52 56 57 59 63 65 67 68 69 70 72 74 75 76 79 81 82 85 86 90 93 94 95 96 98 101 103 104 106 107 109 111 112
58 1 3 4 5 6 7 8 9 10 11 12 13 14 16 17 18 21 24 25 27 28 32 34 36 37 39 43 44 46 48 49 52 56 59 60 62 63 64 69 70 71 74 76 81 84 86 88 89 92 93 96 97 98 99 100 105 110 112
56 4 6 10 13 14 16 17 19 20 21 24 25 26 28 29 30 33 36 41 44 45 46 47 48 50 52 54 55 56 58 60 61 63 65 68 71 72 73 77 78 81 83 84 86 88 91 93 95 98 100 102 103 107 108 111 112
50 2 5 8 10 11 12 13 14 15 17 19 20 21 26 27 29 30 33 37 38 40 41 42 44 45 46 48 52 53 60 62 64 70 75 76 78 80 82 87 92 96 99 100 101 102 103 104 106 108 111
47 4 8 9 10 14 17 21 25 26 27 28 29 33 34 38 42 44 47 48 50 51 55 56 57 58 60 61 62 65 69 73 76 77 79 85 89 91 92 93 94 95 96 101 107 108 110 112
54 1 3 4 7 11 15 16 18 23 24 26 32 35 38 39 40 42 43 50 51 55 56 57 59 61 62 66 67 69 70 71 72 73 75 78 81 84 85 88 89 90 91 94 95 96 99 100 101 102 105 107 108 109 110
52 2 3 6 8 9 14 17 19 20 23 27 28 29 32 33 34 36 38 39 41 48 49 51 52 53 54 55 58 63 66 68 69 71 75 77 78 81 82 83 85 87 91 92 94 95 96 98 101 104 107 109 111
52 2 5 9 11 15 16 19 20 21 22 24 26 31 33 35 38 40 44 47 49 52 53 57 59 60 61 63 65 66 72 73 74 76 78 80 82 84 85 87 89 92 94 97 98 99 100 104 105 107 108 109 112
56 4 6 7 8 9 10 11 12 16 17 18 19 20 22 26 29 32 35 36 37 39 43 44 48 51 52 53 55 57 60 63 64 66 67 68 71 72 75 76 80 83 84 89 91 92 94 96 99 100 102 104 105 106 107 110 111
54 5 6 8 9 12 13 14 15 19 21 23 24 27 28 29 30 31 32 33 35 42 43 49 51 53 56 58 59 60 62 64 65 68 69 72 73 75 76 77 80 82 83 85 86 90 92 94 96 97 98 101 104 106 112
56 2 4 5 6 8 9 13 15 16 21 24 28 30 31 33 35 36 37 41 42 45 46 48 50 51 52 53 55 58 59 60 63 66 68 69 71 74 75 76 77 79 81 84 85 89 90 91 92 93 96 97 98 100 104 109 110
54 3 6 7 8 11 12 14 15 21 22 26 29 32 35 36 37 40 41 42 43 45 48 49 51 53 54 55 57 58 59 60 66 67 69 70 77 78 83 84 85 87 91 92 93 96 97 99 100 101 103 107 108 109 112
62 1 2 4 7 8 10 15 16 17 18 19 20 22 23 24 27 30 31 33 34 36 37 38 39 40 41 43 45 46 47 48 49 53 54 55 56 58 59 61 62 63 69 70 76 77 78 79 81 85 87 88 89 90 91 93 95 100 101 102 104 106 110
62 1 6 8 10 11 12 14 17 18 19 20 22 23 24 27 28 29 32 33 35 36 40 42 43 47 50 52 53 54 55 56 59 61 62 64 65 66 69 70 71 73 74 75 80 83 84 85 89 92 93 94 96 99 100 102 103 104 105 106 107 110 111
54 1 8 9 10 13 14 15 17 18 21 22 28 29 30 33 38 41 44 45 50 56 60 61 64 67 69 70 71 72 73 75 79 80 81 84 85 86 87 89 91 92 93 94 95 97 98 99 102 105 106 108 110 111 112
55 1 3 8 9 10 14 15 18 19 20 21 22 24 26 30 31 32 36 38 40 44 45 46 48 49 50 53 56 60 61 62 66 70 71 75 79 80 81 84 85 86 88 90 91 92 94 95 97 98 103 105 107 108 109 110
52 3 6 8 12 14 15 18 21 22 23 26 27 28 29 32 33 34 35 37 39 41 43 44 45 49 52 55 57 58 59 60 63 64 66 67 71 75 78 79 80 82 85 88 90 94 95 99 100 101 108 110 111
56 6 7 9 10 15 16 17 18 19 22 23 24 30 31 32 33 35 36 37 42 43 45 46 50 51 53 56 57 58 59 62 64 65 67 69 70 72 75 76 79 84 87 90 91 93 94 95 96 100 101 103 105 106 107 111 112
49 2 4 7 8 10 12 15 17 19 21 22 24 27 33 34 35 40 41 43 44 46 47 48 51 53 57 59 60 62 65 66 67 68 70 75 76 86 89 90 94 95 97 98 101 102 103 104 107 110
53 2 3 6 7 8 13 14 16 17 18 22 23 27 29 31 33 37 38 39 40 42 44 49 50 51 53 57 66 69 70 73 74 75 78 79 80 81 82 83 86 88 89 92 93 95 100 104 105 106 107 109 110 112
50 1 2 5 8 11 13 17 19 23 28 31 32 33 34 39 40 45 50 51 54 55 56 57 58 59 60 61 64 65 69 72 73 76 78 79 80 84 85 87 88 89 90 91 93 94 95 96 98 99 109
55 2 10 11 12 13 15 16 17 18 19 20 21 27 28 31 35 38 39 40 41 42 43 45 46 48 52 53 54 55 56 57 59 60 61 62 64 65 66 70 75 78 80 83 84 85 91 93 94 95 97 102 104 105 110 112
46 1 3 4 5 6 10 12 13 15 17 19 21 22 24 25 27 29 31 33 37 39 44 51 57 58 60 62 65 66 69 70 75 76 78 79 80 81 84 86 91 99 100 103 108 109 111
59 2 3 4 5 6 8 11 14 16 17 19 21 22 26 27 32 33 34 36 38 42 44 47 48 49 50 51 53 54 57 58 59 60 63 64 65 66 67 70 71 72 73 77 80 82 83 85 87 88 90 91 96 100 101 106 107 109 110 112
58 3 8 10 13 15 18 19 22 24 25 26 27 31 32 34 35 38 40 42 43 44 45 46 47 48 49 52 53 54 55 57 61 62 63 64 66 68 69 73 74 77 78 80 82 86 87 88 89 91 92 95 98 99 100 104 105 109 110
60 3 4 5 7 11 12 14 15 16 17 21 22 23 26 28 29 32 33 37 39 42 44 45 47 48 52 56 60 61 62 63 64 67 71 72 73 76 80 81 82 84 85 86 87 88 89 90 93 94 95 96 97 99 100 101 102 104 105 106 110
52 1 2 3 7 9 12 13 14 15 16 17 19 22 27 31 33 38 39 40 43 46 49 51 53 54 55 60 61 63 64 68 70 72 74 77 78 79 82 83 84 85 86 88 89 90 91 92 93 106 107 109 110
56 4 5 6 7 9 10 12 13 14 15 17 20 21 22 23 24 27 28 30 31 33 36 38 42 43 45 46 47 49 52 53 56 57 66 70 71 72 74 76 78 80 84 87 90 93 94 95 96 97 100 101 102 103 108 110 111
44 1 6 7 8 14 19 21 22 24 26 32 33 35 36 40 41 42 44 46 49 53 55 60 61 62 65 69 72 79 80 81 84 85 87 88 89 91 94 100 102 106 107 109 110
48 3 4 7 8 12 13 14 15 17 20 22 24 25 26 28 29 31 36 37 39 40 41 42 43 48 50 52 54 55 57 60 61 72 76 78 81 83 84 87 89 90 92 95 99 102 104 107 109
54 3 5 8 11 12 13 14 18 20 22 25 27 28 29 30 32 33 37 38 39 42 45 50 51 52 53 54 56 58 61 63 64 65 67 71 73 75 76 77 83 85 88 91 92 94 95 96 98 101 102 103 104 105 107
57 1 4 7 9 13 14 16 18 19 24 25 26 28 29 30 32 38 42 43 44 47 50 51 54 58 59 64 65 67 68 69 70 72 74 75 76 81 82 83 84 86 89 93 94 95 96 99 100 101 103 104 105 107 109 110 111 112
59 1 5 6 10 12 13 15 16 17 19 20 21 22 24 25 26 27 29 31 33 36 42 44 46 47 49 51 52 54 55 56 58 59 60 61 63 68 69 70 71 73 75 78 80 83 86 87 88 89 91 92 93 96 97 98 99 105 110 111
50 7 8 11 15 16 18 21 23 25 27 30 31 34 36 40 43 46 47 48 52 53 55 56 57 58 60 62 67 68 71 73 74 76 78 81 82 84 85 87 88 90 91 92 93 94 99 100 102 105 108
65 1 12 16 17 18 19 22 23 24 26 27 28 29 30 31 33 34 36 37 38 39 40 41 42 43 44 45 46 49 50 53 56 58 59 60 62 63 64 65 66 69 71 73 74 75 76 77 81 82 83 84 85 86 87 91 93 94 98 99 100 101 102 107 109 112
50 2 4 8 9 10 15 17 22 24 27 32 36 37 39 40 42 44 45 47 49 50 51 52 55 57 58 61 62 68 69 72 77 79 80 81 84 85 86 87 89 91 92 93 94 96 103 106 107 108 110
58 1 2 5 6 7 11 12 14 15 16 17 18 20 22 24 25 28 31 33 35 39 40 41 42 43 50 53 54 56 57 59 61 64 65 66 70 72 77 78 79 80 82 83 85 86 88 91 92 96 98 99 100 101 104 105 107 110 111
59 1 2 4 7 9 12 13 14 17 19 20 22 23 24 25 27 33 34 35 39 44 47 51 54 56 59 61 62 63 65 66 67 69 70 71 74 75 76 77 78 79 80 82 85 87 88 89 91 92 93 94 95 96 100 102 103 107 110 111
62 1 2 4 5 6 9 10 11 12 15 18 19 22 26 29 30 31 33 34 36 37 39 43 45 46 51 53 54 55 56 58 59 60 61 63 65 66 67 71 72 75 77 78 80 81 82 86 90 91 92 93 94 96 97 98 102 105 106 108 109 111 112
55 5 13 14 17 18 20 22 23 24 25 28 29 31 32 33 35 38 39 40 42 45 47 48 49 50 52 54 55 57 58 59 61 62 63 64 68 69 70 76 79 82 83 84 85 86 89 91 93 94 97 100 101 104 108 109
50 1 5 6 9 12 13 14 16 18 20 21 23 25 26 30 32 33 35 36 37 38 40 42 43 48 52 55 56 58 59 62 64 69 71 74 75 76 77 78 80 90 93 97 100 101 102 107 108 109 110
51 6 7 8 10 11 13 15 20 21 22 24 26 28 33 36 37 40 42 46 47 54 55 58 60 61 62 63 64 66 67 68 69 70 71 80 81 82 83 87 89 91 93 95 96 100 103 104 105 108 110 112
58 3 4 7 8 10 17 18 20 25 26 27 28 30 33 34 37 38 40 42 43 44 45 47 48 49 51 52 53 54 55 57 60 63 65 66 67 71 72 74 75 77 80 83 84 85 86 88 89 91 92 94 95 96 98 103 105 110 111
53 1 3 6 8 13 14 15 17 20 21 22 25 27 29 30 32 36 37 38 39 40 41 43 44 51 52 53 54 55 57 60 63 64 67 69 70 71 72 79 85 86 89 90 91 92 100 101 104 105 106 107 110 112
62 2 4 5 8 11 12 16 21 22 23 24 25 26 27 29 31 32 34 35 36 37 39 42 44 45 46 48 51 55 56 57 59 60 61 67 71 73 74 75 76 77 80 81 85 86 88 89 90 91 92 93 100 101 102 103 104 105 106 108 109 110 112
57 1 3 6 7 8 9 12 15 21 22 23 27 28 30 33 35 37 40 42 43 47 48 49 50 54 55 56 57 60 61 63 64 65 66 67 68 69 71 73 76 78 80 81 82 83 84 86 91 92 93 96 98 103 104 105 110 111
58 1 5 6 8 10 11 15 20 21 22 23 24 25 26 27 32 33 36 37 38 41 42 43 47 51 53 54 55 56 57 59 60 63 66 69 70 72 74 78 79 80 82 88 89 90 91 93 95 96 97 98 100 102 104 105 110 111 112
50 1 3 5 11 19 20 21 22 26 27 29 33 36 37 38 39 40 41 43 46 47 48 49 50 54 55 57 60 64 67 73 75 76 77 78 79 81 84 85 87 89 90 95 98 99 100 107 108 109 110
56 1 4 9 10 12 13 16 17 18 19 21 22 24 25 26 28 30 31 33 35 38 39 41 44 45 49 54 55 56 59 60 64 67 68 69 72 73 75 77 78 79 81 90 93 94 95 96 97 99 100 101 102 103 104 106 111
55 1 6 8 9 12 14 16 19 20 21 22 26 29 30 32 35 42 43 44 47 49 50 51 55 56 59 60 63 66 67 69 70 73 74 75 76 77 78 79 83 84 86 88 89 90 92 94 95 98 101 105 107 109 110 111
56 3 4 6 8 10 11 13 15 16 18 21 22 24 26 27 30 33 35 37 40 45 46 47 49 50 51 52 53 54 55 57 58 60 62 66 71 72 74 75 76 77 78 81 87 90 93 94 96 98 99 100 101 103 104 110 111
57 2 3 6 8 9 11 12 13 16 18 20 21 23 25 31 32 33 34 35 36 37 41 42 44 48 51 52 53 56 58 59 62 63 66 67 69 71 78 79 80 81 83 84 85 87 90 91 92 93 95 99 103 104 108 109 110 111
55 1 3 4 6 7 9 10 11 12 13 14 15 16 19 27 29 32 33 35 36 39 40 41 43 44 48 51 53 58 62 68 69 70 72 75 76 78 81 83 84 86 88 89 90 94 95 96 97 100 101 102 103 107 109 111
53 1 2 3 9 10 13 16 19 20 21 22 28 29 31 33 35 36 39 40 41 43 45 46 49 50 51 53 54 55 58 59 60 62 66 69 71 75 76 80 82 84 85 86 88 91 94 98 99 103 104 107 111 112
64 2 3 4 5 6 9 13 14 15 16 17 18 19 20 22 25 28 29 33 39 40 41 45 46 47 48 49 50 52 53 55 57 58 59 60 61 63 64 66 67 69 70 72 76 77 79 80 81 82 83 84 87 89 90 91 94 96 97 98 100 101 105 106 108
65 1 2 4 5 6 7 8 9 11 12 14 15 16 17 18 19 20 21 22 23 24 25 27 29 30 32 33 34 35 36 38 39 40 41 44 47 49 52 53 54 56 59 60 64 66 68 69 70 74 79 80 82 83 84 85 88 89 90 93 95 96 104 105 108 110
63 1 3 4 6 7 8 13 14 17 19 20 21 22 24 25 28 29 30 34 35 36 37 39 44 45 46 49 52 53 55 56 60 61 62 63 65 69 70 72 73 74 75 76 78 79 80 83 84 85 86 88 89 91 94 97 100 101 105 106 109 110 111 112
59 1 2 4 5 7 11 13 17 20 23 24 27 28 30 31 34 35 36 39 41 42 43 44 46 47 48 50 51 53 56 58 59 60 61 65 67 72 74 75 76 78 79 83 85 86 87 88 91 92 96 97 98 102 103 105 107 109 110 111
53 6 8 9 10 13 17 18 24 27 29 30 31 32 33 35 40 45 48 50 51 56 57 61 63 65 66 68 69 70 71 72 73 74 78 79 80 81 82 84 92 93 97 98 101 102 103 104 105 107 108 109 110 111
49 1 4 5 6 8 12 13 15 18 20 23 24 27 34 37 38 41 42 43 44 53 59 65 68 70 71 72 73 74 79 80 83 84 86 88 90 92 93 95 98 100 102 104 105 107 108 109 111 112
44 1 3 4 7 11 13 15 18 19 20 24 25 26 29 30 31 33 38 41 45 49 51 52 53 55 59 60 68 69 73 75 78 80 85 86 88 90 91 97 102 104 106 108 109
51 1 2 5 6 8 10 11 14 17 19 20 25 27 28 30 32 36 38 41 42 46 49 52 53 56 57 59 60 61 64 65 67 73 77 78 80 82 84 86 88 89 91 93 94 98 99 102 106 110 111 112
55 1 2 3 5 7 10 18 22 23 24 27 29 30 33 37 39 40 42 44 45 49 52 53 55 56 58 60 61 64 66 68 69 70 71 75 78 80 83 85 86 87 88 91 92 93 94 95 96 101 102 105 106 107 108 112
56 2 3 4 5 12 14 17 18 21 24 25 26 27 28 29 31 34 35 38 39 41 43 44 45 47 49 51 54 56 60 62 63 64 66 67 70 72 73 77 81 83 84 85 87 89 92 93 95 96 98 100 101 103 104 106 109
62 2 3 4 5 6 7 10 12 13 15 20 24 27 28 29 31 34 38 39 43 44 45 46 48 49 51 52 55 59 61 62 63 65 67 68 69 71 72 73 76 83 84 85 86 88 89 91 92 96 97 98 100 101 102 104 105 106 107 108 109 111 112
60 1 3 4 5 9 10 12 13 14 16 17 19 20 21 22 25 26 27 33 34 36 37 38 39 40 45 47 48 51 52 57 59 61 64 65 66 67 68 69 70 71 72 73 77 81 83 84 85 88 89 92 94 97 98 99 104 105 106 108 110
56 1 2 5 6 7 9 10 12 13 22 24 26 27 29 31 33 35 36 38 40 41 42 43 45 48 55 56 58 61 63 64 65 67 68 70 71 73 76 78 81 82 83 85 86 89 91 92 95 99 100 104 105 106 107 109 110
52 3 4 6 9 11 14 17 19 21 22 24 28 30 34 35 37 39 40 42 43 46 48 49 55 59 60 61 63 65 66 67 68 70 74 75 76 77 79 82 84 86 92 93 94 96 97 99 100 103 110 111 112
66 1 3 5 6 8 9 10 11 14 16 17 18 19 20 21 23 24 25 29 30 31 33 34 35 36 37 38 41 45 46 47 48 50 51 52 53 56 58 61 64 65 67 68 69 70 71 73 76 77 78 80 81 84 85 90 93 96 97 98 101 103 104 108 109 110 112
49 1 5 6 8 10 13 14 18 20 22 23 27 32 36 39 40 41 42 44 45 48 50 52 56 59 60 63 64 65 69 72 73 78 79 81 82 84 85 88 93 94 98 104 105 106 107 108 111 112
58 1 5 6 7 9 10 11 12 13 14 15 16 17 18 21 24 27 37 38 41 44 46 47 48 51 53 54 57 58 59 61 62 65 66 69 70 71 72 74 77 80 81 82 84 89 91 93 94 95 96 98 101 103 105 106 108 109 111
50 1 3 6 11 12 14 19 20 21 22 23 28 32 34 36 38 39 42 43 45 46 54 55 59 61 62 63 64 65 67 68 69 74 77 78 82 83 84 88 89 90 91 98 100 103 104 107 109 111 112
47 1 6 12 13 14 16 17 22 23 24 29 31 32 35 37 42 43 47 49 50 51 52 53 55 60 62 66 68 69 73 74 78 87 91 93 96 98 101 102 103 105 106 107 108 109 110 112
60 1 3 4 5 6 8 13 15 17 18 19 21 22 23 24 25 30 33 34 35 38 39 40 42 43 44 45 48 49 50 51 54 55 56 57 66 68 69 71 72 73 74 75 82 87 88 89 90 91 96 97 101 102 103 106 107 109 110 111 112
56 1 3 4 5 6 8 9 10 14 15 16 17 18 20 22 23 26 28 29 31 32 33 34 35 38 40 42 47 51 52 53 56 58 60 61 63 65 68 69 71 75 76 77 79 81 82 85 86 91 96 100 105 106 107 111 112
61 1 2 3 7 8 9 12 14 17 18 20 21 23 26 27 28 31 32 33 39 40 43 44 45 47 48 49 50 55 57 58 59 61 63 67 68 70 71 72 74 78 82 84 86 88 89 93 94 96 97 99 101 103 104 105 107 108 109 110 111 112
62 1 2 4 5 7 11 13 15 17 23 25 26 29 30 33 34 35 36 38 39 40 42 44 45 46 48 50 51 54 55 57 58 59 61 62 63 64 68 70 71 72 73 74 76 81 82 87 89 90 94 95 96 97 101 102 103 104 105 106 107 110 111
53 1 2 4 8 9 12 13 15 18 19 22 26 29 30 31 36 37 39 43 44 45 46 47 48 49 53 56 58 60 61 62 67 69 72 75 76 78 84 85 86 89 90 91 94 95 96 98 100 102 104 108 111 112
57 1 5 6 17 18 21 22 23 24 29 30 32 34 35 38 39 41 42 43 44 47 50 51 55 57 58 59 61 65 68 71 72 73 74 77 79 84 85 86 87 89 91 93 94 95 96 99 100 101 103 104 105 107 109 110 111 112
59 2 6 8 10 11 12 13 14 16 18 20 23 24 25 26 27 28 30 34 36 38 39 40 42 43 44 45 47 48 51 54 61 62 63 69 72 75 78 82 83 85 87 88 89 90 91 92 93 94 95 97 98 102 103 105 106 109 110 112
52 1 2 4 5 7 8 12 13 14 16 21 22 23 26 27 28 32 34 35 37 38 40 43 45 46 47 49 54 55 57 58 59 60 62 64 67 70 72 81 83 84 86 88 94 95 96 101 106 107 108 111 112
70 1 2 3 4 5 6 9 10 11 13 15 16 19 20 21 23 24 25 26 29 30 32 33 35 36 37 38 39 40 42 43 44 45 47 48 50 54 55 56 57 59 60 61 63 64 65 66 67 70 71 72 76 77 78 81 82 83 84 88 89 90 95 97 99 105 106 107 109 110 112
53 1 4 8 11 12 13 15 16 20 21 25 26 28 30 33 34 35 41 42 43 44 48 49 50 55 58 59 63 66 67 68 70 72 75 77 78 80 81 85 86 89 90 91 98 100 101 102 104 105 106 109 110 112
58 3 4 8 9 11 12 14 15 17 18 21 24 25 27 28 30 31 32 33 34 36 37 41 45 47 49 53 54 56 58 59 60 61 62 63 64 66 67 69 71 72 73 74 80 81 84 92 95 98 100 103 104 105 107 109 110 111 112
55 3 4 5 8 9 11 14 18 20 23 24 25 30 32 35 36 38 42 43 44 48 49 53 55 58 60 62 63 65 66 69 70 71 77 78 79 80 81 82 84 85 87 89 91 92 95 96 97 101 103 105 106 107 108 109
60 1 3 4 6 7 8 9 10 18 19 23 27 32 35 36 37 38 39 41 43 44 46 47 49 50 52 53 55 56 58 59 61 62 66 69 72 75 79 80 81 82 83 86 87 88 89 90 93 94 95 97 100 102 103 104 105 106 109 111 112
55 3 4 5 6 9 11 12 14 15 16 17 20 23 27 28 29 34 37 38 39 43 47 48 51 52 55 59 64 66 68 69 70 72 76 77 78 81 82 83 84 85 87 92 95 96 97 99 102 104 106 107 108 110 111 112
67 1 3 4 5 7 10 12 13 14 15 17 18 19 24 26 28 29 30 31 33 34 35 37 38 41 42 50 53 54 55 57 60 61 62 63 64 65 67 70 71 72 73 74 77 78 79 80 81 83 84 85 87 93 94 98 99 100 101 102 103 104 105 107 108 110 111 112
45 1 3 6 8 11 14 16 18 20 21 22 24 27 28 31 33 34 35 40 41 42 46 47 49 53 59 60 63 75 76 78 80 83 84 88 89 90 93 96 99 101 104 105 107 111
49 4 5 9 11 12 13 14 17 20 21 23 24 25 26 30 32 34 35 36 37 38 40 42 45 47 55 57 60 62 63 65 66 67 68 71 74 78 82 86 87 91 94 96 99 106 107 109 110 112
56 3 7 8 9 11 12 13 14 15 17 18 20 21 23 26 27 29 34 36 37 39 42 44 46 50 51 52 53 59 62 64 67 71 77 79 80 81 83 84 85 86 87 89 92 94 96 97 98 99 103 104 107 108 109 110 111
54 4 5 7 10 12 13 14 17 18 20 21 24 25 30 31 38 42 45 46 47 48 50 51 52 53 56 58 60 61 62 63 66 67 69 72 73 76 78 79 82 83 87 88 89 90 93 95 98 99 101 103 104 107 112
56 4 6 14 15 18 19 20 22 24 25 27 28 29 30 33 39 40 41 42 43 45 49 50 51 56 57 58 59 60 61 62 64 65 66 71 73 74 75 78 85 89 90 91 93 94 95 96 97 98 103 104 105 106 107 108 109
51 1 2 3 4 10 12 14 15 18 20 22 23 24 25 26 28 29 30 32 33 34 37 38 41 44 47 49 52 56 57 58 64 65 70 80 83 86 88 89 92 93 95 96 97 98 100 102 108 109 111 112
48 3 4 6 7 10 12 13 14 15 20 23 26 29 31 33 37 38 41 50 52 53 56 59 60 61 64 66 69 74 75 76 78 80 81 88 89 90 92 93 95 96 99 103 107 108 110 111 112
59 1 2 4 6 8 9 12 14 15 16 17 18 19 21 27 30 32 33 34 35 37 39 40 41 43 44 45 48 50 51 53 54 57 58 60 61 63 64 65 66 67 69 73 75 76 77 81 83 88 89 91 93 96 98 99 103 108 109 110
58 1 6 7 8 11 16 17 20 23 24 25 28 29 32 33 35 40 41 43 45 46 50 51 52 53 54 61 64 65 66 69 70 71 72 73 74 76 78 80 82 84 85 89 90 92 95 98 100 101 102 103 105 106 108 109 110 111 112
48 1 2 7 12 15 16 21 22 25 27 30 31 34 35 37 38 44 45 47 50 56 59 60 62 71 72 76 77 79 80 81 82 83 84 87 89 91 92 93 96 97 100 101 103 108 109 110 112
52 1 2 5 7 14 16 17 19 20 21 25 26 31 32 34 38 41 45 46 47 48 52 55 56 57 58 60 62 65 67 68 70 71 72 75 78 79 80 87 88 90 93 94 99 100 101 104 105 107 110 111 112
50 5 8 15 16 19 21 22 23 26 29 32 33 37 38 40 47 48 53 57 60 61 63 65 66 68 73 74 75 76 77 79 81 82 83 84 86 87 88 92 94 95 98 99 101 102 103 108 109 111 112
56 3 5 6 12 13 14 15 16 18 19 20 23 25 26 30 31 33 34 37 39 43 46 47 48 49 51 55 60 61 62 63 65 67 68 69 70 71 76 78 79 81 83 84 85 87 88 90 91 97 103 104 105 106 107 111 112
58 3 4 6 8 10 11 13 14 19 20 21 22 26 27 29 30 32 33 34 37 39 43 45 47 48 53 54 56 57 58 59 61 62 63 66 67 68 70 73 78 82 86 87 88 89 90 94 95 96 99 101 102 103 107 108 110 111 112
49 1 3 5 7 8 9 10 11 13 14 16 19 23 28 31 35 40 41 42 44 48 50 54 55 56 57 59 63 65 66 69 70 72 73 75 77 78 79 81 82 86 88 92 97 98 100 104 105 110
61 1 2 3 4 6 7 9 10 12 14 15 16 20 21 22 23 27 29 30 32 38 45 46 47 48 49 50 51 55 56 59 60 61 63 66 67 68 69 71 77 78 80 81 83 85 86 87 88 89 90 91 92 94 98 100 103 104 107 108 111 112
56 2 3 5 6 13 14 15 20 21 26 28 29 30 31 32 34 36 37 40 42 43 45 47 49 50 54 56 57 59 60 61 62 66 68 69 72 73 74 76 77 79 80 85 87 89 90 92 94 95 96 103 104 105 107 110 112
55 4 8 9 10 11 15 16 18 19 20 23 24 28 29 31 32 34 36 39 40 42 47 49 52 55 56 57 58 59 60 61 62 64 65 66 68 69 70 71 72 77 78 80 84 89 91 92 94 96 98 101 105 108 110 112
49 1 3 7 13 14 15 16 19 20 23 28 29 31 32 35 40 41 43 49 56 57 60 61 62 63 66 67 68 73 76 77 79 80 82 85 87 89 90 91 92 95 97 98 99 100 105 106 110 111
45 1 2 4 5 16 17 20 21 25 26 27 30 36 38 39 40 42 43 45 48 51 53 57 62 63 65 68 72 74 80 83 84 87 88 89 90 92 93 98 99 100 101 104 110 111
51 1 4 7 9 11 14 15 17 21 22 24 26 27 28 29 30 34 37 38 42 43 45 47 50 52 53 54 56 57 58 59 61 63 64 67 68 70 79 80 81 86 91 94 99 100 102 104 105 107 109 110
59 2 4 6 8 9 10 12 13 15 16 17 18 19 24 31 35 36 39 40 41 43 45 48 49 50 53 56 57 58 59 60 63 64 66 68 70 71 75 76 77 78 84 85 86 88 89 90 91 92 95 96 97 98 100 101 103 108 109 111
60 2 4 6 10 11 14 15 17 18 20 21 23 24 25 26 27 28 30 34 35 37 38 39 42 50 53 56 59 61 62 63 65 66 67 69 71 72 73 75 77 78 79 81 82 84 85 90 91 92 96 98 99 100 101 104 105 106 108 110 111
57 3 4 5 7 8 11 14 16 17 21 22 23 24 25 26 27 30 33 36 37 38 40 43 44 48 50 51 52 53 56 57 58 59 63 64 66 67 70 71 74 75 76 78 79 83 89 90 93 94 96 97 98 100 101 102 103 106
51 3 4 6 13 14 15 16 17 19 20 22 28 31 34 37 39 41 42 43 44 45 46 47 48 51 55 68 69 74 77 80 81 83 84 86 88 89 90 92 95 96 99 100 101 102 103 104 106 108 110 111
53 1 3 5 6 7 8 10 13 15 19 20 21 22 23 26 28 33 43 46 49 50 51 53 54 56 57 58 59 60 62 63 65 66 67 68 69 73 78 79 80 82 89 90 92 93 97 98 99 101 103 106 108 109
51 3 8 12 13 14 17 22 23 26 27 31 32 33 34 38 41 42 44 46 47 49 50 51 52 53 54 56 57 62 66 67 68 74 77 80 84 93 94 98 99 100 103 104 105 106 107 108 109 110 111 112
54 1 2 4 5 6 7 8 11 13 15 18 19 21 26 27 28 29 30 31 32 34 35 37 38 47 49 50 52 53 56 57 60 62 64 65 66 67 69 71 80 82 86 87 88 89 91 93 96 99 101 102 103 106 109
57 1 2 4 5 7 8 10 11 12 15 16 17 18 20 22 25 26 27 28 29 31 33 34 38 39 41 42 43 44 45 49 51 53 60 61 62 64 69 70 72 74 75 77 80 81 84 86 87 89 90 93 101 102 103 107 109 112
49 3 4 5 7 8 11 12 15 17 18 19 22 25 26 28 31 32 33 36 38 43 44 46 47 49 51 53 56 58 63 67 69 70 71 72 83 84 86 88 89 94 96 98 99 100 109 110 111 112
55 1 3 5 7 9 10 12 13 14 15 19 20 24 26 29 30 32 34 37 38 39 40 42 47 48 49 51 52 53 54 56 59 60 65 66 69 72 74 75 76 78 83 84 87 89 91 95 98 99 101 102 104 108 109 111
57 1 3 4 7 15 17 20 22 26 28 29 32 34 36 39 40 42 43 44 47 49 50 56 59 60 61 63 64 65 67 68 70 71 72 75 79 81 82 87 89 90 91 92 93 97 99 100 101 102 103 104 105 106 107 109 111 112
50 1 4 8 9 14 15 16 17 18 19 24 25 26 27 32 37 40 42 45 47 51 52 53 55 58 59 60 62 63 67 70 71 74 75 76 80 84 86 88 92 93 97 98 99 101 102 105 106 107 109
64 1 2 4 6 7 9 12 13 14 15 16 17 18 23 24 25 30 32 33 34 37 38 43 44 46 48 49 52 53 55 56 57 58 59 61 63 66 67 68 70 71 72 73 74 75 79 80 81 82 83 84 85 87 89 91 93 94 95 100 102 103 104 110 111
59 2 4 8 9 12 13 14 15 16 17 18 23 26 28 29 31 34 36 37 42 44 45 46 52 55 56 57 58 60 63 64 65 67 69 70 71 72 73 74 78 80 81 82 83 84 85 92 94 95 98 100 103 104 105 106 107 108 110 111
60 1 10 11 12 13 15 17 21 25 26 28 29 30 32 34 38 39 40 42 43 46 47 48 51 54 57 58 59 62 63 64 66 68 69 70 71 73 75 78 79 80 84 85 87 88 89 92 93 94 97 99 100 104 105 107 108 109 110 111 112
57 5 7 8 9 11 13 14 15 21 22 25 28 30 36 38 40 41 42 43 44 46 47 49 60 61 62 69 70 71 72 73 74 77 78 79 82 83 87 89 90 91 92 93 96 97 98 99 102 103 104 105 106 107 108 110 111 112
56 1 3 6 7 9 10 12 13 16 18 19 21 23 24 28 29 31 33 34 35 37 38 40 41 44 45 47 51 52 60 62 64 66 67 68 70 72 74 77 79 80 81 84 85 88 91 92 94 95 101 103 105 108 109 110 111
61 1 2 4 6 9 10 11 12 13 15 17 19 20 21 23 24 26 27 28 30 32 36 37 39 40 41 42 43 44 46 47 48 51 53 55 59 60 61 62 65 69 70 71 73 74 78 82 85 89 90 92 94 96 97 99 103 105 107 110 111 112
51 1 3 4 10 11 12 14 15 19 20 22 23 25 26 28 29 30 39 40 43 45 47 48 49 50 51 53 57 58 59 71 73 76 78 79 80 81 83 84 86 87 90 91 92 94 97 99 100 105 107 110
56 1 5 6 9 10 11 19 22 26 28 30 31 32 33 35 36 39 40 42 44 46 47 48 49 50 51 53 54 56 59 61 64 65 68 72 76 80 83 84 85 87 88 89 91 92 94 95 96 97 98 99 103 104 107 108 109
60 1 2 3 7 8 11 12 13 14 15 16 17 18 20 22 23 25 26 27 28 29 31 33 35 37 38 41 42 43 45 46 48 50 51 52 53 60 63 66 71 72 74 76 79 80 84 87 89 92 95 97 99 102 104 107 108 109 110 111 112
53 1 5 7 8 10 11 13 16 18 21 27 28 31 33 35 37 38 39 41 42 43 46 47 48 50 53 54 58 59 60 61 62 69 74 75 76 78 81 82 83 86 87 88 90 94 96 99 100 103 104 106 108 112
65 1 3 5 7 8 9 11 13 14 16 22 23 24 25 26 27 28 29 31 35 37 39 40 41 42 43 44 45 48 49 50 52 53 54 57 58 59 61 66 70 71 74 75 76 77 79 80 83 85 87 89 93 95 96 97 98 100 104 105 106 107 108 109 110 112
53 1 3 5 6 7 8 9 10 11 17 20 21 22 24 25 26 27 28 30 33 34 38 39 41 42 45 50 51 52 57 60 64 66 68 73 74 75 76 80 88 91 92 94 95 97 98 99 100 102 103 104 107 108
43 1 2 3 5 8 9 10 15 19 21 24 31 33 36 37 38 43 47 50 53 57 62 63 64 68 70 71 74 77 80 86 88 89 91 92 95 96 100 102 103 105 107 110
52 1 2 10 12 13 14 18 20 24 25 28 30 31 32 33 34 35 36 39 40 41 42 43 44 45 47 52 53 54 58 61 63 64 65 69 71 72 73 75 80 81 84 85 86 87 89 91 97 98 101 105 109
57 1 2 4 5 7 9 10 11 12 13 14 15 17 18 22 26 30 31 33 34 36 37 38 39 41 44 48 49 50 53 55 56 57 58 62 67 70 71 72 73 74 78 79 80 83 84 87 88 90 91 95 96 97 102 103 109 110
56 4 6 7 10 13 14 15 16 17 19 21 22 27 28 29 32 33 34 35 36 37 38 42 43 44 45 46 47 50 51 54 57 58 62 64 65 67 68 73 74 75 76 77 83 84 85 88 90 91 93 94 95 101 103 107 109
60 1 3 4 5 6 7 9 11 12 13 15 17 18 19 20 21 23 27 28 31 34 36 39 40 43 44 45 47 48 50 51 54 57 58 59 61 64 65 66 67 68 78 79 80 81 83 84 88 89 90 91 94 95 96 97 100 101 102 104 110
51 2 6 8 11 13 15 16 18 19 21 23 25 26 29 32 38 43 45 46 47 53 54 55 59 62 64 67 68 70 71 72 74 75 79 80 87 88 91 93 95 96 98 99 101 104 105 106 107 108 110 111
49 1 4 6 8 9 11 12 13 14 17 19 21 23 31 32 33 38 39 40 45 52 54 55 57 58 63 67 68 70 77 80 81 83 87 88 89 90 91 93 96 97 99 101 103 105 108 109 110 112
49 4 5 9 11 12 18 20 21 22 24 28 30 31 32 33 36 37 38 43 52 54 55 60 61 63 64 66 68 69 70 72 73 76 78 80 81 83 87 88 89 90 97 98 99 102 103 104 107 109
56 2 6 8 10 12 14 15 16 17 18 19 20 25 26 27 30 31 32 38 42 43 45 47 49 50 52 53 54 56 57 59 60 61 63 65 68 72 74 75 79 81 82 84 85 89 91 92 93 96 99 101 102 103 105 110 111
54 1 2 6 8 9 10 13 14 16 17 18 19 20 22 23 24 27 28 32 33 34 35 36 38 40 43 46 48 49 50 54 58 60 61 62 65 69 75 79 81 82 85 87 90 91 96 98 99 101 102 103 105 106 110
58 2 3 5 7 10 11 12 13 14 15 16 17 24 27 29 30 31 33 35 36 38 40 41 43 44 45 46 47 51 52 53 56 58 60 62 63 64 66 67 69 71 72 75 76 79 80 82 84 86 87 93 97 100 101 102 106 108 112
59 1 2 3 4 6 12 13 14 15 18 19 20 23 24 25 27 28 29 30 32 33 34 36 38 41 42 43 45 47 50 54 58 60 61 63 64 65 68 71 74 77 78 80 81 82 84 85 86 87 89 90 102 103 105 106 108 109 111 112
51 1 3 4 7 11 13 16 17 21 22 25 26 27 30 34 35 36 37 39 40 42 45 47 49 50 57 58 60 62 64 66 68 70 73 74 76 77 80 81 82 83 85 86 88 92 94 97 99 104 107 112
60 4 6 8 10 11 13 16 17 19 22 25 26 27 29 34 36 40 41 43 46 48 49 50 51 52 53 56 57 58 62 63 65 66 67 68 71 73 76 79 80 81 82 84 85 87 88 90 92 93 94 95 96 97 100 102 103 104 108 109 111
54 3 10 11 13 14 15 16 18 22 23 24 25 26 30 33 36 37 38 39 41 42 44 46 47 48 49 51 55 61 62 63 66 70 72 78 80 81 82 85 86 91 92 94 95 96 97 98 100 101 105 106 109 110 112
58 1 6 7 8 9 13 15 16 18 19 22 23 24 29 30 31 32 33 34 38 39 40 41 43 46 48 51 53 54 55 56 57 58 59 61 63 65 66 67 70 73 78 79 81 84 86 88 89 91 92 95 97 99 103 104 106 107 110
57 3 4 8 9 10 11 14 18 19 21 23 24 26 27 31 34 37 39 41 42 43 44 46 47 52 53 54 56 58 59 61 63 67 68 69 71 73 76 77 78 79 81 82 86 87 90 91 92 98 101 102 104 105 106 109 110 111
60 1 5 6 9 10 11 13 16 19 23 24 25 29 30 32 33 35 36 38 40 41 43 44 50 51 54 55 57 58 59 60 61 62 63 64 65 66 69 72 74 75 76 80 82 85 88 89 90 92 94 95 98 100 101 102 103 106 107 108 109
48 3 6 7 10 11 13 17 18 19 20 23 24 26 28 31 34 35 39 40 41 44 45 47 50 52 56 58 59 60 61 62 65 71 72 78 79 81 84 86 89 94 95 96 98 107 109 111 112
65 1 2 3 5 11 12 13 20 24 25 26 27 28 29 31 32 33 35 38 39 40 42 43 46 49 50 52 53 57 60 61 62 64 65 66 67 68 70 73 75 76 79 80 81 84 86 87 89 91 92 93 94 95 96 97 98 99 101 102 104 107 108 109 111 112
