941 638
17 34 195 164 618 269 557 559 48 366 210 399 212 309 404 601 538 635
19 256 354 483 548 549 422 294 199 323 45 338 115 436 53 344 505 573 510 189
21 256 541 388 165 516 553 425 41 172 524 426 527 399 209 343 569 634 475 253 158 413
19 322 99 292 517 613 69 584 233 334 463 623 209 335 402 601 122 314 185 156
17 193 484 391 392 426 235 142 623 177 87 632 567 442 219 539 541 605
26 3 259 11 267 19 153 295 299 429 176 177 180 54 65 322 450 200 202 588 461 338 598 356 489 247 119
25 136 28 285 288 163 292 294 296 563 307 576 323 582 328 457 595 213 476 350 606 362 495 118 504 637
12 224 193 9 393 586 108 21 247 376 475 380 575
20 161 194 323 228 390 198 552 232 362 73 141 429 210 405 278 21 185 187 188 604
32 512 8 393 138 395 268 520 19 532 281 540 292 293 41 435 313 189 191 198 470 472 474 98 612 103 489 492 365 371 630 247 378
23 384 134 264 267 155 417 162 296 178 315 577 453 583 590 464 465 88 240 245 120 253 638 127
22 392 158 289 430 178 180 184 441 573 448 341 598 600 219 606 481 614 359 233 363 493 627
31 514 130 137 522 150 537 26 170 563 62 67 323 457 337 594 338 86 91 476 349 477 480 609 356 360 488 361 492 493 109 255
27 129 266 11 530 147 277 407 416 164 311 571 328 457 78 591 337 84 601 602 603 605 480 357 613 233 367 371
21 257 581 168 425 234 11 621 269 623 16 497 625 211 80 114 275 505 345 219 89 510
18 386 389 5 201 169 171 77 525 494 466 20 116 598 342 569 218 93 255
22 13 142 400 539 34 295 44 50 436 566 315 62 195 451 461 477 483 487 361 362 238 503
17 512 320 514 35 452 584 169 42 105 431 336 337 249 410 474 636 255
20 2 195 453 166 553 429 463 624 370 211 116 21 22 534 600 344 628 315 380 252
17 32 259 37 69 9 11 107 205 272 560 532 90 283 60 155 637 63
8 481 611 35 11 12 207 277 630
19 65 611 484 5 423 522 42 172 78 81 466 405 309 89 186 91 122 220 474
33 512 257 387 6 519 134 16 403 277 152 549 555 562 307 437 191 577 325 204 463 466 214 222 481 485 230 232 363 236 108 114 382 255
23 265 408 536 32 545 44 560 305 53 310 313 186 69 327 75 209 210 337 214 222 95 620 638
26 258 525 274 151 29 287 562 567 570 445 192 200 203 463 336 344 601 602 91 347 474 614 371 119 504 636
25 260 135 403 417 41 434 189 448 320 324 581 582 201 74 80 344 217 484 228 240 243 248 506 123 638
16 227 230 518 106 300 173 208 497 80 243 20 346 90 507 221 286
20 415 479 349 32 541 577 38 95 8 131 331 461 176 145 442 443 317 29 510 63
19 317 255 132 196 486 551 390 143 495 468 308 150 375 24 219 412 509 476 254
30 387 265 396 526 148 152 284 542 31 416 550 312 189 318 325 334 207 209 468 471 90 602 604 351 226 227 363 626 499 122
16 71 9 522 489 556 429 111 145 530 369 468 628 593 626 58 92
27 128 261 8 523 14 271 149 283 159 544 547 36 422 424 42 183 449 450 456 604 351 224 609 363 108 628 248
19 382 129 389 134 453 72 138 557 142 370 20 502 503 631 633 59 125 414 127
23 2 258 143 17 23 409 282 286 414 544 417 543 419 167 555 303 562 435 64 468 122 379 380
23 257 518 134 14 275 278 556 50 311 443 577 329 77 206 208 345 90 606 97 355 360 108 502
18 64 224 194 101 229 71 551 423 490 393 549 104 275 20 340 403 25 314
23 385 513 150 412 444 574 323 454 455 77 473 349 94 481 354 611 616 239 112 497 370 502 254
17 608 66 450 69 133 394 270 112 404 149 533 632 218 28 156 92 607
13 289 193 359 104 401 306 86 345 218 507 508 446 319
21 191 127 447 164 165 38 135 71 230 171 44 111 272 496 147 437 345 473 217 637 607
24 517 397 13 277 410 542 549 55 188 62 319 322 69 458 209 88 601 603 351 105 114 501 379 636
20 347 195 582 199 521 171 493 333 269 78 497 22 566 25 505 441 219 509 91 383
21 65 418 451 613 582 453 392 201 272 626 211 371 306 600 57 122 379 314 250 444 63
24 142 144 17 283 161 162 37 423 315 445 318 319 577 204 208 82 472 604 476 608 354 488 105 246
29 131 278 159 288 292 167 425 169 301 52 573 61 576 77 593 209 469 87 215 91 477 611 613 615 360 362 628 500 638
24 384 1 387 516 13 286 159 287 423 311 313 442 58 576 66 466 602 612 230 360 109 624 246 637
17 384 608 577 483 136 9 204 268 398 431 590 625 466 403 183 473 187
20 193 514 517 518 358 76 620 207 144 338 594 436 245 404 599 148 25 532 285 287
29 127 1 258 142 165 549 299 44 438 312 568 313 577 69 201 587 593 467 598 352 482 103 495 112 367 626 504 379 383
23 260 262 137 138 14 276 286 414 424 44 560 51 196 591 466 340 343 96 622 245 119 376 125
22 146 531 408 537 155 285 159 570 581 72 336 339 342 95 352 611 488 110 116 245 249 127
23 384 3 270 530 531 405 279 413 162 420 165 551 43 429 309 55 574 577 340 346 604 222 610
21 480 33 290 195 484 615 489 362 523 109 334 558 304 591 402 339 462 437 251 284 412
19 160 321 449 547 484 196 132 68 192 329 2 139 621 242 498 439 23 313 317
27 515 143 144 401 19 535 425 42 300 175 433 56 456 457 331 78 599 345 476 350 351 482 618 115 501 247 638
30 384 133 10 407 24 537 283 27 287 290 35 418 296 297 45 175 47 49 178 306 440 601 347 478 625 115 500 373 371 125
16 568 322 613 167 426 624 275 182 376 281 153 122 284 445 318 255
17 32 227 197 618 108 558 398 335 595 468 183 184 473 345 507 477 127
25 147 428 175 53 440 313 187 62 447 63 197 461 79 594 344 219 350 94 609 361 105 373 506 637 126
23 512 392 403 405 27 539 419 550 300 439 199 585 465 594 351 481 102 240 631 505 634 379 251
22 512 258 389 14 540 158 416 161 165 557 46 177 434 593 473 94 608 609 99 108 631 635
31 258 519 10 531 537 28 286 545 167 168 169 560 56 441 316 450 452 324 582 581 584 201 464 209 473 602 96 482 488 234 634
11 1 577 613 487 551 71 75 143 152 505 573
21 447 38 167 296 392 522 171 268 49 145 337 146 631 184 343 314 122 412 317 318 255
18 32 481 196 100 73 618 587 170 107 270 528 304 594 52 469 27 251 509
20 223 545 161 512 162 5 358 95 40 328 400 626 595 117 629 88 154 636 349 479
18 164 199 361 171 268 557 621 622 140 19 149 183 185 153 59 27 413 607
18 448 161 102 263 326 169 42 233 620 77 621 624 594 277 601 509 30 383
27 2 516 4 267 398 143 23 538 412 540 563 57 186 448 455 328 329 72 340 471 487 361 491 368 629 633 636
15 129 65 417 199 583 10 298 77 175 114 278 311 537 282 125
28 128 134 12 399 401 276 406 535 159 290 420 166 173 565 313 314 317 192 193 198 455 205 210 475 616 112 116 248
16 577 130 388 294 201 106 42 559 115 563 501 630 151 376 571 126
18 421 102 39 133 167 298 391 524 334 272 624 440 408 314 472 91 317 543
12 391 104 41 12 364 308 149 345 636 541 286 156
15 607 194 132 617 522 491 171 76 432 337 594 213 153 411 287
25 129 135 142 15 273 145 149 283 286 295 426 432 566 185 194 81 209 89 349 94 223 363 241 243 254
20 255 190 130 35 484 552 460 205 526 529 211 371 372 345 186 314 473 573 222 447
16 3 7 40 330 77 269 463 366 367 405 278 345 602 282 506 442
15 64 3 165 6 618 173 49 50 338 84 343 25 27 541 223
17 68 388 326 100 616 201 587 494 238 334 529 404 116 438 249 317 605
22 134 392 292 550 423 38 42 557 184 89 479 354 483 484 491 622 239 369 376 123 125 127
31 384 257 529 406 414 427 173 560 438 442 191 65 71 583 209 468 598 86 88 229 357 231 487 489 492 238 116 629 501 503 381
17 418 453 486 582 456 298 395 460 589 366 303 310 313 250 538 221 638
16 383 289 162 63 421 102 391 458 426 234 48 272 530 183 348 31
22 386 131 391 268 145 151 538 561 187 572 318 451 325 583 336 465 337 620 111 497 375 255
12 258 3 68 612 454 619 591 243 219 155 190 574
21 255 545 514 517 71 425 42 493 270 175 562 370 502 503 215 409 603 571 29 476 447
27 258 518 6 392 527 274 277 29 545 420 303 176 567 568 569 441 194 325 587 589 210 350 480 488 626 629 504
20 448 132 101 422 583 516 8 106 331 235 455 134 591 624 17 307 411 604 92 542
16 384 583 168 333 81 145 276 52 150 567 213 122 635 92 318 479
23 261 136 265 141 15 144 529 146 530 282 157 163 37 558 183 312 71 73 232 110 495 241 125
27 136 397 145 146 21 151 409 41 297 175 177 563 570 447 579 581 74 462 596 226 104 105 113 115 244 632 126
19 449 132 292 551 585 522 363 334 399 78 592 498 403 178 242 473 377 251 602
24 514 386 260 7 263 146 403 414 313 186 318 457 75 86 343 606 101 234 490 492 107 622 368 632
21 482 291 420 260 327 393 266 587 524 108 362 175 463 49 494 16 77 117 473 155 477
17 384 352 546 292 6 102 621 495 82 435 51 151 504 537 59 381 638
15 194 548 549 551 264 393 139 558 466 563 21 280 314 572 575
22 4 13 270 539 34 294 301 303 179 311 59 316 61 318 65 98 231 365 243 253 382 127
21 288 289 162 547 391 584 9 586 139 555 621 429 465 115 275 405 148 374 217 508 255
27 516 389 272 149 406 153 412 413 30 51 54 61 449 203 82 600 345 473 352 367 497 501 250 379 122 509 252
23 128 269 284 286 419 47 179 442 574 319 585 459 335 592 352 616 233 493 367 368 242 632 511
23 137 267 526 15 536 153 165 428 176 560 434 178 309 566 579 67 330 227 236 502 375 377 121
26 258 131 389 391 138 527 401 157 425 435 309 314 60 451 68 208 84 597 86 603 98 355 492 110 238 629
22 264 265 10 520 141 19 276 45 561 187 450 578 69 466 600 90 347 356 241 113 120 381
24 512 141 142 143 280 541 160 424 40 42 299 307 77 335 341 473 603 354 226 356 485 103 622 253
20 512 130 198 294 138 106 394 590 463 340 149 438 23 472 500 20 59 91 221 571
23 1 132 263 136 521 395 156 290 34 166 295 46 305 186 587 90 219 224 226 497 498 125 638
12 352 321 422 104 9 396 79 404 277 539 381 543
21 638 257 126 291 196 7 617 395 524 333 177 178 403 19 17 374 152 444 509 446 349
18 542 579 263 424 232 615 300 492 590 559 593 178 183 440 120 541 158 287
28 6 272 149 24 29 158 294 38 296 428 46 57 323 454 327 329 77 334 344 601 354 356 484 619 241 626 369 498
25 257 3 139 13 143 149 21 27 285 293 170 44 435 451 455 207 465 85 599 89 475 228 100 107 366
24 1 387 388 395 11 21 22 287 301 558 433 51 74 588 594 224 108 493 368 625 376 506 380 125
14 31 65 228 357 517 9 459 43 269 587 308 636 93 95
18 352 66 259 618 364 301 366 528 145 624 531 404 598 377 602 540 477 478
19 447 2 42 171 363 10 462 111 402 468 436 470 87 280 601 377 569 126 383
16 481 609 419 260 514 166 557 558 207 433 180 88 473 539 350 287
34 256 514 265 17 533 21 294 296 41 311 567 568 314 445 196 325 454 326 463 597 470 601 90 346 217 607 609 233 363 626 499 630 633 254
21 320 481 354 578 327 231 359 551 455 106 233 207 369 115 309 86 632 186 187 637 607
25 258 7 135 392 395 270 409 163 303 440 458 74 79 220 224 96 610 358 494 623 240 371 120 122 506
24 131 393 268 525 20 533 535 280 410 28 427 571 67 198 80 466 216 605 93 228 614 241 625 631
20 447 609 3 261 613 71 395 301 622 463 16 111 466 244 469 118 376 377 600 159
12 31 322 330 267 140 465 309 59 124 445 318 511
24 134 395 271 401 276 152 27 420 296 169 44 46 307 52 182 447 460 220 221 224 489 495 119 248
28 5 6 136 397 406 282 157 158 422 428 173 47 559 179 440 570 61 73 469 95 487 360 114 371 498 245 246 253
20 609 386 387 229 37 199 9 555 172 493 14 12 336 337 435 568 410 413 542 95
16 420 292 614 103 199 460 271 338 530 116 596 181 407 91 188 156
19 96 484 485 134 263 618 333 114 19 308 181 278 280 281 250 344 156 414 30
23 1 386 133 145 278 407 538 543 424 426 429 48 435 449 578 67 83 606 607 106 625 369 637
27 387 396 405 547 291 422 427 191 319 197 198 199 585 201 329 468 341 606 350 98 229 490 241 115 504 379 253
19 576 480 513 604 132 587 396 333 14 147 180 213 243 153 346 252 445 124 606
21 353 2 321 264 72 618 460 525 14 208 49 436 565 214 568 282 346 220 444 61 605
17 288 355 452 454 391 551 137 170 299 587 332 176 145 564 182 312 156
19 130 232 488 458 12 173 398 397 364 114 499 436 23 472 183 539 573 350 61
24 514 258 143 145 539 283 31 288 544 545 169 313 187 447 68 88 89 217 609 98 358 360 631 505
19 256 196 101 394 619 12 333 238 78 526 110 595 52 86 182 121 441 283 381
22 262 390 16 533 279 417 547 292 61 62 203 460 590 341 470 597 213 225 502 632 381 126
21 512 291 132 453 518 550 420 73 521 617 80 308 341 468 52 344 411 412 637 318 191
20 416 515 4 583 552 136 394 103 366 590 465 531 52 150 248 377 603 540 542 511
21 352 65 513 419 389 422 618 267 428 112 144 530 371 370 369 630 23 560 26 253 350
18 251 546 419 484 583 584 43 396 364 267 111 305 440 347 507 477 412 219
26 384 391 278 152 427 431 304 50 437 53 442 318 448 452 198 592 211 340 213 346 93 97 107 494 245 253
18 578 291 579 611 452 202 555 556 110 335 401 307 628 599 216 409 539 158
34 259 136 11 530 276 407 24 279 411 542 545 290 292 173 177 179 312 315 320 322 455 200 201 461 338 600 104 240 369 243 501 376 379 638
17 451 325 7 103 457 329 395 399 529 148 84 180 408 569 637 189 63
18 249 517 486 361 266 44 173 272 49 277 152 57 346 635 570 253 638 383
22 1 137 535 409 283 575 322 450 69 70 460 334 78 594 210 88 97 485 364 370 501 502
26 2 3 389 390 136 22 25 153 296 41 173 53 55 570 315 317 574 319 192 577 469 478 610 105 489 498
33 257 130 132 395 276 24 282 410 34 163 295 41 431 435 564 189 61 193 67 195 327 460 340 344 602 607 620 239 119 249 633 250 637
22 515 132 388 6 523 532 280 544 37 560 179 53 571 327 584 588 342 90 604 484 619 114
20 608 68 517 230 7 136 424 516 300 239 337 50 627 18 309 85 343 538 254 383
17 97 578 131 323 295 424 458 74 460 364 527 15 433 562 406 215 538
25 396 145 544 288 420 303 434 314 573 63 65 323 454 199 73 79 209 89 480 617 496 376 249 638 255
20 131 36 71 8 457 331 495 80 17 595 214 407 440 150 566 187 92 252 573 319
21 480 322 355 67 197 268 333 396 173 112 145 432 150 343 153 250 187 220 603 510 254
23 522 524 401 531 159 288 35 165 41 47 312 451 582 326 596 472 603 480 232 620 249 505 255
21 450 421 37 103 359 422 202 362 460 525 492 75 400 49 530 437 534 284 509 220 447
25 260 14 399 272 401 275 148 534 536 31 549 430 443 316 573 329 97 98 108 242 501 120 504 121 382
21 576 161 130 613 135 392 265 619 459 205 526 399 465 402 145 275 117 377 251 124 221
17 289 385 68 262 519 201 107 268 365 108 528 400 114 342 214 502 255
19 225 450 359 586 523 108 364 366 367 176 396 109 435 179 593 214 567 377 508
21 33 225 131 36 611 129 326 361 235 268 332 144 369 338 626 51 571 348 189 91 285
12 65 612 421 232 235 555 237 587 367 50 340 632
18 160 132 165 6 7 584 329 485 491 38 391 14 52 181 569 601 94 31
20 320 450 259 521 619 299 301 590 495 338 627 212 306 86 216 538 283 603 602 93
18 192 257 453 550 45 112 560 627 84 275 22 438 246 57 314 409 316 574
16 67 39 360 617 618 200 107 173 615 527 437 86 310 601 253 383
13 449 33 163 36 549 355 519 263 363 271 592 86 347
23 384 16 532 411 412 287 544 38 175 304 573 449 321 72 469 346 619 494 115 502 246 121 379
25 259 132 528 19 531 159 419 171 45 305 448 450 197 586 204 77 80 347 603 219 227 363 625 626 371
29 1 514 130 11 142 149 533 151 24 158 32 164 312 60 447 579 332 211 218 93 480 225 229 624 498 243 628 374 253
26 520 150 543 293 40 554 426 302 570 320 582 70 204 336 82 470 599 221 94 227 231 492 368 374 633 509
22 385 261 521 167 556 309 439 442 575 576 65 456 75 334 464 212 226 357 119 249 505 509
18 255 352 577 195 420 37 586 76 430 209 337 438 184 57 601 61 317 319
21 514 612 454 359 231 393 326 361 552 525 335 591 528 304 21 373 345 603 636 347 286
23 515 526 530 276 22 152 545 314 64 193 323 196 453 72 331 337 467 485 103 621 240 632 506
14 320 227 582 362 493 177 529 628 373 406 151 57 378 255
27 391 524 526 272 530 28 542 552 41 181 184 568 60 576 578 195 582 468 85 601 89 483 99 104 493 366 510
31 256 139 524 13 140 16 150 155 284 287 159 41 173 562 180 566 312 570 457 333 206 86 344 364 367 241 113 507 509 254 255
14 66 35 419 41 491 363 527 175 147 309 406 506 59 189
22 260 6 521 10 422 295 38 435 563 53 58 575 197 581 205 341 601 473 102 621 501 124
16 256 258 452 292 455 171 333 369 50 305 53 501 565 373 414 255
23 11 18 282 31 32 549 552 44 442 191 335 463 594 466 84 469 216 93 608 228 358 359 383
27 387 138 144 150 542 162 36 293 297 427 50 55 568 187 318 200 585 593 474 610 615 490 110 623 371 125 382
21 451 485 422 135 264 520 71 459 590 175 624 494 430 19 51 469 119 152 58 220 124
19 96 225 130 513 170 428 109 398 270 80 496 435 180 373 85 472 604 636 63
21 95 548 231 457 266 490 268 586 366 175 265 625 563 212 535 151 377 537 409 221 447
23 10 146 292 299 561 316 448 577 459 333 463 213 88 344 349 605 356 364 494 495 244 502 509
17 192 356 420 430 335 463 49 498 595 241 373 22 110 504 186 380 510
29 255 514 139 524 142 281 539 413 417 293 168 439 66 199 75 463 594 468 86 222 617 622 495 367 238 374 121 382 383
17 1 162 451 581 69 71 297 267 460 78 115 52 533 311 633 26 603
35 4 260 9 393 397 28 30 289 420 298 555 556 560 437 53 183 64 198 201 202 205 81 593 595 341 92 97 611 359 490 620 110 115 503 250
21 442 1 538 3 6 200 233 10 267 330 237 466 306 149 310 250 603 284 605 414 543
24 7 135 273 154 286 159 545 546 550 556 434 57 571 60 444 578 207 469 599 108 114 498 630 506
22 11 143 284 157 417 431 313 571 67 202 462 353 225 610 489 619 493 626 372 501 376 635
14 614 391 169 9 366 175 590 593 433 116 55 248 88 542
17 256 384 258 225 292 452 7 391 425 138 263 595 279 217 219 156 253
22 515 393 13 151 25 432 305 49 564 183 201 457 465 84 219 230 620 372 378 122 638 382
33 513 390 391 531 276 275 150 280 156 416 291 38 297 170 430 181 457 76 461 339 340 215 343 600 345 90 349 479 103 621 494 111 630
22 261 390 148 409 162 294 302 176 563 181 572 580 80 597 602 604 484 617 233 508 382 127
19 513 546 227 388 421 524 366 463 593 370 595 150 566 408 54 23 182 348 509
20 160 378 58 387 355 454 360 266 523 236 108 460 587 602 346 187 220 380 186 219
19 607 192 547 196 294 103 522 363 330 524 527 242 376 440 91 316 572 30 511
32 128 513 514 267 143 530 532 406 23 25 546 424 425 176 182 185 313 319 206 462 464 465 83 213 485 486 238 111 367 241 498 383
23 517 526 14 277 35 424 300 172 428 303 305 439 191 324 582 584 329 330 84 115 629 122 124
25 510 402 18 535 156 545 431 303 309 310 59 67 210 344 345 220 348 227 620 501 630 118 505 638 254
29 2 132 11 142 538 539 156 549 40 432 177 443 190 192 449 325 581 73 356 103 493 366 367 498 117 631 505 510 638
26 127 385 516 518 138 399 533 550 45 307 438 318 447 192 450 197 199 86 347 349 350 97 106 620 627 511
27 260 261 133 395 150 538 412 543 170 299 45 431 52 65 200 75 204 461 334 208 213 473 223 99 102 627 638
14 352 32 608 320 260 79 18 404 56 473 507 284 635 190
24 385 270 418 297 170 566 58 578 194 71 587 75 207 80 212 605 359 496 626 627 504 636 509 637
24 6 11 144 18 21 533 153 155 287 35 429 47 175 51 315 579 589 94 98 228 230 614 237 622
21 193 194 514 389 262 42 397 429 302 493 145 627 276 437 630 314 378 188 605 478 351
18 454 103 520 617 360 200 556 394 591 529 562 563 83 178 59 443 414 95
19 130 514 100 7 167 457 265 396 558 400 145 498 83 435 150 247 509 254 382
12 611 291 6 551 585 523 459 205 438 25 185 351
16 37 262 615 168 425 368 625 402 630 246 343 57 569 56 317 478
22 513 521 15 277 539 156 164 168 42 172 432 183 313 320 197 339 605 484 358 364 498 372
19 545 322 194 102 456 397 206 47 373 245 343 344 88 122 58 283 379 253 93
25 397 17 529 406 151 548 550 556 46 559 569 327 330 203 85 617 235 112 368 498 244 246 635 123 638
19 448 352 385 106 427 588 365 176 496 180 436 182 599 281 218 345 60 413 479
17 192 129 97 420 38 424 360 397 142 591 560 561 373 598 119 601 349
17 512 416 229 326 7 264 617 392 75 77 623 79 593 242 116 216 156
18 607 193 319 456 170 619 558 560 82 52 181 215 408 153 151 187 446 62
24 512 1 145 19 148 152 160 288 546 422 307 312 319 199 76 334 594 475 482 227 484 102 502 635
27 130 390 267 399 27 292 422 295 303 177 563 309 438 56 445 192 586 588 214 598 93 477 98 611 101 235 120
22 385 517 396 13 148 28 287 547 57 187 71 201 587 204 78 81 599 95 613 231 114 507
13 545 578 355 611 421 358 359 138 492 111 240 443 637
22 135 138 267 272 154 539 291 56 447 450 83 341 345 476 480 352 99 487 375 248 254 255
31 137 138 525 529 405 283 29 158 542 33 34 168 297 52 437 192 577 202 587 588 461 465 345 221 96 356 358 624 249 509 383
18 197 326 103 41 43 429 144 625 242 560 210 534 23 568 569 218 123 474
12 32 578 421 70 426 142 623 594 19 404 633 607
23 255 4 523 19 533 26 35 164 46 61 449 328 465 340 469 84 224 97 616 491 629 247 383
22 139 524 16 272 409 416 555 433 178 562 180 55 311 317 328 209 340 111 240 118 248 251
22 514 515 387 134 397 156 418 551 326 79 594 85 477 352 225 358 364 110 111 500 631 250
26 512 136 18 405 153 282 158 165 41 172 46 53 186 195 201 588 206 596 603 232 360 616 108 238 123 381
21 444 225 189 28 324 613 361 460 368 496 211 85 437 119 501 217 59 92 477 348 220
18 449 321 357 549 170 75 301 271 48 401 273 371 242 210 122 539 60 638
15 69 70 615 168 556 431 627 340 565 89 378 571 505 254 574
17 65 291 419 198 296 168 396 333 528 240 466 530 498 282 250 284 30
12 128 513 577 622 433 212 599 343 538 314 381 159
20 256 33 130 482 580 383 614 199 72 359 458 462 271 467 83 409 281 637 574 62
23 129 517 147 24 412 548 176 305 54 64 448 65 325 454 76 593 225 487 362 495 371 244 246
15 286 291 292 388 46 16 49 18 275 309 184 26 445 317 95
20 1 290 295 73 586 11 365 110 623 626 469 151 184 441 250 635 604 473 27 575
15 257 162 198 551 360 619 429 335 240 598 215 25 380 188 638
20 416 576 578 130 356 616 104 234 168 396 394 555 116 53 279 408 442 284 637 159
22 516 391 403 277 151 153 157 414 542 30 58 577 459 463 208 213 215 473 352 617 366 241
24 393 522 526 403 533 161 419 298 45 176 307 181 452 198 199 328 585 589 619 242 247 504 380 510
20 443 195 293 135 329 138 43 108 362 175 48 304 467 628 597 315 476 604 507 543
27 258 2 260 391 136 265 522 527 530 19 42 45 56 444 449 321 579 197 457 352 109 624 116 373 118 119 248
19 64 636 2 199 264 493 621 175 528 338 531 83 534 442 59 316 189 60 286
25 4 140 16 401 544 177 562 51 61 317 579 582 333 334 84 350 613 614 616 360 106 236 244 635 254
21 155 58 578 1 484 295 41 620 141 303 304 502 375 152 121 505 475 472 570 30 606
18 224 321 417 196 356 134 586 492 109 400 80 467 339 313 444 221 510 511
18 480 160 483 613 326 488 552 170 168 428 399 464 80 210 337 377 122 253
26 146 403 404 150 151 416 33 425 298 553 51 180 182 578 581 590 479 228 484 105 236 116 374 630 126 383
22 517 390 7 521 529 19 154 419 295 427 559 449 329 588 460 462 211 347 477 480 355 621
17 323 6 392 616 170 457 624 560 498 243 598 151 633 187 540 316 379
27 128 263 398 274 275 279 417 35 40 426 176 50 439 65 67 195 453 333 589 93 352 229 366 373 374 375 510
19 545 449 227 420 37 322 1 361 106 171 621 82 467 372 533 278 376 313 252
26 256 511 391 148 534 536 25 549 426 179 336 594 475 607 609 482 361 621 238 494 117 503 632 123 124 127
33 3 275 280 28 540 160 549 37 424 169 174 558 176 564 308 185 441 187 316 573 449 584 464 466 596 469 93 350 354 232 234 235 624
23 259 395 140 26 29 414 294 178 59 202 588 338 474 94 480 492 495 626 627 628 249 124 383
20 512 449 579 585 495 208 54 594 564 117 212 119 248 89 184 251 571 220 572 191
25 512 516 8 422 551 297 172 568 189 319 192 320 323 198 71 199 583 588 593 96 485 111 124 253 254
22 8 400 273 277 539 411 157 556 173 431 304 52 313 185 444 189 329 457 601 354 357 501
20 512 35 516 165 583 393 267 203 43 14 207 271 213 55 88 601 122 568 124 475
17 224 131 516 165 550 332 622 47 497 241 627 435 150 25 250 251 479
15 256 130 581 455 40 265 46 175 48 80 629 597 250 125 511
23 256 513 386 522 524 397 272 546 163 568 570 61 574 65 330 463 594 344 346 94 101 238 632
22 515 133 7 136 264 395 11 144 543 544 33 423 307 565 310 446 588 337 339 340 478 248
23 387 22 289 548 293 176 48 435 68 581 199 328 460 332 207 465 223 612 620 494 622 249 634
19 610 611 612 197 516 204 175 559 305 50 179 276 85 502 150 376 635 638 351
25 259 518 7 264 16 532 23 537 37 172 183 567 62 208 80 466 471 473 222 98 110 626 242 248 383
24 10 266 274 531 532 277 406 151 408 540 162 546 555 45 173 64 321 65 68 71 594 604 375 383
22 268 525 400 147 406 154 289 427 172 435 309 313 314 61 65 453 599 489 114 243 246 119
20 1 225 259 481 422 296 73 618 203 235 21 566 119 23 249 443 379 380 286 222
17 288 417 66 418 548 523 524 236 462 561 242 50 20 372 407 88 316
26 256 513 257 7 135 9 272 540 541 418 46 558 54 324 452 80 337 466 218 476 607 613 359 362 496 124
12 480 452 326 455 362 330 15 432 19 532 213 279
18 576 545 32 4 325 230 589 79 240 368 499 52 149 467 88 217 90 572
18 352 544 550 615 328 583 234 330 78 430 432 118 214 313 218 634 412 127
20 224 321 482 67 452 196 193 136 265 394 110 369 434 435 403 341 438 313 604 318
18 319 65 607 451 197 616 425 393 297 44 76 398 173 240 533 503 190 127
30 512 261 397 401 535 548 167 296 309 55 440 442 193 71 461 596 597 341 601 474 606 481 613 357 486 244 630 122 379 636
24 257 394 272 549 422 554 170 427 47 560 56 457 333 339 470 480 97 355 100 494 626 630 249 382
16 259 292 71 458 331 109 590 461 465 147 628 21 412 349 638 93
28 268 141 13 407 282 283 159 289 418 164 174 302 177 306 179 181 190 464 596 473 474 349 96 608 234 111 113 255
27 392 524 396 399 272 148 283 415 423 424 297 302 185 186 197 587 207 209 596 214 599 476 97 482 229 364 509
23 257 145 148 37 166 167 168 177 306 179 564 201 75 588 205 77 337 611 105 233 108 239 245
21 416 99 227 515 422 135 360 521 264 76 13 529 339 596 563 148 151 440 502 542 287
14 161 162 454 616 328 459 332 273 436 599 154 283 28 605
16 386 322 323 229 360 457 522 331 459 461 174 144 305 599 92 445
25 135 143 532 280 36 559 49 566 444 454 327 220 478 351 610 615 618 236 494 111 502 247 635 251 638
14 226 170 235 140 172 112 242 146 180 214 439 474 635 287
27 129 514 1 260 138 268 148 285 541 414 165 554 45 304 432 54 440 573 448 452 584 72 205 336 223 224 493
22 259 262 265 269 23 536 537 157 158 542 34 424 468 85 598 607 225 357 486 617 618 499
20 517 454 232 107 591 144 465 370 115 178 594 83 55 53 434 186 278 470 253 63
16 224 65 2 289 136 41 42 267 268 46 335 115 181 22 504 95
25 512 519 520 20 278 31 163 292 42 554 567 56 58 61 196 69 334 211 216 346 606 357 230 119 507
19 129 578 226 229 231 520 169 105 589 270 367 398 50 275 278 123 348 414 223
20 97 482 194 67 515 3 392 8 586 331 140 75 463 150 55 247 438 410 184 191
27 256 514 388 389 390 265 397 16 537 282 410 156 409 542 168 45 60 83 343 228 616 617 106 495 497 243 511
24 128 392 526 527 151 281 27 311 312 317 450 324 199 462 471 219 476 613 104 617 496 114 124 511
27 3 140 398 410 31 287 161 551 434 440 445 317 574 65 66 67 586 75 468 215 97 362 108 365 495 500 120
22 518 391 10 529 145 549 44 175 195 197 339 220 607 480 357 618 620 494 113 114 121 507
18 160 322 198 39 428 589 302 367 402 595 599 57 26 505 540 378 254 31
24 516 262 519 10 540 156 30 160 559 304 433 564 436 189 192 65 203 339 225 357 489 234 108 379
18 287 383 131 3 515 135 234 330 204 19 500 149 630 25 409 59 314 543
23 1 514 11 529 17 534 540 413 162 291 34 296 560 454 72 334 214 215 93 366 244 373 509
23 265 142 147 532 154 283 26 292 557 430 568 195 326 587 81 84 217 349 223 353 613 243 376
17 194 357 581 359 328 424 165 203 104 77 326 145 565 88 345 508 127
17 576 386 3 356 454 422 10 428 365 269 146 437 566 279 309 89 60
18 384 1 513 321 421 40 393 427 13 495 336 17 275 83 438 279 56 253
21 609 229 614 135 237 621 14 240 208 303 499 500 53 561 23 536 441 442 122 185 463
18 449 386 263 617 138 620 206 430 466 182 407 438 185 282 119 156 539 190
20 36 581 423 360 105 11 428 108 237 303 368 272 435 116 86 25 346 189 574 95
23 4 260 394 282 155 28 289 293 422 46 51 438 57 63 326 203 80 211 217 603 354 494 496
20 512 195 324 357 166 457 586 11 556 491 398 368 82 339 211 182 409 153 475 283
15 161 131 488 554 430 143 464 208 114 82 212 277 124 477 383
19 256 575 195 419 68 166 455 360 489 554 264 69 207 271 81 83 342 23 159
23 520 527 401 530 279 25 26 157 287 32 549 298 429 184 64 452 461 86 599 343 480 482 243
35 385 262 519 518 265 12 270 530 19 153 543 551 424 304 560 180 55 314 445 448 71 202 460 77 334 592 466 219 92 615 361 111 496 117 252
14 480 419 259 101 483 390 552 393 207 177 51 119 59 382
26 2 263 141 16 155 159 549 430 568 188 446 67 201 463 219 220 355 483 231 107 244 375 247 124 382 638
20 482 514 132 421 74 459 331 493 590 143 304 144 627 372 310 214 216 27 252 543
14 416 451 454 71 7 330 48 626 19 531 246 342 349 191
11 389 325 266 524 45 270 338 84 22 347 62
17 352 161 226 3 613 518 105 170 557 593 305 52 216 442 540 317 287
18 511 546 35 548 229 487 584 587 331 619 11 80 561 340 567 185 380 447
21 64 609 544 65 520 171 492 269 46 303 211 307 565 182 375 216 122 443 250 318 511
21 480 1 484 196 230 70 297 170 203 172 269 174 493 272 112 370 365 88 60 124 447
24 385 132 518 268 150 407 25 28 560 434 572 323 83 597 598 604 610 100 359 105 493 122 253 382
26 278 150 282 539 428 557 306 188 198 582 70 591 594 598 475 607 226 227 485 613 231 236 494 245 510 638
13 258 34 612 611 423 232 489 114 21 566 377 286 415
24 525 155 541 33 422 295 174 47 180 571 579 453 585 463 80 597 353 230 231 493 114 247 375 637
25 3 523 15 273 145 533 279 293 38 554 182 310 444 62 447 576 450 578 591 342 349 103 360 499 249
18 576 385 194 547 580 513 549 427 569 594 116 633 345 603 475 572 476 505
16 128 357 619 460 431 272 18 211 21 118 215 407 441 475 92 222
19 224 451 587 493 365 47 143 339 596 85 374 214 120 441 218 91 539 27 475
24 132 394 139 529 147 543 416 426 554 559 305 433 50 192 320 580 70 334 335 615 368 374 507 254
20 291 548 6 551 264 457 361 523 430 242 53 566 469 376 505 184 152 635 314 350
14 385 293 231 72 45 47 336 373 533 440 217 379 636 60
27 516 139 400 25 285 173 432 180 568 184 445 579 455 203 76 467 88 607 487 618 620 241 370 498 372 630 382
16 576 513 290 259 64 549 550 363 268 108 496 16 563 123 603 511
22 1 388 390 527 152 25 28 162 421 553 570 186 580 75 460 349 93 366 371 373 374 382
24 512 260 405 34 427 562 60 190 191 574 578 209 606 479 480 614 105 235 620 242 372 504 249 636
12 5 71 264 395 429 209 19 435 248 537 90 510
26 2 136 270 145 25 27 540 159 548 167 44 174 180 566 568 573 320 326 596 341 90 353 106 500 505 634
24 518 143 272 286 166 45 178 582 587 77 334 463 83 220 353 103 487 493 622 247 250 636 252 511
25 133 390 145 538 168 556 558 179 564 183 569 442 187 65 583 461 218 229 617 489 625 497 119 379 638
21 576 30 514 3 29 261 326 195 266 44 463 400 432 208 467 84 377 569 93 637 607
25 137 547 549 421 37 428 302 558 54 314 570 325 582 74 80 225 354 481 359 617 362 111 242 120 510
33 8 11 12 139 527 271 20 159 289 163 167 40 424 300 303 304 178 179 54 56 312 188 577 579 464 336 469 214 473 227 363 118 251
21 320 609 99 36 483 389 167 617 619 332 559 401 564 21 373 503 248 280 250 604 255
21 96 32 288 417 388 224 423 103 457 426 109 461 302 78 146 468 469 246 118 408 604
23 263 392 272 404 410 287 162 163 427 176 307 567 315 61 445 452 581 331 336 219 353 122 638
15 581 550 522 142 625 114 627 84 117 181 434 247 180 444 637
19 288 448 34 228 102 294 104 73 588 82 531 116 600 504 90 282 281 186 159
32 523 268 524 274 22 152 540 30 162 291 169 300 174 47 179 309 443 195 202 75 204 83 216 92 362 493 111 117 374 506 123 125
20 1 37 38 423 200 457 554 555 169 170 366 141 176 238 52 470 568 601 488 379
21 66 546 514 487 424 203 619 333 622 47 531 597 629 119 183 345 250 505 29 94 541
22 389 6 157 287 164 42 301 311 68 201 457 471 89 610 108 621 496 115 122 635 380 255
22 394 267 12 527 272 22 151 152 24 156 548 299 172 55 200 72 461 469 599 484 104 632
19 224 318 257 355 581 105 13 78 303 145 498 403 597 631 59 124 221 30 126
23 522 524 408 548 168 427 431 305 573 193 198 330 83 596 90 606 241 371 631 378 122 638 254
18 221 449 34 37 165 200 528 531 244 117 342 533 184 596 26 445 254 93
24 130 2 264 137 411 284 297 300 429 49 440 568 578 68 202 592 346 608 232 235 491 236 622 501
24 131 388 135 520 271 532 163 166 46 176 180 438 60 69 72 457 459 225 227 617 234 363 375 376
19 31 129 450 320 70 39 72 233 519 168 14 309 536 24 122 348 188 478 447
21 161 322 516 357 73 138 491 524 521 523 204 335 399 466 627 183 56 154 219 510 94
12 32 4 134 267 365 333 621 306 435 53 214 252
22 263 270 530 20 148 404 562 307 54 60 322 455 588 463 592 343 88 610 357 242 371 117
23 515 266 10 541 34 166 175 306 565 465 471 604 93 480 353 226 366 495 114 116 245 121 634
27 392 529 276 410 412 544 32 165 293 296 191 321 65 451 453 74 595 223 483 486 623 496 114 243 116 508 382
13 36 327 264 74 618 364 621 202 560 369 339 597 223
26 260 522 524 142 272 18 403 404 280 423 553 554 555 560 304 434 309 313 442 317 200 83 352 611 122 379
21 504 321 580 134 265 397 494 367 334 81 435 436 311 632 536 58 602 91 125 280 637
22 132 524 398 16 407 537 412 419 51 439 445 190 192 589 334 464 593 483 357 235 238 501
29 517 395 147 421 555 431 434 179 181 311 191 452 453 326 69 593 470 346 221 350 224 613 616 109 633 123 509 638 255
16 449 515 69 457 202 11 268 76 143 432 530 52 309 443 412 478
18 418 386 3 69 163 423 298 429 558 272 562 275 532 85 406 440 120 249
25 1 390 392 415 290 555 174 51 567 440 442 447 196 336 465 219 477 234 363 498 500 117 375 504 506
16 258 482 357 358 457 492 45 14 47 528 207 429 436 26 123 383
23 129 514 391 8 142 539 546 39 168 298 175 308 57 60 321 206 209 470 348 492 111 372 631
21 448 359 362 458 44 42 238 46 43 593 594 83 239 308 182 599 152 633 472 381 125
27 129 393 138 139 526 398 528 284 32 545 546 34 550 47 445 189 580 452 198 71 208 226 99 239 625 630 635
20 62 352 475 518 525 430 273 241 147 339 246 118 88 281 153 219 283 188 158 191
25 513 519 265 530 147 284 543 164 45 308 315 190 65 579 70 75 204 459 335 343 600 602 495 123 637
12 330 587 492 237 622 239 432 278 25 58 445 94
18 546 450 300 142 399 80 238 463 627 564 533 117 502 440 467 539 251 447
27 512 511 406 151 539 411 160 427 430 46 435 51 568 189 191 207 355 102 359 358 492 364 622 367 115 247 383
26 515 8 11 14 19 20 23 31 287 35 46 305 53 60 201 331 480 225 96 613 101 360 492 109 377 253
20 352 160 290 421 6 517 391 331 396 429 588 208 242 116 150 537 250 507 252 122
27 515 132 136 531 534 536 156 37 295 434 564 187 448 321 453 467 347 225 354 100 484 236 109 245 378 123 636
24 523 11 400 151 537 33 290 301 560 176 436 60 196 580 582 340 599 343 218 91 478 235 239 505
19 96 417 546 295 458 587 620 12 590 556 272 243 568 281 440 411 348 573 95
36 133 391 396 398 18 19 151 411 156 30 36 48 177 561 436 568 323 197 70 582 203 590 462 338 89 347 478 95 232 107 622 110 503 633 379 635
19 288 101 102 358 485 41 74 587 620 554 5 305 465 531 56 248 473 350 543
24 384 269 141 272 18 28 286 287 546 425 179 184 569 576 577 324 596 486 232 108 495 627 507 124
21 364 521 618 396 365 430 111 493 49 556 525 18 14 22 15 466 217 474 124 220 63
15 96 34 131 585 458 365 78 241 337 277 53 216 378 59 220
23 517 521 529 151 300 429 174 558 53 66 588 78 595 342 356 359 106 365 238 625 630 505 127
15 578 432 304 82 529 51 178 564 537 346 27 60 637 606 223
14 290 291 226 325 233 460 236 45 558 112 400 341 118 85
23 256 12 526 399 144 404 412 288 172 302 175 560 434 570 59 67 71 604 228 364 494 118 380
24 266 22 25 539 412 416 296 172 177 456 77 462 209 83 350 607 352 481 97 239 498 505 252 127
24 384 520 9 266 265 15 400 281 422 41 445 323 451 197 582 584 589 464 473 227 483 104 494 122
12 290 516 458 556 526 400 243 85 406 504 190 574
21 514 67 228 325 390 5 168 461 206 179 149 406 277 344 53 282 27 60 92 221 124
30 129 2 518 521 275 21 284 296 301 48 176 305 312 569 190 448 453 328 594 215 471 92 221 100 240 372 631 633 122 254
25 512 4 134 8 15 32 294 299 53 56 312 325 472 90 349 353 354 484 485 233 491 114 500 375 505
16 575 580 166 488 360 170 171 72 273 402 530 436 145 634 219 191
15 288 225 448 230 232 587 622 80 304 370 147 404 181 118 471
17 608 611 326 390 40 521 304 209 532 437 374 535 310 216 469 444 317
20 320 33 193 417 515 133 358 327 615 172 12 238 113 114 437 405 56 505 443 221
20 512 225 545 35 357 38 390 293 551 11 300 333 495 373 54 246 21 601 346 605
19 160 513 609 67 484 69 261 359 392 39 170 525 113 148 56 441 474 377 351
26 390 137 23 417 550 565 566 439 312 441 328 200 462 334 206 210 468 349 354 104 362 236 239 113 504 381
19 33 194 67 292 35 387 197 328 41 584 296 390 527 531 468 598 279 281 382
19 256 482 419 228 166 326 294 617 43 589 591 370 210 213 311 90 218 222 607
20 514 259 387 325 198 169 138 266 235 202 110 370 565 53 88 442 252 317 574 223
17 415 2 262 203 332 235 15 431 176 146 83 145 241 565 632 413 191
24 258 5 7 266 395 138 142 152 160 420 44 431 50 180 309 566 186 192 584 76 96 103 623 242
26 128 257 516 389 526 16 407 409 281 539 284 291 427 45 184 57 313 578 579 78 471 219 609 227 501 509
23 133 523 532 153 156 43 173 439 187 572 201 209 595 213 88 475 92 223 611 233 490 491 633
18 96 100 295 8 10 203 396 397 144 465 49 341 437 214 315 508 222 126
25 130 515 534 285 35 36 291 167 53 441 314 60 319 320 197 205 591 595 214 474 350 610 489 370 629
27 132 266 271 16 275 149 280 538 543 159 298 176 60 319 191 450 451 209 212 341 214 619 235 108 110 253 254
21 191 194 291 452 227 486 391 520 263 547 136 556 14 111 241 307 22 442 316 414 127
15 32 387 292 197 232 585 328 42 398 208 432 179 564 339 24
18 256 387 70 38 585 335 240 561 370 276 85 502 119 408 601 155 92 383
22 385 258 5 6 12 33 164 422 553 556 303 311 60 322 589 336 483 237 496 112 498 375
20 96 128 516 453 4 359 296 230 554 267 365 174 45 432 113 274 334 277 442 155
21 99 323 549 516 455 104 168 394 555 4 589 398 624 114 149 344 472 283 445 605 383
16 287 614 328 329 75 526 47 369 339 179 51 22 85 153 252 351
21 288 257 351 355 391 488 41 619 363 141 78 175 15 305 463 53 502 248 218 283 447
30 516 389 394 525 402 147 148 152 280 410 415 546 38 552 553 427 444 319 320 196 586 346 223 230 363 500 248 378 634 638
15 322 354 453 294 550 525 596 277 502 55 152 25 156 126 511
26 7 268 14 283 159 32 543 557 436 439 573 446 448 581 206 464 81 597 346 224 482 359 240 502 246 120
19 546 516 261 8 394 589 142 495 624 16 178 626 532 468 312 474 637 510 414
20 353 257 451 452 101 584 78 495 111 144 50 369 214 183 568 312 343 602 350 479
19 606 418 582 199 40 326 294 267 524 620 144 273 338 52 628 374 474 126 351
20 513 450 67 548 613 229 611 103 528 112 432 115 370 85 216 152 91 252 637 317
16 257 323 389 137 10 525 429 109 401 146 532 374 279 472 377 124
25 393 523 14 527 283 291 425 428 310 571 445 191 65 452 197 456 207 345 90 606 95 98 362 240 118
15 480 160 32 133 134 327 585 299 523 395 595 600 378 474 285
26 7 264 267 140 268 417 419 420 38 169 556 559 562 440 319 448 450 194 466 471 603 221 611 487 623 632
15 161 34 385 486 173 494 175 367 592 213 309 471 120 282 285
26 388 133 525 403 149 23 151 285 413 165 46 317 64 332 589 464 466 87 347 480 230 104 494 626 628 247
19 161 99 611 388 323 552 137 74 107 364 330 430 339 214 439 599 508 605 509
23 130 266 145 17 406 280 25 540 419 165 553 42 57 315 593 600 473 93 613 234 368 119 124
20 570 322 515 485 261 326 422 357 461 114 565 598 600 569 504 91 282 637 317 189
20 480 577 482 131 69 104 618 75 494 464 113 371 244 565 500 153 474 346 602 447
23 269 401 530 406 415 291 298 171 557 434 186 442 63 578 71 328 331 76 210 467 87 112 632
15 511 258 386 173 334 526 528 625 467 52 22 280 153 603 31
14 125 383 290 135 169 524 493 17 466 54 343 573 222 191
17 97 291 261 5 265 363 43 109 75 401 18 243 212 182 568 251 29
32 256 512 515 531 152 542 158 33 162 165 294 167 168 48 561 50 563 57 313 587 208 215 607 224 101 231 105 496 624 500 505 123
18 545 387 325 69 74 555 139 396 206 367 560 595 596 275 438 375 630 55
17 96 480 321 548 132 358 294 72 489 500 150 249 186 91 187 637 510
18 448 350 130 4 265 234 235 204 140 367 400 146 215 151 249 539 446 255
14 352 289 35 294 264 265 620 303 114 117 284 637 220 607
21 543 415 419 325 550 263 140 205 364 366 561 497 403 19 529 248 345 218 411 62 447
18 413 287 514 350 479 422 486 614 107 395 397 569 218 27 91 317 254 63
17 384 323 583 104 491 396 45 208 145 401 341 182 471 25 475 222 319
18 512 416 131 197 294 39 520 168 587 529 178 51 274 151 411 508 155 222
10 577 547 516 69 423 9 522 587 399 372
18 255 130 388 261 293 295 106 555 207 431 595 307 244 342 84 150 635 95
18 483 102 263 105 173 335 529 626 146 84 340 531 210 277 409 179 91 187
27 132 136 267 18 24 25 410 543 288 36 420 560 54 312 185 320 78 207 81 339 342 233 237 238 244 375 255
26 385 7 14 532 406 29 546 172 46 176 307 56 189 319 70 584 203 85 219 91 481 613 625 630 507 635
27 1 391 264 9 19 148 147 23 538 548 39 42 44 174 310 318 193 454 327 329 203 109 112 374 632 636 638
18 256 512 227 582 519 614 137 300 13 206 112 245 470 342 86 601 571 125
25 18 19 532 146 546 420 300 177 307 196 199 460 589 332 596 472 353 100 488 495 112 628 245 126 511
16 160 257 385 419 66 387 424 393 170 234 138 45 562 19 468 573
24 133 265 541 30 31 173 301 53 66 582 455 71 467 86 598 223 610 612 357 367 370 371 120 383
14 289 419 167 362 304 274 179 84 629 406 498 602 252 31
17 544 66 194 67 361 202 428 562 178 500 212 150 597 632 216 155 444
26 385 131 146 275 532 149 538 419 165 551 167 175 177 59 61 589 208 81 464 474 607 620 492 238 122 378
21 124 95 442 291 196 5 292 62 456 191 431 593 628 507 184 186 603 475 91 478 126
11 194 388 520 234 396 48 50 469 570 443 446
24 512 128 257 386 263 407 151 410 29 299 565 569 571 594 85 475 357 103 233 619 504 377 126 127
22 257 8 530 278 158 40 172 53 567 452 583 338 216 476 352 101 621 494 239 498 370 503
13 480 259 261 614 200 521 265 78 590 182 249 601 573
22 258 275 405 279 157 158 544 293 557 175 311 192 449 323 68 197 206 462 478 234 626 124
20 225 577 611 484 4 262 354 482 515 618 338 373 630 407 503 569 634 347 314 60
22 2 134 136 400 404 412 545 299 431 560 309 185 452 457 80 219 354 486 492 373 251 253
16 385 260 165 39 136 40 171 588 176 210 246 154 444 445 510 63
22 130 266 267 523 398 527 406 29 555 45 306 443 316 320 587 343 98 361 624 368 119 383
20 352 34 291 610 261 265 43 270 273 274 594 178 117 406 120 440 154 378 152 575
21 258 227 290 261 102 455 38 135 522 139 269 369 113 82 308 84 150 374 433 90 607
22 128 517 11 12 22 407 281 282 156 552 558 50 184 59 330 599 224 98 619 238 113 120
16 256 33 580 133 101 205 558 14 47 498 245 438 187 60 316 446
28 385 515 7 522 146 403 18 25 28 289 424 428 47 49 441 314 64 327 329 341 219 100 361 363 494 369 628 119
18 165 542 129 388 389 454 390 8 41 201 262 428 12 237 602 285 446 349
31 514 259 264 143 402 155 290 548 166 38 168 42 299 430 306 440 56 191 450 204 462 592 466 599 611 623 239 244 375 121 508
16 545 387 264 361 522 334 591 79 497 372 437 438 406 29 126 159
24 11 271 410 286 419 38 294 303 443 188 318 62 449 582 72 334 345 224 238 240 628 629 375 634
15 576 290 519 426 78 307 404 501 86 51 280 536 56 537 116
17 33 35 196 39 332 142 399 272 83 627 243 564 503 152 635 540 542
24 265 268 407 413 547 438 570 577 193 321 455 460 214 348 480 483 228 359 236 628 504 123 635 254
27 516 522 140 13 142 400 403 158 290 37 45 49 563 567 58 315 61 200 331 592 217 95 108 245 373 125 255
25 509 518 402 413 33 37 174 313 64 454 468 90 348 93 361 106 111 240 113 626 115 112 253 381 127
16 607 321 226 580 389 486 548 72 138 47 337 82 275 308 372 479
15 548 167 72 176 497 499 116 501 372 439 312 442 58 350 606
15 98 387 66 325 457 330 114 498 246 182 601 602 538 605 191
20 318 192 510 131 448 486 72 489 10 235 461 559 369 435 468 374 408 26 478 447
21 33 592 580 200 396 557 463 464 113 338 531 308 181 245 50 344 537 314 216 505 27
19 576 192 543 4 69 550 422 358 12 333 556 303 115 596 217 250 505 313 127
27 385 513 521 406 407 150 294 554 300 560 180 436 313 570 192 589 590 592 337 211 351 481 358 249 379 125 255
23 516 141 15 152 156 544 420 554 47 561 311 316 70 202 465 93 223 96 358 620 114 248 509
24 137 402 285 37 552 553 177 435 564 439 314 59 448 579 592 465 336 90 476 496 372 501 122 125
21 192 608 578 195 324 132 229 71 455 296 97 331 556 141 525 400 113 92 349 478 383
21 397 264 424 554 267 10 73 270 431 48 47 104 528 20 84 630 407 25 570 28 540
14 448 513 135 426 591 83 20 340 87 279 537 634 445 383
17 610 34 134 167 296 365 589 111 432 592 178 595 471 25 443 636 123
22 257 519 142 27 412 44 45 306 438 81 594 593 88 479 608 108 623 240 626 627 633 506
19 99 36 550 519 394 235 335 144 211 20 499 630 151 504 371 118 91 540 633
17 577 454 263 168 584 426 139 492 167 304 245 534 281 601 187 58 92
19 610 355 70 519 8 585 489 361 173 145 306 535 215 313 250 443 121 573 62
25 21 538 298 554 48 434 311 55 573 587 206 86 606 609 356 484 232 363 364 493 116 248 122 124 510
23 9 522 395 15 400 531 279 153 284 293 295 306 441 72 78 214 609 488 489 490 368 507 125
27 519 268 141 15 21 28 167 297 177 308 438 447 71 201 215 599 216 99 483 485 231 361 621 239 244 121 252
19 352 95 479 191 323 383 6 617 427 397 434 339 52 372 502 567 251 412 159
26 390 9 396 270 537 165 43 556 174 445 319 586 594 472 601 607 99 612 487 105 235 363 622 116 631 505
15 320 482 514 427 461 526 432 209 598 631 602 410 347 378 382
18 323 68 103 77 205 47 109 240 178 308 438 151 503 406 186 475 58 63
18 449 611 227 389 6 583 168 426 110 49 630 439 440 502 90 154 541 127
27 128 129 514 18 147 537 416 418 551 424 297 304 561 52 314 570 468 596 343 218 347 225 227 228 490 244 117
19 415 1 2 34 36 161 518 519 205 45 303 462 562 115 438 599 600 92 191
18 349 614 167 582 585 619 44 589 459 147 372 279 88 57 89 221 62 479
20 608 31 386 125 420 615 109 496 400 626 403 179 629 342 54 602 156 157 316 222
11 480 289 294 136 527 499 599 57 188 61 637
28 11 18 277 408 539 27 166 422 426 172 45 310 186 70 332 333 335 90 475 96 480 490 491 108 368 499 508 511
20 256 385 161 288 292 457 362 587 44 237 46 431 47 171 270 77 247 121 158 223
20 223 161 513 195 612 392 40 202 171 201 619 525 498 51 436 278 407 251 157 543
25 386 393 137 396 275 151 152 155 28 299 173 177 562 578 206 462 599 215 476 353 367 115 117 635 126
16 352 449 417 546 100 481 267 364 365 206 525 502 347 28 61 479
17 419 391 519 588 44 147 340 500 502 535 151 499 570 507 343 469 286
19 511 98 229 326 198 233 522 11 300 332 466 470 214 569 442 27 122 153 63
31 129 517 137 10 532 30 416 291 427 47 432 431 562 55 321 195 70 584 597 604 478 222 609 98 493 496 114 500 246 250 126
15 513 322 451 327 11 395 77 302 139 16 147 86 27 572 637
23 3 262 518 12 532 408 28 42 172 305 177 57 318 75 332 594 595 345 486 105 117 379 253
20 288 611 165 358 456 361 553 237 174 399 112 563 212 149 371 182 275 25 507 92
24 257 264 20 150 535 157 416 288 289 41 170 307 180 190 68 588 462 335 210 353 490 237 241 246
26 8 16 530 149 154 33 170 433 75 587 333 81 470 344 474 93 350 224 357 615 113 242 627 116 634 381
25 386 260 519 137 274 164 425 173 309 574 195 197 581 331 463 470 600 347 607 609 614 368 372 636 638
11 546 195 67 104 10 275 627 54 153 539 510
24 257 130 8 138 523 268 535 29 561 305 179 572 575 595 597 598 344 351 356 491 620 244 632 376
21 319 448 601 486 359 73 395 77 272 403 116 214 215 88 217 378 411 538 93 254 61
24 515 517 10 270 275 277 37 432 53 313 61 319 581 199 583 78 463 594 608 483 486 494 504 635
22 267 407 24 26 29 285 542 35 547 41 426 326 337 339 470 601 362 107 365 374 631 120
20 190 415 388 293 230 198 490 364 301 557 211 502 630 313 409 378 412 635 510 57
24 3 136 146 412 38 45 557 49 178 193 68 582 77 336 80 86 91 607 102 242 630 506 253 509
27 512 258 515 518 8 408 411 416 290 40 46 304 320 577 453 78 84 469 86 603 220 476 221 96 106 493 638
22 262 393 149 534 278 414 546 167 301 557 430 445 447 329 208 213 357 497 117 118 638 383
13 64 455 72 169 395 459 46 115 403 537 122 59 443
17 161 546 1 197 134 14 431 239 559 277 566 311 568 186 59 124 413
14 352 258 579 133 137 43 464 400 498 276 21 438 477 95
23 263 138 395 270 147 541 157 415 40 432 181 188 445 195 198 77 468 340 97 226 230 499 124
21 255 195 356 197 196 519 135 105 618 586 330 461 335 52 149 84 532 409 538 252 511
20 287 321 254 609 228 164 575 425 105 589 495 145 498 499 245 440 185 475 638 255
24 256 133 522 525 526 272 18 412 292 558 49 53 327 456 339 352 357 105 366 111 238 123 126 511
24 256 257 5 392 395 537 154 539 155 158 419 297 427 300 307 203 587 333 463 88 112 630 378 251
23 130 391 12 269 527 272 542 164 298 568 569 315 455 199 73 590 219 98 105 362 239 502 376
18 353 99 293 233 554 137 300 463 207 433 114 116 181 279 536 120 93 607
15 288 226 514 610 133 490 620 428 242 533 149 281 315 286 478
15 128 99 515 453 7 105 9 425 395 13 431 368 175 240 28
21 260 454 166 359 424 106 263 172 143 371 181 278 566 279 441 58 152 153 541 574 31
23 515 151 538 411 28 291 37 167 428 559 560 175 186 455 342 219 351 225 357 231 110 369 253
17 129 37 615 200 619 204 365 557 240 304 275 52 469 405 408 186 283
21 192 128 322 485 421 263 5 9 333 590 557 49 370 308 23 56 473 443 380 220 379
9 99 36 519 490 170 11 437 537 189
10 224 33 516 294 364 563 501 56 473 377
29 390 392 521 264 143 401 148 405 281 410 160 35 41 299 174 177 566 446 578 194 87 93 486 487 104 362 368 112 114
18 224 384 162 194 452 197 481 588 172 464 307 153 378 506 92 509 477 479
22 513 386 8 529 539 562 54 440 451 454 457 596 473 91 620 243 246 632 377 120 635 379
30 128 386 517 272 528 403 279 414 286 542 552 303 442 314 62 68 459 76 466 474 603 94 353 485 231 104 489 108 633 636
22 131 516 395 20 149 24 154 414 543 288 169 303 560 440 576 194 450 73 592 472 623 376
31 259 266 269 405 533 277 285 415 291 164 168 169 302 177 180 566 440 574 201 463 600 480 609 484 486 488 490 368 119 248 505
18 415 545 130 289 418 293 615 76 141 111 273 243 147 149 340 281 123 543
19 288 253 37 8 523 396 587 558 527 337 273 403 407 601 250 571 285 222 446
19 66 356 615 8 233 169 521 425 237 622 554 560 498 83 470 87 569 473 95
26 274 277 23 410 540 162 35 546 167 431 457 74 341 86 220 356 108 110 244 501 631 633 379 124 251 507
24 264 22 280 25 293 564 567 186 317 190 321 577 579 197 202 587 461 462 226 99 234 364 379 383
17 257 484 8 106 139 620 335 401 530 53 470 312 569 252 317 510 221
26 512 516 134 522 399 146 172 430 560 305 319 322 196 197 199 331 209 213 470 346 347 604 608 369 243 374
19 291 132 548 167 169 425 525 239 500 21 628 631 311 24 374 315 28 572 89
18 259 292 5 35 581 488 617 174 16 592 278 119 631 281 186 123 350 63
28 3 132 139 23 281 292 170 560 179 312 59 577 201 75 209 82 342 473 476 93 354 226 363 114 242 501 377 507
23 388 527 22 150 537 153 553 554 172 563 190 201 208 596 473 476 606 224 617 367 118 247 119
11 66 260 292 556 13 270 402 631 188 445 542
20 355 132 581 454 165 522 587 395 557 366 207 593 529 468 501 214 150 474 91 189
27 8 526 400 537 414 557 304 305 443 317 576 578 579 71 465 210 598 477 609 229 614 239 372 247 119 634 255
29 130 389 391 11 13 398 17 403 19 275 156 286 293 549 48 176 195 72 73 331 465 475 476 354 226 485 357 108 127
24 389 390 267 17 274 420 40 62 320 577 580 326 462 465 338 91 476 479 97 355 101 364 243 375
22 515 526 527 148 21 277 282 30 298 311 449 204 468 342 599 344 349 223 354 230 497 245
30 517 520 397 398 400 19 276 287 45 179 436 308 573 191 321 196 197 453 327 584 456 467 600 608 354 98 614 492 368 249
21 96 34 35 452 488 360 43 300 367 368 149 22 246 312 310 88 439 599 571 286 575
25 134 400 418 46 313 60 191 66 452 455 329 587 76 473 474 604 350 607 479 484 495 624 627 631 252
26 258 6 17 530 19 532 407 413 287 163 423 41 427 436 568 62 63 199 585 330 597 366 111 630 631 510
12 320 294 360 361 521 520 565 502 24 636 414 318
32 1 138 139 165 551 424 171 431 177 307 440 317 447 64 325 454 589 592 82 467 84 83 86 93 611 231 616 623 625 376 252 510
27 4 389 269 275 411 544 35 164 551 302 53 186 187 318 448 196 69 200 457 459 336 88 90 475 92 371 631
11 260 324 616 555 14 625 178 629 280 377 28
22 132 137 15 411 30 543 544 545 33 38 567 445 189 582 328 588 338 359 489 110 120 382
24 388 269 270 148 541 418 166 423 429 47 54 575 449 456 584 592 340 604 605 480 231 490 620 636
22 129 135 395 147 151 552 557 302 177 180 53 577 322 323 326 73 334 228 491 625 373 123
19 224 385 161 129 357 553 489 233 208 17 304 405 501 119 344 121 443 540 477
21 286 515 4 421 326 231 360 616 522 168 259 365 300 431 592 49 469 568 221 317 607
17 102 584 616 77 141 175 81 209 627 500 629 246 25 473 347 382 158
22 513 14 275 404 152 417 35 547 42 430 47 48 52 181 440 187 199 462 481 359 107 499
20 574 128 347 224 388 549 6 452 71 553 10 523 524 398 474 123 540 317 382 159
20 128 417 389 70 455 488 169 588 141 111 208 369 596 533 437 568 153 506 443 575
23 391 143 273 409 157 545 164 170 300 565 55 199 591 337 346 234 371 500 629 377 380 254 383
25 515 260 5 16 540 438 441 57 63 192 65 587 338 83 87 601 350 354 229 491 113 115 504 252 510
26 6 406 151 152 424 300 174 558 180 190 447 318 449 451 580 581 325 588 206 463 334 340 91 487 234 631
26 384 266 144 20 406 541 289 548 293 431 433 51 564 565 197 583 199 80 85 608 226 358 491 369 626 255
24 384 259 396 399 532 408 27 541 161 420 421 298 559 52 564 55 56 569 69 465 602 490 245 379
25 257 129 518 269 399 26 284 290 550 425 320 208 213 214 344 88 479 99 611 612 615 618 625 498 116
23 131 388 261 136 394 528 18 406 534 550 431 564 181 441 447 578 581 201 85 342 476 94 106
25 134 13 149 414 159 38 554 304 313 443 574 197 199 217 346 89 484 615 231 621 111 495 123 635 251
24 515 394 277 33 418 421 167 302 430 434 307 56 60 317 574 191 192 445 72 463 209 83 483 242
23 7 31 293 550 50 52 564 447 65 71 334 209 210 468 88 474 91 477 97 233 363 635 509
22 4 260 264 11 398 414 423 296 554 430 304 317 577 68 73 472 217 484 616 621 501 632
22 272 401 144 21 32 289 556 172 52 446 467 598 87 96 233 363 109 239 627 245 117 509
26 385 4 392 265 273 534 151 150 411 545 36 167 181 61 191 322 581 205 347 93 97 101 613 364 368 499
25 2 260 134 10 270 403 405 281 41 174 308 437 53 183 441 446 319 63 581 205 462 600 495 638 510
23 262 396 268 536 38 435 444 450 67 579 325 210 214 216 604 98 229 486 489 492 500 501 123
19 32 323 357 550 7 360 392 522 521 138 589 238 526 402 631 441 155 188 475
18 294 198 72 426 43 108 140 74 490 49 533 23 375 409 570 412 221 511
15 513 161 227 356 517 323 72 427 203 274 246 378 603 122 189
21 133 326 263 264 293 101 269 13 429 78 561 275 500 213 533 312 504 602 92 317 63
26 134 139 525 14 285 158 292 550 554 556 46 565 309 181 325 328 458 213 470 350 100 103 493 623 375 504
13 160 321 448 457 300 365 469 278 376 441 314 250 479
21 609 289 611 162 421 485 615 424 355 74 523 619 197 550 527 34 372 631 601 316 317
20 65 131 452 357 454 487 74 205 462 47 144 621 84 373 469 601 410 381 93 254
20 63 257 97 264 361 201 619 172 205 270 175 464 401 52 441 122 186 220 509 383
19 353 67 100 357 355 295 170 396 397 238 47 51 596 406 151 407 602 284 543
22 255 396 275 406 411 418 569 570 314 198 202 334 591 466 95 613 104 373 503 250 123 511
20 223 355 515 325 101 420 71 137 517 491 361 78 272 81 178 405 213 152 347 543
22 517 518 537 414 416 165 43 186 59 446 191 451 77 338 84 213 219 622 500 629 634 125
18 608 33 99 70 582 584 361 200 171 76 461 303 118 600 505 57 475 603
16 480 289 92 35 67 326 524 178 467 435 469 630 540 637 94 223
26 520 267 278 22 406 30 416 161 425 426 170 559 48 308 567 58 69 460 591 222 361 364 367 496 376 251
28 129 267 141 148 277 280 408 287 292 37 38 552 442 451 75 331 469 597 474 476 485 232 493 367 624 378 507 253
12 192 544 199 392 78 302 591 626 308 183 603 254
29 385 258 5 517 275 407 279 409 284 545 179 317 61 320 193 323 451 585 331 338 603 357 493 629 118 630 252 637 126
21 130 611 164 391 296 329 618 233 12 460 554 172 361 522 54 118 535 473 124 478 223
25 6 12 526 38 550 39 43 559 49 53 55 184 57 59 63 448 323 339 224 226 239 241 243 248 122
14 129 97 518 264 105 171 619 592 272 498 25 316 94 479
23 520 527 410 159 34 296 173 178 437 53 328 458 588 78 207 338 214 343 221 224 610 495 509
23 128 411 32 161 420 553 301 432 51 186 575 196 456 584 331 591 597 598 475 491 110 121 380
18 418 194 483 137 202 396 301 46 528 624 112 338 277 536 602 475 348 543
17 448 415 32 547 165 167 295 170 140 623 208 49 532 629 217 122 383
18 575 448 546 419 196 485 363 493 112 113 209 466 630 535 635 573 222 383
20 516 517 102 7 72 393 234 325 493 112 593 49 562 372 339 215 56 409 247 575
24 393 10 527 18 275 531 409 552 174 176 434 442 570 443 187 62 576 450 205 336 97 613 249 506
22 516 260 272 146 152 409 28 291 432 311 318 448 335 594 606 482 226 230 628 121 124 511
22 5 526 15 144 161 297 170 181 440 570 187 202 590 464 208 474 493 243 499 245 503 636
22 130 6 265 274 275 286 416 545 419 38 39 424 432 572 202 594 217 605 223 627 373 380
22 389 5 152 414 418 311 189 451 69 333 212 477 97 103 238 366 369 625 119 631 509 255
20 258 4 230 71 104 232 618 458 557 48 17 81 373 311 408 216 506 251 124 415
22 261 395 269 525 16 145 407 408 152 24 541 548 427 177 441 62 191 196 197 333 623 503
20 193 100 357 613 359 616 266 523 464 497 338 49 20 629 630 279 277 540 285 189
24 140 13 525 407 414 166 45 435 67 70 457 461 464 81 337 93 222 225 610 487 359 493 637 382
25 133 136 10 150 538 30 546 162 424 299 44 173 434 437 438 570 452 600 604 605 350 223 229 363 119
21 98 259 355 389 486 226 612 393 12 366 111 400 368 306 467 404 373 502 445 638 318
22 13 141 399 271 281 541 38 166 297 47 561 564 54 185 332 591 86 349 365 494 624 122
22 260 262 264 11 529 18 531 409 28 161 296 180 443 61 204 82 596 84 216 229 244 253
25 389 403 421 43 303 182 441 67 323 580 456 75 334 345 601 91 347 348 225 485 238 241 369 497 123
22 131 132 266 525 397 540 31 176 566 310 328 333 336 100 101 230 103 495 369 626 498 116
15 191 1 2 518 40 169 524 564 345 570 249 537 219 217 31
19 254 387 198 135 264 105 74 107 45 80 176 562 211 624 505 188 189 157 637
20 320 417 98 420 36 452 102 136 169 75 333 531 148 374 570 443 507 571 478 156
24 129 386 1 7 8 137 403 541 34 41 172 57 321 194 73 74 206 597 471 495 500 503 510 255
21 512 161 353 68 228 101 519 388 458 75 171 619 431 303 498 275 503 184 345 443 543
16 287 34 548 390 136 430 239 464 17 49 112 82 590 216 28 575
25 130 259 137 400 273 21 24 409 542 543 292 298 558 177 433 306 180 561 440 316 79 466 88 221 250
20 512 228 295 168 491 76 171 333 370 531 628 533 598 341 409 57 345 380 349 126
21 608 257 384 483 69 487 8 297 489 459 299 144 241 18 115 368 50 87 408 414 478
21 221 545 414 579 68 165 35 105 521 267 204 269 304 277 375 58 475 284 125 573 283
15 386 422 488 106 75 139 493 330 431 432 115 281 635 508 543
16 31 418 163 133 198 230 490 43 620 497 625 115 276 469 414 95
30 128 387 266 11 139 403 276 411 414 160 552 428 45 432 436 52 185 317 446 65 449 479 613 362 491 623 114 248 504 634
21 320 546 394 235 587 141 270 364 177 50 18 274 277 146 536 88 408 24 26 413 222
21 576 542 258 187 197 519 552 267 237 429 464 242 117 183 440 471 603 604 61 414 638
26 521 138 394 17 277 536 282 544 165 301 47 312 315 190 326 462 84 213 95 615 232 617 234 359 620 494
25 4 395 143 16 533 279 23 158 30 415 162 35 294 166 169 48 432 561 437 441 449 459 467 491 503
22 263 394 398 272 146 18 278 414 31 33 65 69 71 202 335 81 341 361 492 375 634 638
15 351 1 583 135 266 620 566 22 120 310 346 506 284 542 63
20 609 2 291 354 41 458 236 589 462 239 591 108 147 595 500 22 343 536 279 217
28 261 396 272 148 536 25 282 26 152 157 162 300 428 307 308 182 319 64 197 328 459 592 340 218 219 610 636 510
16 384 160 290 228 612 551 263 522 462 304 467 83 121 25 315 412
18 544 161 130 481 359 267 75 523 240 274 114 532 499 599 281 282 59 61
22 395 144 146 403 274 147 554 175 55 441 57 446 192 584 462 339 348 355 614 370 501 383
18 448 225 260 519 135 169 329 360 303 497 145 306 307 119 443 61 638 479
33 256 1 258 3 131 260 137 271 153 540 287 38 179 55 568 64 450 66 198 77 589 465 82 606 223 609 615 616 363 492 237 631 375
15 159 65 578 387 325 137 524 364 240 528 279 505 251 30 447
36 260 18 530 277 279 544 289 296 552 299 556 559 52 440 313 321 194 324 580 75 206 463 468 598 219 604 225 98 612 359 233 626 378 123 379 255
23 134 524 399 277 281 287 420 551 555 175 438 186 66 69 597 85 607 480 358 114 375 376 508
27 128 140 277 278 284 28 288 418 164 170 315 450 322 453 326 73 585 79 596 600 473 93 352 609 357 245 507
20 289 417 483 196 229 390 6 104 79 242 371 84 52 630 535 280 409 24 635 604
13 32 63 450 451 292 579 97 616 200 332 48 529 447
19 33 226 419 98 195 548 585 234 331 427 462 16 305 434 436 187 317 573 63
18 608 65 322 165 6 423 233 46 240 212 404 372 22 217 218 314 61 349
24 130 268 271 277 534 279 418 547 162 421 301 563 56 216 611 486 103 363 368 625 242 117 123 637
16 481 517 41 586 492 268 333 146 434 52 85 214 507 28 221 123
28 130 140 141 144 154 29 422 38 296 172 52 312 313 440 444 67 204 86 94 609 226 233 363 493 494 240 372 511
23 128 385 387 5 398 537 30 543 48 181 443 452 200 587 205 595 468 344 353 486 617 632 635
18 96 161 130 384 516 414 454 365 399 336 533 21 218 219 251 477 318 286
24 513 3 153 286 543 36 294 552 47 48 580 330 459 205 88 219 476 355 484 114 115 628 121 124
21 67 387 390 232 265 170 42 522 77 462 271 493 112 398 204 340 172 368 557 570 381
12 514 355 4 389 7 361 238 206 337 370 23 58
22 5 289 34 418 35 551 41 48 58 572 575 583 585 211 476 355 496 626 252 637 124 255
20 483 356 357 326 137 170 203 300 237 174 465 626 340 309 150 535 54 602 91 93
28 24 410 27 290 563 181 439 447 193 324 452 198 586 594 96 352 354 614 233 106 365 110 371 505 250 507 636 510
20 479 417 450 547 35 229 71 168 137 104 365 590 462 433 245 310 472 57 345 351
17 448 261 166 102 392 591 239 529 273 116 502 407 472 345 251 540 380
19 192 321 195 419 579 294 424 329 493 494 46 622 145 530 83 52 500 189 61
17 446 266 303 15 593 144 240 241 533 438 594 473 315 443 637 572 220
17 387 518 519 618 395 492 561 402 275 337 209 277 631 58 475 410 315
20 448 546 323 227 389 612 263 171 461 78 333 48 500 341 374 343 279 443 541 543
16 576 609 96 37 70 583 616 73 269 370 468 501 341 407 57 158
21 382 97 580 324 202 139 428 558 176 337 435 468 211 343 120 89 411 28 637 190 511
16 225 481 328 329 13 110 175 528 238 434 307 505 283 123 188 350
25 263 137 149 416 550 311 183 569 60 445 579 582 201 585 335 82 466 341 87 603 355 108 621 367 246
16 481 161 515 259 264 297 202 488 620 45 175 561 242 469 437 121
19 289 98 610 69 422 454 295 136 364 237 528 242 50 503 439 507 347 413 572
27 512 386 130 135 522 140 274 423 555 300 557 49 60 573 318 454 72 584 604 611 102 233 623 113 369 374 375
24 384 518 264 273 161 556 46 562 564 439 56 57 465 593 468 598 345 480 610 228 103 104 504 637
19 258 354 99 131 553 74 203 397 110 175 627 147 213 151 89 539 541 509 446
23 384 385 130 521 285 548 421 550 296 553 172 306 55 63 200 589 343 484 103 498 500 252 508
19 417 450 453 38 518 456 554 333 622 401 83 436 501 86 213 533 602 61 287
29 517 140 271 528 274 406 169 172 558 302 310 182 568 572 64 450 69 76 334 467 88 222 481 482 491 238 623 505 380
15 198 39 199 552 394 328 140 45 86 632 569 570 635 476 475
17 577 322 133 168 330 363 396 459 46 273 245 182 405 472 378 59 638
23 514 516 264 521 18 418 35 163 560 315 316 189 190 321 194 596 609 227 229 620 367 499 634
18 255 607 611 5 359 104 617 74 112 84 596 181 88 569 217 220 382 63
24 518 13 17 274 279 409 281 294 166 562 50 55 440 444 449 199 331 462 83 599 218 348 235 508
19 288 225 194 291 38 166 296 40 553 204 240 531 436 632 345 155 220 29 478
18 480 98 419 130 357 613 586 140 497 627 499 565 438 120 88 25 220 638
19 256 227 324 517 38 583 488 426 464 304 434 306 22 375 118 539 220 571 413
19 384 96 449 483 580 517 327 136 362 139 43 619 399 47 144 531 436 23 223
24 257 133 390 135 391 137 403 405 156 542 417 436 445 322 67 460 207 336 595 599 361 113 251 124
27 2 134 518 529 17 536 287 416 288 418 170 571 575 324 456 339 343 89 474 232 617 234 236 109 500 502 255
24 1 258 392 395 526 541 424 40 43 174 302 51 569 460 592 86 600 602 474 484 100 109 637 383
26 141 397 275 276 406 153 558 302 433 308 571 62 456 200 76 461 338 89 474 357 486 369 245 503 379 124
14 320 288 548 230 391 7 297 555 175 178 83 439 440 607
16 386 7 461 112 370 178 277 470 375 152 345 634 312 636 222 126
25 385 262 527 403 155 414 287 420 293 421 48 563 309 181 63 448 65 576 67 589 343 479 618 495 372
28 3 8 269 525 406 288 426 558 302 53 313 316 594 224 613 103 104 233 618 622 239 495 115 500 374 250 251 127
23 5 518 286 545 34 37 299 558 560 563 312 573 65 199 470 89 219 230 231 109 506 125 381
31 514 9 10 523 12 270 409 29 286 421 173 175 50 312 315 326 72 74 462 469 598 350 95 478 612 368 626 247 375 380 126
25 512 2 386 516 519 10 401 151 287 46 561 181 65 323 456 206 209 211 217 354 236 238 242 371 505
18 352 193 194 546 291 261 511 201 236 271 400 433 146 403 116 503 350 319
26 147 276 410 547 36 164 422 295 554 177 50 435 53 188 62 456 586 205 463 219 477 97 612 486 616 495
26 261 401 404 148 278 152 410 154 545 291 422 302 176 577 578 328 330 476 348 351 486 621 372 246 375 381
28 129 394 11 522 396 143 18 19 409 417 421 40 427 178 564 447 321 77 334 337 475 92 481 618 237 366 369 255
13 575 386 548 102 363 397 78 239 505 602 155 601 127
16 478 66 195 355 489 234 110 463 145 275 52 567 58 284 542 447
25 2 394 11 268 154 539 410 167 300 565 183 442 66 580 197 328 204 336 105 235 236 631 505 253 127
35 2 268 147 148 411 544 421 165 423 52 309 438 61 69 457 204 461 465 474 480 484 358 231 616 361 362 235 240 368 114 626 628 501 500 630
16 545 290 193 611 453 6 582 297 426 44 526 277 245 189 606 127
32 524 271 145 410 27 291 547 39 553 564 181 565 315 61 321 65 583 585 333 590 591 339 340 215 217 348 92 105 112 501 119 253
28 129 264 14 143 529 401 532 533 409 28 293 554 562 441 315 573 65 589 344 481 484 358 102 230 627 375 505 125
17 416 321 65 355 612 69 422 261 362 140 588 562 84 535 441 283 349
16 288 386 454 7 297 459 140 334 400 307 150 119 472 182 475 189
17 543 385 194 3 357 491 12 493 112 371 500 58 379 444 413 443 415
24 141 145 154 296 300 441 58 447 198 199 590 599 600 604 94 355 227 100 107 368 247 377 510 382
18 35 263 359 169 458 268 302 46 432 400 466 370 596 373 151 504 633 159
13 288 608 7 263 264 362 267 304 114 219 476 125 414
18 159 98 227 68 261 166 138 526 623 175 305 116 53 21 375 442 350 62
21 33 354 323 228 5 551 168 616 330 267 332 491 455 403 628 377 602 411 539 221 543
28 386 135 392 147 406 152 537 26 287 311 441 60 189 574 62 451 461 462 88 474 479 353 487 245 373 122 251 126
17 64 576 322 4 550 135 585 298 45 366 209 561 278 474 60 220 606
17 319 190 580 485 424 392 201 44 12 245 119 120 440 570 505 286 638
16 383 511 194 101 7 199 616 300 53 535 599 347 444 29 381 159
17 160 417 96 545 385 36 358 7 361 300 275 84 631 375 474 186 571
36 132 134 392 13 18 20 532 279 538 410 284 414 286 550 167 423 554 45 429 54 575 321 323 71 584 329 336 465 593 221 95 480 613 236 366 125
19 379 319 194 323 130 261 385 110 559 399 114 466 281 153 91 156 444 318 185
23 256 8 139 398 527 273 278 419 38 551 305 54 65 67 75 345 224 97 619 238 370 504 248
28 386 515 15 528 150 418 290 296 562 179 564 565 437 313 445 327 200 332 83 477 479 609 225 484 357 243 505 127
17 4 262 390 232 554 490 460 364 110 14 434 531 52 532 598 602 604
21 162 387 356 325 419 170 299 76 429 525 527 530 563 371 53 406 503 55 601 446 254
31 128 135 393 397 270 529 146 151 31 556 315 444 74 76 471 89 348 477 478 605 95 607 354 357 491 111 239 369 498 632 249
22 132 134 396 271 15 529 534 27 557 48 564 567 189 450 456 328 358 496 373 120 124 127
22 133 138 402 411 542 548 48 53 568 56 319 576 577 194 470 603 483 358 616 236 242 504
28 256 129 135 522 269 274 280 30 547 41 553 47 178 562 434 312 578 582 334 464 208 478 225 485 616 494 240 498
28 129 385 515 523 143 540 30 545 426 427 46 305 570 187 445 574 319 65 458 334 86 348 486 364 621 368 381 511
16 256 514 515 37 102 166 395 371 214 343 534 57 348 29 316 94
29 512 257 131 399 144 145 537 281 283 157 43 45 53 439 184 321 452 197 454 339 349 106 626 628 501 635 252 124 126
19 258 98 3 199 71 295 264 235 12 619 592 593 340 245 436 535 472 248 439
21 576 194 100 357 197 423 72 73 234 6 263 236 519 240 243 503 279 152 506 379 381
20 31 64 610 388 261 232 169 266 13 622 240 464 306 405 373 312 410 92 477 415
18 320 65 417 579 388 196 225 615 551 495 626 404 340 86 183 216 573 285
18 513 417 385 37 39 172 301 302 114 339 404 534 408 249 376 603 91 283
20 512 226 67 388 196 296 233 490 75 42 525 526 78 625 274 594 180 437 374 314
29 391 400 403 276 277 404 158 39 172 47 562 434 319 576 77 464 341 601 220 604 223 226 235 491 237 241 630 506 124
26 136 393 268 533 150 407 410 287 544 552 559 560 305 48 303 181 450 322 202 81 341 93 618 505 251 252
21 225 66 515 482 547 3 208 273 306 243 596 373 246 406 310 117 346 410 471 215 94
29 387 528 273 530 277 149 280 537 154 539 549 38 168 299 433 51 317 320 71 203 78 590 466 85 357 233 234 633 124
27 384 137 398 16 17 293 552 299 301 305 435 53 438 183 64 75 465 475 614 616 488 490 111 113 242 505 511
29 517 518 519 138 522 280 283 542 173 302 438 55 569 573 321 456 82 211 212 598 348 223 481 489 490 114 247 633 381
23 136 10 142 528 401 536 25 290 558 305 61 203 208 464 598 602 348 107 109 495 504 379 638
18 579 454 71 392 232 42 298 172 75 206 398 145 179 532 631 407 376 189
30 259 517 263 10 412 29 547 35 422 552 302 305 562 439 314 186 576 322 579 452 469 91 349 94 612 235 622 372 373 632
29 391 268 270 530 277 408 538 417 546 554 44 565 576 74 591 339 595 602 482 483 105 233 493 110 115 243 248 633 122
19 160 324 197 134 4 137 12 556 270 494 306 531 20 310 377 476 189 510 574
23 515 5 401 28 541 416 553 556 557 302 176 566 57 325 329 336 84 345 481 487 492 109 254
20 581 551 263 299 239 465 82 531 627 53 118 151 55 409 602 379 124 92 285 351
25 257 1 260 521 142 146 409 27 155 541 291 181 569 194 451 324 78 209 93 223 100 229 365 250 511
24 4 264 265 266 280 303 179 307 192 193 578 457 459 76 461 88 474 477 612 100 369 628 373 634
30 386 387 393 525 526 401 529 148 533 405 152 546 35 429 49 434 561 571 452 69 329 585 605 353 619 237 372 500 121 253
18 577 449 579 293 69 453 488 365 590 624 80 372 87 601 122 506 602 606
11 320 386 263 204 396 367 80 595 86 158 447
17 416 513 450 98 419 581 37 486 168 361 50 53 343 537 253 190 255
13 610 194 162 487 231 583 593 242 498 148 565 472 381
22 263 527 271 145 404 280 153 281 559 432 197 453 457 209 598 342 472 479 617 106 496 118
32 384 401 273 279 155 159 416 291 548 425 170 429 180 53 310 181 444 189 320 66 67 452 588 204 222 482 612 106 627 500 379 253
20 544 322 612 38 7 296 134 426 331 172 462 463 400 242 532 87 121 89 219 636
23 385 386 135 524 400 145 286 172 432 321 323 452 584 462 88 601 481 99 623 626 119 375 510
25 257 514 268 13 271 400 273 538 412 425 427 184 317 453 454 75 98 102 358 616 491 624 116 631 122
19 352 96 386 317 573 390 327 520 424 112 176 562 533 213 183 505 189 606 255
25 129 259 521 277 409 27 156 542 38 44 175 56 570 582 338 601 479 489 490 495 241 499 501 249 125
25 133 517 268 406 409 156 546 444 445 447 448 575 194 451 197 334 83 86 606 230 358 362 106 241 114
21 67 133 262 71 40 423 330 299 460 558 176 531 180 437 181 23 632 569 154 502 158
21 288 414 98 259 134 231 200 425 173 429 273 404 532 118 535 378 91 571 61 157 318
18 512 511 481 227 356 453 325 40 556 462 399 183 472 602 188 477 510 191
18 192 225 130 485 296 521 396 173 304 465 307 532 565 627 20 154 443 477
24 522 266 396 11 146 274 149 302 47 175 434 563 565 577 66 325 584 201 108 494 495 244 120 250
21 163 518 134 264 231 84 430 207 307 308 341 374 246 117 409 280 91 380 28 125 413
13 576 166 168 169 621 45 593 499 243 309 313 252 287
22 393 396 272 537 412 33 553 440 568 318 191 202 338 221 480 483 356 615 360 493 243 254
25 517 138 277 22 26 282 416 292 166 168 304 306 570 195 326 585 80 87 91 96 353 617 621 635 637
20 254 607 260 165 358 72 585 395 172 270 400 530 20 565 377 91 28 636 94 62
27 259 519 520 522 142 154 26 541 31 549 550 39 423 552 181 191 454 455 598 87 472 480 230 234 107 502 632
16 382 129 254 579 294 454 72 392 10 555 564 406 121 635 478 447
20 544 289 1 577 581 454 167 521 9 428 621 239 176 275 84 435 470 279 214 19
30 258 263 13 528 534 23 31 420 559 176 434 309 442 317 446 323 208 338 595 599 216 90 106 234 618 109 490 244 631 125
18 131 260 517 293 4 169 265 11 559 176 336 466 16 277 278 631 629 25
20 98 67 133 519 136 394 397 622 557 48 401 402 21 310 599 24 345 438 572 541
16 320 515 166 486 455 73 202 400 241 115 275 55 440 473 605 478
20 576 32 578 3 96 69 230 583 229 73 74 201 108 272 179 278 504 506 443 606
13 385 229 458 74 428 144 177 533 501 23 439 469 127
22 131 271 21 22 281 37 550 299 433 332 591 211 340 215 474 476 477 222 487 625 629 122
25 386 391 138 533 26 29 162 37 300 62 447 326 333 210 340 97 233 618 363 622 368 625 500 503 247
29 130 19 535 539 294 48 564 180 53 187 60 579 72 331 75 459 338 478 606 482 355 228 617 110 367 366 112 371 631
27 388 4 519 523 12 525 143 532 406 153 157 420 294 171 300 564 311 569 574 69 200 205 470 226 99 634 127
24 272 145 279 281 413 33 292 173 49 576 325 584 82 84 219 480 102 107 239 501 630 250 125 510
25 130 518 138 139 524 402 534 408 287 288 420 426 304 443 191 200 73 587 459 89 606 102 617 632 255
19 156 65 162 546 64 358 10 522 76 622 51 468 147 345 635 28 29 30 638
20 544 513 547 390 551 233 298 12 45 238 49 81 20 374 313 570 633 509 382 574
17 578 614 266 460 557 174 397 558 498 148 628 278 87 377 505 188 412
11 191 97 162 551 586 111 17 497 535 632 95
14 287 290 450 615 554 619 490 141 369 210 53 157 350 222
24 387 528 535 281 156 555 175 51 563 309 55 314 324 585 332 467 340 102 103 232 360 372 247 638
22 259 391 392 141 534 154 551 174 48 562 307 53 313 186 59 584 74 464 475 105 239 632
24 2 516 135 139 144 274 158 551 303 49 455 74 589 474 107 620 109 494 372 504 121 379 507 254
17 421 454 359 168 299 365 430 590 52 247 216 569 537 347 316 381 572
22 128 144 404 534 536 288 37 173 558 561 181 445 452 581 201 585 207 467 88 618 235 122
30 128 386 132 135 395 18 274 281 28 413 293 555 428 180 320 75 603 349 223 95 610 362 363 620 496 497 498 628 633 637
27 133 521 522 393 268 275 158 547 420 296 45 49 434 438 56 59 321 322 65 197 205 464 227 370 245 506 252
24 5 520 22 538 543 290 292 421 41 305 562 49 570 318 452 72 330 466 213 476 246 506 508 253
16 355 233 587 619 529 17 50 245 503 249 250 59 412 346 126 62
22 137 10 397 529 159 545 293 43 441 317 194 326 331 339 213 603 490 107 621 239 506 123
25 520 398 527 274 404 533 34 419 35 176 573 322 68 454 203 77 79 344 602 96 612 617 364 628 511
22 129 1 386 282 31 563 567 570 576 323 80 592 86 94 352 484 103 366 239 369 249 378
25 259 515 3 521 524 403 27 543 165 421 38 45 179 443 585 204 589 468 216 92 614 616 368 377 123
20 414 353 547 260 261 518 72 106 107 618 109 559 628 309 407 410 91 122 222 542
18 96 195 36 295 231 138 11 140 42 239 336 595 342 150 27 476 604 95
17 130 194 101 6 40 424 361 235 206 174 592 337 467 343 90 318 31
20 450 5 486 295 553 73 587 589 238 272 83 84 597 438 213 150 179 154 571 637
22 256 2 132 391 403 409 410 548 295 427 300 178 437 590 211 473 219 102 110 623 112 251
19 193 35 68 37 134 70 262 200 168 491 236 619 302 238 367 51 563 373 340
24 138 149 282 415 41 554 173 313 61 445 65 323 583 205 335 209 89 602 476 622 241 243 510 383
30 130 515 394 140 400 544 160 38 555 427 173 428 54 57 58 187 205 213 470 344 89 603 606 97 365 369 498 243 119 507
20 576 353 609 544 36 134 455 521 430 433 149 54 118 599 601 218 123 26 343 504
20 161 194 356 39 263 329 426 136 462 431 368 176 181 213 22 184 54 154 316 605
18 160 256 322 547 288 450 552 72 42 364 236 591 336 601 281 635 382 478
12 419 68 325 42 11 588 171 15 432 597 630 28
20 97 546 547 485 326 362 74 396 205 588 208 49 337 499 372 307 115 439 309 572
18 256 194 228 613 200 554 237 14 399 238 145 594 504 88 184 283 219 222
18 224 1 194 255 102 73 619 45 334 625 402 83 468 278 248 217 473 31
19 575 452 516 549 551 585 330 491 429 334 175 274 499 597 598 600 377 222 255
22 387 515 7 136 402 22 541 544 34 549 46 302 433 308 565 74 593 351 106 374 505 635
19 35 613 549 584 138 587 364 142 495 143 563 565 438 310 312 248 507 539 95
25 514 516 531 403 154 414 551 557 311 55 184 60 447 450 455 464 209 593 226 615 104 492 237 368 369
27 128 9 139 157 161 546 291 37 557 183 194 583 334 594 471 602 480 486 361 236 620 108 369 114 371 248 637
15 417 3 227 580 395 267 560 49 596 501 437 217 249 185 378
24 128 257 2 10 281 541 417 42 299 46 433 306 440 579 75 344 216 221 96 231 490 621 119 120
18 32 385 386 545 103 456 361 426 428 141 335 181 405 182 312 602 187 637
24 270 142 18 275 407 24 415 544 420 565 182 185 60 70 336 598 470 605 224 105 107 367 624 382
25 2 259 516 388 392 146 534 288 37 550 39 432 435 581 456 584 339 87 477 109 371 116 500 120 636
23 4 397 528 403 149 28 418 167 42 171 48 185 576 324 458 463 608 615 232 622 244 502 633
20 319 227 616 169 106 587 494 335 48 305 18 179 337 85 53 280 602 316 93 607
27 261 268 146 541 288 548 40 556 434 564 56 193 196 456 596 470 88 601 91 223 226 99 101 106 244 632 635
22 1 132 270 20 27 41 554 309 59 576 67 453 216 99 356 101 106 621 624 114 118 382
16 98 515 485 165 166 362 205 590 628 311 537 155 316 92 572 603
27 130 146 157 29 33 425 554 175 182 188 319 321 451 200 589 333 462 336 595 469 96 359 103 491 626 247 505
27 387 140 421 167 295 172 560 307 568 184 446 64 584 336 593 83 340 344 606 488 106 236 371 116 121 638 382
18 65 167 584 106 395 433 50 402 340 403 245 438 440 569 248 541 254 415
33 385 390 395 16 20 149 22 23 151 288 428 558 564 312 67 453 466 471 345 474 93 350 478 353 482 234 236 109 110 111 628 377 634
16 35 357 9 618 554 428 589 301 15 369 370 340 311 216 250 221
14 451 580 99 202 11 106 592 530 437 343 567 280 604 382
19 224 418 197 103 393 205 270 303 591 627 564 118 182 472 310 346 123 410 126
18 288 193 356 4 197 550 425 267 400 49 403 85 122 91 220 605 190 62
21 65 611 453 486 454 168 169 550 459 332 457 206 494 401 531 564 565 537 26 541 511
35 261 525 151 536 155 285 32 162 167 177 440 184 320 67 198 587 594 346 475 348 476 99 101 229 615 364 495 240 496 372 373 634 635 506 378
18 416 574 325 172 175 48 466 338 308 468 245 343 151 215 374 541 414 63
27 258 3 397 273 291 293 553 42 171 428 47 175 313 444 318 63 321 325 589 205 474 478 479 97 485 231 244
17 384 480 609 357 38 423 293 622 591 432 113 530 54 219 189 573 383
18 512 481 578 6 296 584 265 78 497 337 244 501 117 23 569 57 158 511
19 1 163 614 232 201 169 620 110 79 590 210 146 147 631 152 441 408 154 604
22 129 405 540 29 164 36 167 51 309 312 573 320 452 201 334 343 471 357 104 366 371 638
21 256 193 578 291 454 393 361 268 141 528 240 18 307 145 625 278 503 344 601 538 409
16 196 550 199 104 456 295 204 79 369 209 86 407 25 346 636 95
20 93 97 615 266 459 235 173 333 367 401 466 83 564 499 372 90 186 221 638 607
20 381 225 485 199 72 296 200 46 432 177 626 83 19 181 505 153 636 637 573 61
19 512 612 583 458 266 460 492 620 495 463 106 502 503 440 345 378 605 541 31
21 574 32 546 35 72 264 333 399 432 241 626 112 500 50 401 563 634 379 61 510 159
25 127 385 9 267 269 274 43 174 63 451 72 332 79 82 84 89 96 230 615 107 364 243 501 382 511
16 480 485 423 263 233 267 461 431 176 177 241 400 340 276 629 185
15 576 321 195 133 134 103 389 43 44 207 307 436 437 86 316
20 190 99 232 425 43 139 556 303 528 273 624 495 342 344 313 347 476 253 606 95
14 192 66 258 71 328 138 299 401 468 630 406 632 445 606
24 512 515 133 524 147 285 544 295 557 433 436 59 325 331 590 208 95 233 619 494 121 634 254 383
15 96 448 291 70 71 199 231 109 206 81 530 305 213 117 218
18 321 546 35 450 392 553 297 584 552 370 147 53 406 632 89 26 634 30
20 514 546 36 484 552 488 522 555 331 140 47 273 401 564 214 23 568 604 222 319
26 129 6 391 9 525 150 283 412 539 30 550 423 425 42 567 61 580 460 82 469 599 480 97 493 621 116
21 96 513 320 387 260 454 8 200 393 170 552 13 590 559 426 404 22 280 570 253 222
21 354 35 484 451 614 324 522 235 268 590 336 82 372 20 212 85 631 27 540 414 254
21 128 289 481 260 69 550 265 362 202 331 365 142 141 528 459 110 15 339 310 124 521
15 226 323 37 104 236 271 305 114 214 600 344 346 155 92 637
22 522 14 147 421 38 437 183 189 452 326 586 596 92 356 484 615 104 365 494 628 245 638
27 257 517 142 531 21 36 170 171 175 440 186 315 69 462 91 476 224 226 495 114 117 502 247 632 119 506 251
15 288 481 545 553 527 464 48 274 631 152 441 604 476 220 92
19 449 482 451 356 69 164 196 3 144 177 305 435 404 55 410 187 156 542 575
