1000 1000
971 268 453 833 248 606 987 18 897 90 783 3 136 173 192 264 306 141 577 398 865 362 296 674 917 118 578 853 439 178 975 86 836 232 782 710 165 405 448 469 533 392 955 944 239 547 960 933 924 41 846 481 498 730 985 915 679 68 167 486 322 84 52 70 627 771 566 213 603 680 292 882 412 615 302 981 737 63 716 772 381 605 478 357 591 776 581 801 844 813 67 787 14 339 164 487 480 842 319 543 637 420 829 5 203 925 266 518 953 435 463 426 441 163 342 594 800 431 973 531 712 958 870 369 526 796 931 714 187 135 388 201 901 113 678 54 183 140 485 556 538 410 733 572 413 462 746 471 489 682 416 72 263 406 291 205 233 807 793 528 145 176 457 193 993 808 698 115 7 618 273 585 922 912 244 332 899 28 879 379 243 95 293 445 47 665 595 841 864 23 315 284 621 726 995 750 151 432 474 333 387 180 11 224 422 22 251 126 285 149 27 548 732 764 612 91 200 542 308 600 696 664 681 24 735 794 541 93 386 504 645 397 815 580 53 396 470 629 697 926 130 190 301 331 267 948 685 816 495 423 372 9 166 784 172 704 363 659 550 831 421 715 92 671 335 838 61 345 949 788 519 137 582 725 857 488 523 309 128 701 604 624 739 270 499 646 177 622 79 2 553 419 530 400 297 288 202 532 473 35 851 455 994 819 610 75 155 527 660 790 156 477 100 760 328 825 225 791 636 656 910 144 452 780 722 188 647 408 389 559 98 321 756 102 873 10 341 512 382 638 484 900 399 835 185 336 111 26 108 946 492 352 290 765 620 8 260 384 641 729 689 789 845 774 822 254 43 644 210 904 806 818 19 310 590 289 869 969 281 607 998 711 110 152 385 798 834 902 919 77 304 751 160 436 120 351 854 552 199 334 557 418 240 182 169 909 318 804 951 437 33 863 809 896 21 695 222 375 96 871 885 940 31 15 740 514 354 343 860 892 911 805 124 754 505 277 736 686 980 692 425 861 158 952 249 427 558 536 117 89 414 575 976 894 635 49 206 652 30 694 300 383 876 447 62 843 676 878 131 828 769 58 208 770 721 57 690 207 395 584 767 927 672 510 654 326 755 749 99 153 349 562 632 150 630 66 139 648 742 359 855 918 38 565 411 159 506 179 734 479 97 1000 476 360 454 16 245 501 661 494 988 524 675 324 55 393 728 667 596 271 80 508 753 279 821 287 709 741 109 827 404 848 539 274 459 996 39 866 814 657 261 105 37 184 32 888 162 129 817 74 147 752 634 941 625 415 700 122 252 482 242 229 298 633 472 12 433 460 440 64 143 687 282 223 424 161 628 325 792 677 134 903 358 4 525 839 275 107 561 511 390 507 17 763 246 601 858 323 950 272 840 991 434 228 391 992 744 329 928 493 586 720 653 945 745 280 598 82 430 592 837 347 370 563 157 327 990 540 965 314 40 50 374 895 655 198 104 727 874 438 930 116 962 893 464 123 867 777 779 346 555 984 974 81 154 957 997 467 71 461 943 781 259 247 276 466 45 757 85 956 25 859 731 967 417 337 231 212 748 376 668 954 759 623 568 705 125 535 442 76 588 738 521 250 775 1 889 451 355 237 112 235 241 353 361 649 44 977 802 340 999 46 937 20 599 923 669 850 699 534 966 983 810 29 87 576 522 119 573 429 708 564 449 597 194 59 713 877 197 768 34 338 256 350 611 312 795 684 587 313 803 989 204 238 148 666 305 69 702 364 570 614 465 862 170 942 517 723 766 554 849 662 500 56 619 947 216 409 303 906 368 121 168 703 549 970 236 907 377 146 174 875 490 852 724 544 133 175 670 356 365 196 428 316 567 138 880 872 101 83 475 496 443 936 797 171 344 887 545 299 218 593 574 743 693 468 320 929 269 706 673 905 378 785 401 503 608 658 211 380 707 959 961 394 103 609 891 812 402 551 6 920 868 824 73 908 36 483 761 456 366 181 217 215 583 516 964 938 832 799 286 886 278 688 921 963 537 914 214 371 762 191 978 78 979 497 589 307 546 820 407 626 691 132 747 717 932 786 529 569 42 631 579 898 403 444 916 195 830 509 883 294 114 253 934 258 13 106 881 373 639 602 48 230 968 189 186 262 643 491 255 265 884 221 650 939 450 295 811 560 367 642 234 758 982 823 311 446 348 935 458 856 913 209 60 826 718 227 613 219 640 283 719 986 683 520 142 890 88 51 94 778 330 571 515 127 663 616 773 317 220 513 502 651 617 847 65 972 257 226
S 295
Q 1 842 552
Q 103 969 319
Q 18 817 193
Q 175 1000 459
Q 75 124 2
Q 10 958 924
Q 18 879 264
Q 201 1000 593
Q 165 967 536
Q 24 960 291
Q 141 982 38
Q 89 912 388
Q 102 911 513
Q 53 902 205
Q 832 905 25
Q 122 989 726
S 795
Q 137 937 727
Q 50 855 331
S 518
Q 174 973 179
Q 160 975 763
Q 187 1000 413
Q 186 995 549
S 354
Q 168 1000 260
Q 149 996 91
Q 73 991 567
Q 147 955 709
S 829
Q 148 991 365
Q 15 826 374
Q 30 835 768
Q 843 880 37
Q 77 930 612
Q 73 899 553
Q 77 907 281
Q 154 998 127
Q 21 943 434
Q 124 981 809
Q 198 997 501
Q 117 943 163
Q 78 942 642
Q 174 980 236
Q 66 993 596
S 405
Q 36 883 224
Q 92 934 543
S 729
Q 111 928 672
Q 180 996 492
Q 119 947 288
Q 51 881 643
Q 94 936 98
Q 105 933 266
Q 48 914 853
Q 377 445 26
Q 128 938 708
Q 40 963 761
Q 200 999 262
S 291
S 144
Q 154 959 477
Q 165 980 397
Q 95 935 291
Q 158 963 234
S 237
Q 136 982 494
Q 188 998 91
Q 308 396 72
Q 55 888 492
Q 162 972 542
Q 115 930 115
Q 160 968 517
Q 157 994 393
Q 198 999 419
Q 137 993 7
Q 117 117 1
Q 5 996 70
Q 8 941 293
S 514
Q 127 954 20
S 418
Q 109 970 481
Q 51 890 164
Q 50 851 397
S 598
Q 113 992 169
Q 23 963 532
S 812
Q 69 975 700
Q 134 992 455
Q 130 966 246
Q 136 996 301
Q 28 893 806
Q 136 963 491
Q 3 994 591
S 70
Q 24 830 240
Q 107 932 200
S 156
Q 58 896 134
Q 92 944 759
Q 28 913 489
Q 21 865 616
Q 98 911 608
Q 49 935 707
Q 1 852 161
Q 951 988 29
S 409
Q 129 996 191
Q 11 939 885
Q 80 907 660
Q 83 922 545
Q 181 986 254
Q 121 977 112
Q 131 986 354
Q 87 963 173
Q 150 970 168
Q 65 947 103
Q 191 991 530
Q 232 312 7
Q 42 869 713
S 805
Q 113 987 528
Q 36 929 476
Q 169 996 797
Q 147 981 732
Q 67 919 143
Q 77 990 88
Q 26 889 676
Q 180 996 198
Q 55 994 613
Q 92 969 773
Q 143 968 463
Q 192 997 527
Q 160 962 796
Q 112 978 112
Q 314 374 19
Q 125 932 74
Q 118 964 513
Q 56 914 30
S 979
Q 170 999 364
Q 59 942 642
Q 108 948 517
Q 6 810 455
Q 170 993 77
Q 74 911 328
Q 13 858 58
Q 201 1000 275
Q 75 964 47
Q 140 997 237
Q 248 297 8
Q 62 923 552
Q 74 969 361
Q 195 1000 759
Q 176 982 322
Q 68 946 468
Q 181 985 439
Q 148 949 55
Q 861 893 17
Q 147 969 461
Q 18 843 472
Q 196 997 413
Q 126 992 51
Q 172 996 746
Q 193 994 611
Q 34 965 35
Q 23 836 679
Q 146 980 16
Q 15 927 577
Q 20 842 210
Q 197 996 190
Q 149 997 681
S 949
Q 38 977 602
Q 12 32 19
S 811
Q 386 401 12
Q 178 998 611
Q 111 958 89
Q 17 862 529
Q 38 921 774
S 703
Q 41 852 386
Q 46 917 567
Q 11 933 883
Q 194 996 155
Q 173 990 700
Q 11 948 32
Q 109 941 760
Q 9 893 91
Q 201 204 4
Q 33 950 895
Q 8 856 152
Q 117 941 721
S 376
Q 79 889 609
Q 174 973 15
Q 77 920 348
Q 481 491 7
Q 122 931 343
Q 159 962 660
Q 44 890 637
Q 184 993 312
Q 91 932 89
Q 157 976 198
Q 114 998 786
Q 19 888 383
Q 156 979 161
Q 70 921 110
Q 142 989 551
Q 156 955 735
Q 63 930 804
Q 21 885 226
Q 60 990 6
Q 83 937 89
Q 128 939 167
S 954
Q 175 978 628
Q 184 994 331
Q 80 884 475
Q 81 921 762
Q 565 582 2
Q 442 514 52
S 613
Q 50 887 671
S 972
S 130
Q 199 999 775
Q 28 864 827
Q 669 730 6
Q 164 991 791
Q 89 920 217
Q 151 970 657
Q 133 935 75
Q 14 851 428
Q 85 952 496
Q 173 995 144
Q 36 887 119
Q 175 983 780
Q 150 952 350
Q 24 882 322
Q 75 961 637
Q 113 963 643
Q 99 938 707
Q 120 992 143
Q 10 948 202
Q 978 986 5
Q 194 996 408
Q 43 64 5
Q 64 999 657
Q 68 897 12
Q 23 873 37
Q 5 902 667
Q 180 986 211
Q 171 975 564
Q 98 977 31
Q 174 990 421
Q 200 1000 106
Q 47 858 536
Q 111 976 383
S 47
Q 409 477 7
Q 158 979 764
Q 138 990 172
Q 12 900 98
Q 344 368 11
Q 106 929 17
Q 176 983 725
Q 600 604 3
Q 118 984 669
Q 9 925 155
Q 44 996 730
Q 104 955 179
Q 163 967 500
Q 16 872 471
Q 185 992 429
Q 28 885 114
Q 33 914 260
Q 185 985 212
Q 52 940 601
Q 28 967 626
Q 3 888 273
Q 166 966 485
Q 149 974 391
Q 69 965 616
Q 192 993 639
Q 160 986 184
Q 147 995 405
Q 172 980 133
S 892
Q 176 982 77
Q 46 883 248
Q 59 869 112
Q 921 943 12
Q 23 856 781
Q 66 890 565
S 971
Q 152 992 333
S 814
Q 49 973 491
Q 109 951 489
S 650
Q 154 979 374
Q 165 979 721
Q 126 939 638
Q 22 877 688
Q 99 961 828
Q 776 796 1
Q 17 926 111
Q 15 883 149
Q 84 986 842
Q 98 913 306
Q 115 171 3
Q 121 950 262
Q 37 880 705
S 9
Q 161 962 135
Q 133 982 509
Q 186 998 437
Q 84 95 6
Q 148 959 483
Q 45 853 189
Q 944 974 12
Q 170 969 459
Q 168 990 388
Q 166 979 329
S 862
Q 119 957 10
Q 37 905 63
Q 129 1000 528
Q 936 955 6
Q 118 946 264
S 670
Q 158 978 763
Q 107 935 595
Q 583 654 64
Q 5 77 13
Q 643 656 8
Q 821 898 31
S 151
Q 1 983 169
Q 16 88 53
Q 151 984 404
Q 167 976 94
Q 398 485 15
Q 194 999 200
Q 171 997 654
Q 46 936 45
Q 95 980 234
Q 181 981 536
Q 104 992 281
S 559
Q 122 923 782
Q 177 996 651
Q 409 472 10
Q 143 954 415
Q 348 432 84
Q 21 942 314
S 797
Q 175 978 604
Q 27 900 180
Q 119 924 686
Q 81 948 350
Q 183 990 435
Q 165 970 350
Q 152 984 69
Q 177 997 180
Q 103 914 193
S 216
Q 178 999 62
Q 179 984 194
Q 656 660 2
Q 176 992 404
Q 161 997 240
Q 41 904 231
S 307
Q 771 806 13
Q 45 899 346
Q 201 1000 495
Q 160 961 513
Q 80 897 728
Q 48 890 30
Q 87 945 507
Q 9 855 714
Q 8 932 660
Q 24 888 101
Q 18 970 906
Q 149 991 793
Q 32 849 441
S 579
Q 149 996 315
Q 198 998 476
Q 119 955 555
Q 133 946 439
S 992
Q 49 994 708
Q 94 908 456
Q 83 976 531
Q 11 911 493
Q 132 941 602
Q 196 1000 698
Q 128 966 629
S 809
Q 80 965 586
Q 538 625 22
Q 66 991 414
Q 28 902 875
Q 88 121 6
Q 3 963 821
Q 37 990 292
Q 693 750 29
Q 49 916 83
Q 104 919 219
Q 142 967 822
Q 50 911 81
Q 30 880 19
Q 62 915 604
Q 5 915 632
Q 61 911 724
Q 129 140 3
Q 89 891 14
Q 180 988 29
Q 143 999 406
Q 110 968 565
Q 157 994 300
Q 113 978 802
Q 141 961 345
Q 355 422 37
Q 120 927 162
S 634
Q 109 952 441
S 318
Q 16 948 814
Q 118 968 368
Q 140 974 609
Q 65 868 338
Q 68 893 605
Q 197 996 321
Q 158 992 818
Q 15 978 438
Q 88 894 123
Q 12 885 281
Q 177 983 307
S 439
Q 49 936 483
Q 179 981 519
Q 32 990 853
Q 188 998 468
Q 66 960 60
Q 5 940 797
Q 102 961 28
Q 5 911 142
Q 32 865 141
Q 72 958 487
S 919
Q 32 959 856
Q 81 916 562
Q 56 945 837
Q 62 934 551
Q 66 927 324
Q 156 956 757
Q 116 925 253
Q 124 972 497
Q 172 971 259
Q 7 819 340
S 94
Q 102 940 154
Q 192 994 278
Q 75 933 487
S 584
Q 105 986 265
Q 168 967 321
Q 16 898 695
Q 900 926 16
Q 116 915 96
Q 119 996 213
Q 70 966 464
S 708
Q 64 926 527
Q 162 973 668
Q 112 918 522
Q 44 867 59
Q 4 989 65
Q 16 940 779
Q 32 933 308
Q 188 991 792
Q 69 886 645
Q 687 723 7
Q 140 939 218
Q 28 931 596
Q 23 963 63
Q 198 998 53
Q 972 978 7
S 992
S 73
Q 26 872 666
Q 115 928 220
Q 26 913 399
S 843
Q 161 980 494
Q 632 671 18
Q 52 982 549
Q 196 996 206
Q 9 853 31
S 415
Q 33 941 738
Q 196 259 32
Q 120 953 303
Q 201 1000 255
Q 86 943 593
Q 135 956 763
Q 47 963 338
Q 97 916 759
Q 127 949 641
Q 116 966 142
Q 817 916 33
S 72
Q 37 871 749
Q 500 527 25
Q 26 840 382
Q 64 892 222
Q 22 838 762
Q 671 734 46
Q 50 902 132
Q 191 990 66
Q 103 905 232
Q 677 690 10
S 384
Q 161 968 685
Q 111 919 468
Q 58 927 763
Q 167 969 728
S 766
S 373
S 317
Q 112 921 298
Q 201 1000 71
Q 128 945 638
Q 161 982 161
Q 105 982 519
Q 132 991 763
Q 62 958 897
Q 42 905 350
Q 32 963 238
Q 34 892 606
Q 67 907 130
Q 418 483 31
Q 133 994 715
Q 129 961 785
Q 165 968 239
Q 159 975 2
Q 7 812 699
Q 802 849 36
Q 191 991 30
Q 38 918 356
Q 83 964 322
Q 185 998 251
Q 141 947 51
Q 54 989 478
Q 80 966 61
Q 196 996 646
Q 64 953 207
Q 156 965 276
Q 76 883 245
Q 27 891 767
Q 181 990 286
Q 88 988 767
Q 540 597 1
Q 831 875 43
Q 95 906 680
Q 29 878 682
Q 42 999 114
Q 966 977 10
Q 150 989 353
Q 91 902 425
Q 168 980 742
Q 16 823 649
Q 72 920 500
Q 152 985 144
Q 182 992 233
Q 696 773 9
Q 143 985 32
Q 67 883 462
Q 155 974 192
Q 199 998 194
Q 152 987 502
Q 101 987 305
Q 51 983 359
Q 177 982 21
Q 181 989 586
Q 50 977 584
Q 165 977 245
Q 118 959 461
Q 151 990 442
Q 79 967 790
Q 165 983 655
Q 10 820 646
Q 132 989 312
Q 83 979 413
Q 145 999 40
Q 79 891 618
Q 88 955 406
Q 145 946 221
Q 146 196 21
Q 139 961 585
Q 195 998 382
Q 132 997 110
Q 808 840 10
Q 65 874 126
Q 67 973 261
S 600
Q 110 918 769
Q 20 958 100
Q 84 893 133
S 579
Q 522 554 26
Q 1 993 103
Q 3 921 91
Q 44 926 661
Q 177 999 314
Q 48 919 74
Q 23 994 862
Q 172 982 490
Q 16 959 723
Q 75 977 871
S 491
Q 182 995 88
Q 179 980 151
Q 168 988 123
Q 115 941 105
Q 76 942 167
S 398
Q 878 921 1
Q 133 993 689
Q 138 971 219
Q 183 987 577
Q 970 984 10
Q 198 999 720
Q 28 984 426
Q 193 999 271
Q 63 934 103
Q 252 259 3
Q 981 986 6
Q 13 979 781
Q 13 884 367
S 541
Q 48 988 899
Q 101 926 382
Q 26 972 76
Q 296 342 2
S 11
Q 184 995 223
Q 185 997 604
Q 182 985 647
Q 40 987 826
Q 80 914 545
Q 28 900 443
Q 15 917 183
Q 201 1000 473
Q 573 646 18
Q 68 919 233
Q 200 1000 406
Q 128 984 715
Q 20 876 609
Q 7 916 553
Q 970 971 1
Q 91 942 88
Q 108 937 215
Q 49 930 137
Q 151 955 19
Q 114 928 737
Q 34 870 41
Q 634 718 11
Q 184 984 512
Q 181 984 640
Q 111 927 93
Q 80 953 701
Q 16 826 586
Q 162 208 13
Q 153 961 210
Q 143 945 223
Q 186 990 370
Q 180 999 685
Q 171 973 168
Q 49 931 693
Q 198 1000 532
Q 156 978 47
S 71
Q 160 983 736
Q 76 991 628
Q 74 912 246
Q 501 564 27
Q 34 989 458
Q 150 973 113
Q 40 1000 583
Q 184 998 649
Q 1 976 739
Q 489 533 13
Q 116 943 551
S 467
Q 113 966 195
Q 558 559 1
Q 142 972 795
Q 122 986 616
Q 57 928 570
Q 191 996 648
Q 25 881 424
Q 10 873 622
Q 185 998 595
Q 90 896 279
Q 182 992 204
Q 47 893 367
Q 141 960 372
Q 151 953 167
Q 136 993 59
Q 58 863 624
Q 187 994 73
Q 191 998 595
Q 114 921 564
Q 169 984 399
S 372
Q 110 956 575
Q 201 1000 446
Q 639 716 34
Q 186 990 539
Q 17 911 469
Q 12 908 92
S 367
Q 184 999 344
S 252
S 13
Q 6 969 810
Q 3 894 802
Q 8 874 773
Q 101 948 197
Q 183 991 665
Q 104 945 41
Q 52 980 402
Q 172 173 2
Q 3 895 753
Q 592 622 9
S 562
Q 37 953 691
Q 201 1000 556
Q 39 946 113
Q 921 997 40
S 334
Q 148 978 347
Q 345 418 57
Q 46 866 141
S 175
Q 30 914 315
Q 152 963 742
Q 117 956 608
Q 108 908 431
Q 91 955 804
Q 37 880 822
Q 138 978 65
Q 163 969 643
S 894
Q 183 982 12
Q 15 981 277
Q 26 907 643
S 23
Q 160 976 231
Q 193 997 803
Q 2 977 512
Q 125 979 837
Q 92 907 72
Q 131 939 616
Q 561 580 13
S 461
Q 199 1000 487
Q 42 999 727
Q 77 917 480
Q 97 934 696
Q 122 953 21
Q 103 950 813
Q 122 935 167
Q 668 726 18
Q 32 969 378
Q 60 991 374
Q 26 825 604
Q 63 931 346
Q 180 992 410
Q 185 990 526
Q 142 998 62
Q 26 907 561
Q 296 309 11
Q 168 985 657
Q 84 985 11
Q 194 998 280
Q 107 979 48
Q 169 975 744
Q 91 933 4
Q 71 874 378
Q 11 905 347
Q 149 994 69
Q 115 993 656
Q 71 885 505
Q 114 998 81
Q 117 994 361
Q 159 978 191
S 950
Q 78 999 189
Q 119 945 547
Q 100 999 403
Q 106 1000 137
Q 8 815 294
Q 162 984 2
Q 165 980 446
Q 60 963 757
S 747
Q 196 997 5
Q 25 974 282
Q 167 986 631
S 967
Q 153 956 78
Q 168 969 314
Q 84 943 847
Q 13 927 51
Q 54 960 217
Q 178 991 80
Q 70 881 771
Q 101 900 703
S 83
Q 196 1000 604
Q 27 931 19
Q 1 834 742
Q 365 387 3
Q 544 610 55
S 983
Q 120 927 576
Q 12 817 719
Q 136 979 283
Q 46 943 807
Q 82 942 826
Q 197 998 753
Q 109 990 92
Q 11 954 262
Q 201 1000 773
Q 541 587 9
Q 421 432 11
Q 60 955 562
Q 69 908 456
Q 175 976 589
Q 190 998 671
Q 9 961 498
Q 37 842 766
Q 114 917 395
Q 162 965 413
Q 199 1000 768
Q 36 884 296
Q 491 502 12
Q 182 992 222
Q 88 993 531
Q 123 945 373
Q 58 991 779
Q 49 887 743
Q 179 993 760
Q 192 1000 522
Q 93 920 480
Q 10 888 243
Q 73 966 739
Q 681 748 66
Q 114 918 260
Q 128 951 727
Q 121 943 58
Q 41 996 858
Q 34 70 12
Q 113 959 338
Q 112 986 635
Q 959 979 11
Q 178 981 445
Q 182 992 801
S 240
Q 21 903 240
S 141
Q 141 962 752
Q 103 935 580
S 99
Q 47 900 720
Q 155 979 435
Q 23 969 715
Q 180 997 699
Q 122 933 353
Q 159 966 504
S 521
Q 84 956 698
Q 200 1000 422
Q 70 986 708
Q 563 575 4
Q 108 921 284
Q 117 937 51
S 700
S 119
Q 130 929 673
Q 180 979 36
Q 88 1000 266
Q 27 935 458
Q 119 981 436
Q 32 988 61
Q 24 852 783
Q 193 992 217
Q 51 974 627
Q 61 143 44
Q 149 183 31
Q 182 1000 393
Q 150 973 382
Q 196 997 516
S 873
Q 42 990 168
Q 74 879 487
Q 143 968 305
Q 94 968 161
Q 133 962 799
Q 71 875 39
Q 60 989 389
Q 80 920 725
Q 54 979 349
Q 60 885 183
Q 144 943 34
S 669
Q 151 954 242
Q 592 689 63
Q 145 980 166
Q 95 963 236
Q 113 930 179
Q 4 804 358
Q 57 954 312
Q 59 860 2
S 918
Q 158 981 202
Q 5 873 785
S 888
Q 113 973 54
Q 138 963 535
Q 10 821 590
Q 248 319 40
Q 76 949 703
Q 167 980 490
Q 112 952 266
Q 926 966 37
Q 56 988 518
Q 110 968 522
Q 105 965 576
Q 92 939 364
Q 107 926 81
Q 182 983 730
Q 63 872 344
S 201
Q 159 999 592
Q 72 941 678
Q 198 997 349
Q 304 379 11
Q 70 937 777
Q 19 849 310
Q 36 974 562
Q 75 1000 805
Q 47 108 42
Q 4 848 216
Q 54 931 834
Q 139 948 762
Q 100 996 634
Q 68 971 292
S 907
Q 159 983 524
Q 87 894 268
Q 75 962 77
Q 139 997 574
Q 13 867 808
S 151
Q 185 987 173
Q 46 854 738
Q 137 980 724
Q 176 981 145
Q 141 956 347
Q 138 946 763
Q 161 970 222
Q 123 202 5
Q 188 991 308
S 875
Q 86 939 646
Q 11 909 886
S 175
Q 70 938 543
Q 74 906 436
S 191
Q 769 793 19
S 709
Q 106 937 127
Q 13 964 106
Q 167 967 420
S 709
Q 170 975 515
Q 5 987 562
