100 100
790855149 560392576 22551973 305892600 207237051 810709199 507134977 924653752 644767516 200327484 364651527 438361520 292356487 971467517 166458132 209979730 185464764 196079658 910215839 411828900 196730438 228551128 921257955 423112192 872457342 356770849 389583213 178842743 558684098 83175248 686476694 739309390 423763662 78897988 389647158 734493587 861083550 865361377 209686227 844998830 675745293 546853287 80108677 204752396 825662052 535323738 552794032 940567093 544751482 194621291 455404319 240023293 427365876 617901374 460707087 493840327 881067662 973150757 502341168 985796803 339999391 576686238 412134856 151288252 875880573 271317388 677392450 857023953 524117373 151364778 668912763 741166093 426769202 511589916 776586115 37696253 615572116 199830723 64045460 947118302 689095096 196631866 456601130 643294051 798666267 367645250 185490978 881849198 462058530 815646414 431242282 368879352 181577530 23010420 92437843 953957323 361377088 969099936 790211875 479786984
S 87
S 19
Q 30 83 48
S 6
S 35
S 37
S 94
S 62
S 80
Q 30 76 43
Q 19 24 4
S 16
S 85
Q 35 65 18
S 87
Q 65 74 9
Q 12 24 4
S 67
S 16
S 47
Q 10 18 8
S 22
S 64
S 52
Q 40 57 18
S 78
S 29
Q 8 91 30
S 89
Q 85 100 15
Q 52 54 1
S 22
Q 51 78 5
S 53
S 68
Q 39 81 42
Q 29 31 2
S 26
S 77
Q 15 77 49
S 54
Q 19 65 28
Q 12 48 33
S 44
Q 10 63 28
S 77
Q 3 96 66
S 46
Q 66 93 5
Q 19 78 48
Q 6 50 31
Q 32 74 4
Q 2 85 11
Q 56 94 14
S 14
Q 36 73 31
S 3
S 78
S 56
Q 12 99 54
S 70
S 55
S 3
S 15
S 96
S 36
Q 75 91 17
Q 30 67 21
S 59
Q 84 97 3
S 30
Q 61 93 23
S 54
Q 8 66 38
S 77
S 70
S 67
Q 18 59 39
Q 1 9 8
Q 73 79 1
S 31
S 56
Q 6 86 42
S 11
S 58
Q 22 57 29
S 86
S 18
Q 1 1 1
Q 53 84 8
Q 3 37 8
S 8
S 46
S 29
Q 26 47 13
Q 25 79 11
S 15
S 10
Q 5 58 25
S 64
