100 200
945692310 584805947 567571837 542096944 326655433 206244475 679357305 910872349 666619109 4740452 550983545 648554740 357869124 66379980 994081623 333933745 516024775 851468523 959884377 732818190 329641496 181674851 577313778 67545522 846825174 397631206 8884023 781270888 308798671 850719257 541711131 798608886 211971178 305636095 304466560 639335876 727354393 739999992 915423321 844897513 775286499 888478445 50524185 223793070 508963699 551095247 767809152 850868973 806457735 58537712 292655235 378934250 173376408 888240039 3525893 612533797 790350489 605884537 631210538 453526682 686956366 705968274 524290822 246828585 795064959 898191818 104608462 817157427 660764158 740897729 797534861 720578946 848749521 417848179 412040432 734472177 143308845 747192213 503686803 168362061 571226596 99700382 870413673 774383321 725891101 140652143 831634165 754790741 994973233 641314087 463803401 122010587 952818656 322982172 991158921 166165724 628580474 693294573 244314462 708496382
Q 24 43 11
S 91
Q 22 56 35
S 92
S 76
Q 30 36 6
Q 80 85 4
Q 15 63 40
Q 26 92 60
Q 67 92 18
Q 30 37 4
S 5
Q 51 60 7
Q 50 65 3
S 86
Q 9 47 4
S 35
S 49
Q 16 45 6
S 13
S 54
Q 59 70 3
S 14
Q 27 44 16
S 60
S 30
Q 18 20 3
Q 3 10 4
Q 14 92 30
Q 44 55 7
S 95
Q 40 83 10
S 79
Q 84 95 10
Q 80 88 2
Q 68 88 12
S 61
S 86
S 78
S 38
Q 9 26 9
Q 27 46 6
Q 56 62 5
S 43
S 31
Q 31 87 22
Q 51 53 3
S 32
Q 6 75 62
S 45
S 35
Q 51 94 1
S 79
S 27
S 73
Q 51 74 1
Q 28 55 15
Q 18 89 61
Q 22 60 28
Q 27 44 3
Q 46 71 7
S 58
Q 38 100 47
Q 45 53 4
S 22
Q 11 87 44
S 57
Q 13 61 25
S 26
Q 52 63 9
Q 18 63 6
Q 44 50 6
Q 13 46 17
Q 16 93 54
S 66
Q 48 76 1
Q 2 81 60
S 48
S 3
S 35
S 44
S 13
Q 23 100 36
S 15
Q 5 46 39
S 66
S 20
S 97
Q 30 74 28
Q 23 61 19
S 35
Q 45 60 11
Q 2 97 24
Q 30 35 4
S 99
S 16
S 62
Q 18 100 21
Q 14 94 39
S 5
Q 29 88 46
S 4
S 1
S 99
S 38
Q 25 79 15
S 37
S 70
Q 59 83 11
S 87
S 90
Q 2 75 43
S 44
S 54
S 90
S 11
Q 48 97 25
Q 19 51 31
S 74
S 18
Q 2 22 16
Q 26 34 1
Q 32 96 29
Q 17 29 8
S 49
Q 11 98 41
Q 35 53 6
Q 42 89 43
S 38
S 48
S 79
S 83
S 86
S 80
Q 46 53 4
Q 2 31 22
S 27
Q 36 46 1
S 23
S 50
Q 5 61 18
S 18
S 65
Q 2 72 11
S 36
S 98
S 98
Q 4 78 47
Q 1 41 41
S 71
Q 2 23 21
Q 2 10 7
Q 34 68 20
S 47
Q 19 100 39
S 4
Q 55 91 1
Q 27 98 35
Q 29 71 4
S 37
Q 47 90 4
Q 71 99 17
S 27
Q 4 75 44
S 3
S 28
Q 45 95 8
Q 2 9 6
S 92
Q 55 79 20
S 20
Q 70 78 3
Q 7 9 2
Q 39 60 20
Q 6 89 22
S 58
Q 69 72 3
S 46
Q 49 63 4
Q 46 66 14
Q 34 80 36
Q 32 54 19
Q 71 90 20
Q 45 56 12
S 13
S 4
S 70
S 36
S 39
Q 36 61 4
S 2
S 14
S 53
Q 33 96 61
Q 58 85 7
S 44
S 61
Q 85 92 2
Q 18 32 5
Q 24 70 11
