50 1218 33
0 12 2 34 40 343127589 27 15098778 32 559375870 392702575 417482300 433541506 26
999999871 9 59557719 554603573 42687285 3 560012678 697959492 29 48 44
999996287 10 31 342354190 47 225726090 255402837 50 758963457 38 396997243 15
593966388 1 49
822512457 0
459405174 5 409497419 803794217 797333156 32 750087715
119472585 12 895942995 381390186 529627479 380351116 667458292 888815962 45 425962139 778703549 64518206 21 42
999999450 6 894802625 92925174 15 702100943 9 748498525
999992434 4 325687732 454425446 689232315 218391082
999999158 2 512461464 266172408
981424223 3 103428988 318899897 2
999993480 7 755029480 247367856 31 7102233 13 61410891 49
999993695 8 14 5 212157942 260181291 36 488011312 49 620725953
999991100 13 174532264 3 12 6 328593912 433809245 10 28 470407079 335512971 43 15 49
999998494 4 748389279 11 384455481 798825636
79436620 2 35 43
999991568 5 189448550 3 710086812 784541229 17
999994053 9 37 450039049 847590063 253968599 981523813 5 12 34 26
596772910 10 48 30 995243798 6 1 685760245 426176560 26 9746366 185097149
832447178 13 548678339 26 1 601841983 105896861 21 590942115 7 65945768 33 4 16 411335772
769682350 2 36 44
999992569 0
999996802 1 471164347
999998918 3 782363023 132099611 870655987
999998496 1 928220368
959285662 13 38373590 110116088 133916041 5 15 22 23 83055834 291375130 7 410268262 24 704106343
999997196 10 606566890 929041775 48 14 15 35 11 541999996 49 904191837
69798551 6 22 409220028 579713839 795659928 13 583003519
999996158 4 582731541 17 710801093 97350115
363834935 12 7 210018264 38 479463025 565633967 938183280 18 80313919 14 29 554127458 982100514
999998307 2 30 23
753984401 11 774436216 917241062 26 25 7 35 36 111352867 16 621287750 34
870388279 11 447804069 118698471 400903383 15 713856678 644598031 37 25 17 223916524 45
999995222 9 40 26 20 654203453 236894997 31 576940804 437638651 17
999994704 0
999999792 9 156991494 50 30 547709788 118884407 588141865 596176797 519667364 524130178
999994831 8 775846858 590321495 780996096 47 20 24 44 76097874
999995322 10 539494368 42 40 484267626 564834653 13 232848031 21 738685264 25
999991640 10 36 497218427 3 6 259747069 791406934 588914025 102047304 9 2
999995810 3 10 417772394 9183563
654699827 7 40 10 461263408 583334772 162142731 95151289 904346847
999997684 15 25 480277042 469443054 10 196634334 13 986870078 813324775 108452600 414685592 50 901463053 8 990618334 1
999990546 9 36 28 331823496 865166237 738554137 32 305973148 261137702 975111649
999996977 4 971070011 3 445649566 216002400
160496056 13 47 978497992 570658025 822058995 41 35026545 9 865559150 11 531712405 798280282 43 760818995
999998431 4 31 35 767520095 969344479
407031105 2 814885437 75158599
999990501 9 34 28 15 41085052 18 389911609 688937703 33 20
999996497 8 22 985029228 405097705 36 200607843 14161342 70006513 698928629
0 1 9
6 31 243174697
28 44 307122852
28 37 495878217
45 48 829966187
10 29 863436016
5 50 53864081
10 32 957974784
39 45 134186659
33 42 570627973
6 35 50484881
23 32 201367569
13 36 813691660
22 44 873863909
11 42 292984569
13 27 218804372
11 37 446383215
18 30 265355956
15 44 391117501
6 30 170759326
32 48 162752935
1 38 49359849
7 8 764309050
17 18 821926075
14 26 740348631
10 30 818661649
12 17 649546908
40 48 223350154
16 45 604788912
3 9 889136830
19 38 587794562
9 47 536945481
17 20 274952972
27 44 640200194
4 44 268568312
24 44 739670512
18 25 697671212
41 50 500454612
1 4 648881344
5 29 65508673
10 46 567451086
19 20 885096189
3 30 609232241
17 48 532752912
42 43 58176756
6 10 816827337
15 40 87379998
5 27 385181797
15 50 861106957
19 42 28403442
19 34 688857861
16 40 413512866
24 34 409620664
3 21 406058389
43 48 88864516
20 46 300248333
5 25 60770086
16 44 578346297
22 46 998823566
7 28 736539830
16 42 238021654
33 40 408004342
9 38 759656335
8 39 687734620
9 24 671084480
10 43 455471263
4 11 189244717
37 49 451504116
34 37 635467958
43 47 657367387
7 43 181645917
32 40 85680777
25 49 847992943
39 42 912418327
7 26 627642633
28 40 608849533
14 17 54841674
8 9 43582289
5 10 810040012
15 21 140294003
12 46 5004025
18 43 546099535
1 13 169782097
5 19 793114121
29 49 707682506
20 25 234615230
12 20 113129930
29 46 984260775
28 32 836839431
25 44 512972085
27 28 103186314
35 42 35179053
19 23 991191843
1 49 677558699
1 36 367627304
24 38 987389048
11 24 118650669
24 30 566880069
27 39 383608585
5 43 946199171
39 47 662992048
24 32 685652216
29 35 353626758
35 39 442277554
3 47 124141147
21 46 359980955
13 24 782103958
44 46 237871799
8 10 178954051
14 29 279560357
1 29 290832253
2 11 919212682
2 28 652954339
12 23 402948390
38 49 698603290
8 24 832886716
12 31 234994665
15 24 842750019
4 17 893484625
20 37 631603962
38 44 945309913
31 49 97469583
4 37 239261274
31 32 353226022
22 36 955804581
9 48 964796677
10 37 752252134
15 33 361152457
38 50 75134811
11 30 294285746
7 9 965764759
41 42 987849790
17 38 350744096
15 45 641897196
20 41 968143731
14 19 966887195
5 16 117602424
10 39 345900216
7 20 104730861
41 45 480111724
13 39 184428967
5 41 12204977
33 38 33950462
30 33 194403924
31 33 989974631
17 39 882823373
6 14 320894834
1 26 9015163
3 22 406305673
8 14 768384001
38 46 776929867
27 32 992935749
25 50 504660675
7 37 808945043
19 25 890478553
40 42 227476031
36 40 586481519
1 23 864104970
19 30 318071144
11 50 582033604
46 50 252231266
31 37 116301515
32 43 40562841
30 37 97281380
13 28 628745387
16 32 526350619
3 48 453452927
16 36 857756600
8 34 710638683
40 41 420021488
24 25 808274760
22 33 528541105
30 39 739694877
17 24 720220962
17 35 8704023
2 22 218328146
19 39 472144245
16 23 686577738
13 20 164979040
3 20 664608302
25 42 649524498
44 45 904432384
1 44 562761639
11 12 913607377
1 47 281406976
29 37 727033907
10 50 833642735
15 20 189470717
26 29 205770140
28 43 336136335
15 37 64462595
17 44 475409449
13 38 594126843
1 43 754346627
9 10 798362656
8 21 405346660
13 19 314946552
4 10 255897280
31 34 924484377
7 16 856141214
8 16 355649873
40 47 605792
7 11 543782834
32 41 320179273
6 20 99768186
31 48 964027135
4 36 63296438
43 44 405870322
20 45 306456473
29 32 269045514
16 29 284204580
3 11 257738984
9 17 836687568
26 38 181892024
32 37 683140920
25 37 819579648
38 47 326241060
2 4 933116102
26 44 10261947
23 41 472093217
2 43 762127333
25 41 979293615
14 36 433105990
8 47 40396106
23 38 397897235
22 47 696897942
2 36 836350143
1 2 986285648
38 42 320789540
8 46 286726006
17 42 58727259
24 40 747753954
29 43 631523796
37 39 107508562
11 13 639198133
42 49 456848577
9 13 573271185
1 31 931781938
15 48 673822478
21 33 598455988
4 12 134136013
25 31 458854230
27 47 102507205
12 16 496040217
7 14 318350252
19 49 132259907
28 42 594104579
6 13 467078532
15 26 413400267
45 49 572446819
9 19 859221575
19 26 158956567
36 39 170470289
20 38 291386285
23 42 915432899
6 28 621045181
20 44 37712552
3 17 725087771
20 47 230071991
15 42 121065557
11 23 708926913
2 29 778016103
12 21 133339323
10 28 233692568
32 46 672198079
20 31 304370692
12 22 687951132
10 11 668945116
8 30 406582115
10 23 555230537
15 30 555206376
17 19 76616628
6 34 108691479
24 29 290687740
34 46 875348737
6 37 887185710
21 23 665078758
11 39 592339843
27 41 762812798
3 40 50190374
25 43 632171795
6 42 523979584
6 25 817888323
37 42 31060697
32 36 858288804
34 43 399001802
2 26 615083301
34 39 858930458
4 39 129839179
19 48 915054599
19 32 413887844
13 26 147012619
25 35 172474824
3 8 729901034
1 35 565384870
42 45 75331200
2 50 134652471
26 37 222712293
28 48 497268186
14 37 29527582
7 42 692580573
4 29 621568520
4 9 609180516
46 49 883955004
33 36 335149878
6 29 301756664
16 30 306282614
18 20 828004322
12 39 188121742
2 49 119077761
6 49 190513113
20 35 656095978
14 34 498752446
8 29 130222729
3 12 837613962
5 17 204093972
9 31 293312397
20 40 542891110
23 44 11194172
1 32 346545309
23 45 930888419
12 29 95381769
2 12 97071253
2 30 420961172
4 32 186324149
16 43 743732308
32 38 439480595
17 31 407035549
38 41 983669258
3 6 786770023
15 34 402041290
19 36 56510456
2 13 521559189
34 35 302879301
19 27 878764030
4 27 879097408
22 31 297726580
23 34 899339831
41 43 602897971
4 15 385023529
37 47 712856285
4 47 18575732
15 25 381100472
19 31 943086270
28 46 667902260
8 31 38569299
23 36 278269343
24 41 470329939
6 38 546997671
3 38 332581891
40 45 422633848
18 22 87930499
3 42 38674826
7 25 820190963
21 47 12604034
9 12 135827619
3 41 186486679
8 49 582829900
48 49 285047334
6 39 784873231
33 39 960805165
13 46 875409494
30 46 623554987
5 31 891419390
4 48 118948672
46 48 448830708
16 35 140713281
19 41 966975650
10 36 229064238
13 17 525993606
7 18 844897456
16 17 672161292
22 35 668740926
17 29 451487636
15 18 633423712
9 39 906737851
45 46 617352452
12 50 538336087
25 40 980403129
25 48 116492799
12 25 358789459
28 31 198483374
40 44 954601064
36 43 531407197
7 33 657658340
20 48 130366276
35 46 719222026
23 24 238972632
47 49 910035110
23 37 194267561
30 43 631853838
8 43 842720400
9 50 588185460
5 34 195146430
2 32 515844665
41 44 225489443
6 36 876962734
6 44 226653214
25 28 294464543
3 5 572778153
16 20 815461212
6 46 12227732
14 27 358188347
5 35 627678892
17 21 794176983
7 21 516714980
26 46 627984568
2 42 380269812
2 44 445524569
13 29 342307670
2 18 887055469
6 50 541036060
18 46 844286279
9 15 153131054
26 42 525749682
7 50 795906407
9 14 281569986
31 40 433443187
32 45 911850854
6 17 613014491
28 49 588101234
5 8 837091359
17 32 341681200
6 24 137288531
17 43 497810114
4 18 453607705
7 13 899909663
24 47 853916487
1 5 614849388
4 25 587979467
6 27 437989450
26 43 186842666
9 34 897052715
21 36 64350470
6 19 533924282
49 50 219964107
28 39 807094429
21 45 43144020
9 27 979449338
10 33 641014100
14 32 512545102
6 40 714641385
18 44 794298271
21 38 9167057
6 23 133154467
14 15 402263078
4 5 538581452
27 35 143219702
11 29 61907947
18 29 97054086
36 46 884935130
37 44 422890447
7 48 226590009
19 33 545837890
29 50 498983367
11 32 535815149
26 36 986506496
26 28 276499584
11 38 376563461
24 31 42468775
8 25 587845867
35 43 80861843
27 31 738870299
16 21 414577835
9 43 431651715
21 48 954159529
19 29 681166464
41 49 713649106
9 37 695600792
25 29 818828521
32 39 151371687
10 21 58628978
6 21 310132907
2 27 623715651
2 7 473311553
2 3 48930645
7 29 668465332
31 44 892617440
4 22 206390383
27 43 913146580
16 33 523859898
1 18 807145292
11 22 949388787
7 35 817815536
12 24 485314095
2 33 544606440
21 28 843804077
11 21 479596666
18 48 790880330
11 48 545666053
2 38 474529444
4 34 30382004
6 26 724389184
21 31 255363110
10 18 82711069
33 37 421338014
21 24 740848500
10 17 516630030
14 43 454310406
18 31 40259568
12 14 823605972
44 48 428826633
28 30 40617776
8 50 526379735
30 49 864251966
20 33 948206339
22 32 519158837
13 49 186808889
47 48 754104137
2 41 26843938
23 28 463198038
1 42 935226
35 41 234214312
23 40 746800175
42 47 852010819
25 32 480665570
28 33 224442100
18 28 48059543
37 48 522948204
13 21 96557981
22 30 351517768
32 42 431014283
1 10 875869013
6 9 966740976
3 14 912511520
14 45 24337410
11 15 146799567
4 42 284788797
25 34 542837890
18 37 922054948
5 49 523681416
1 3 775498203
3 29 17245422
29 45 13183391
8 38 103029725
6 43 632426499
21 49 7022041
16 48 177740448
15 22 386296655
2 35 70413259
8 44 990582687
44 49 379550434
41 48 972539655
1 17 75945188
46 47 400960905
3 4 615258957
1 21 105753355
31 46 525282187
4 28 919347607
8 32 368225105
33 44 500723299
34 49 181957527
3 45 916608735
35 50 948185449
14 33 504179397
38 43 306746266
5 28 965865726
18 49 189693393
9 36 55668633
18 32 158815629
12 15 116155066
14 49 233788208
26 33 869864447
14 41 49939899
10 31 150052323
10 47 369138439
8 13 123849310
37 38 863553665
14 28 910793940
26 31 48396137
18 24 535370523
18 21 614768123
23 46 41439101
32 50 144674332
28 50 922616446
1 7 406253621
39 43 782597248
29 33 965712634
26 48 104144927
4 35 146706450
36 50 138850240
10 40 757489222
42 48 919457206
10 44 155673945
48 50 137814702
12 44 97740832
17 49 559212484
11 44 879454176
28 47 74519525
12 37 402792021
11 25 32651171
20 36 740940185
18 35 154120173
15 32 320226464
40 49 574821703
39 50 512462348
5 9 687810505
2 9 976371490
4 30 448543511
22 39 142551558
20 49 188631868
43 45 964576140
5 11 657834048
2 8 201012286
3 26 720675173
5 7 582005894
20 43 265366299
34 41 421091113
22 40 882115249
20 21 677751570
3 31 913283192
33 43 875641596
3 15 17714541
11 41 913394110
24 49 689091223
9 44 905132615
15 49 148754409
37 50 625567440
3 27 566255420
12 45 243974731
23 25 135416735
2 25 745289639
9 20 1443055
27 34 672785856
9 40 760214678
3 24 898044309
25 39 245784045
1 22 127107917
16 38 330731692
5 42 729756636
3 39 948964046
18 42 897546004
27 49 209630707
10 34 609339613
2 17 54725873
5 39 767849421
17 34 531811319
12 13 443441992
5 38 532036161
22 29 974361731
34 48 171797975
9 23 818265059
2 40 498608294
8 27 533596955
36 41 690907705
33 48 701679252
12 43 603275543
13 47 295139259
4 33 827371402
3 46 441308726
23 27 610309566
22 23 777272585
29 30 574813557
37 40 232924313
36 48 41975126
12 27 251616907
39 44 932208434
10 15 483871470
4 46 867771292
11 26 112673064
8 17 133338366
21 35 756099802
34 42 118610274
11 33 402036509
8 42 808234283
30 34 385628005
44 47 52503380
13 40 265697435
15 23 88647868
4 20 586683006
23 39 558424142
1 41 196912444
2 46 760698229
5 47 773965653
12 19 550768688
5 33 892181219
21 50 258540087
16 31 273237313
12 42 552036432
18 39 28164739
2 47 371135406
12 32 483847265
14 40 429209683
10 35 755988426
31 39 100682798
38 39 500996894
10 12 33487694
12 36 2255865
2 31 83725953
5 45 127688145
22 48 220409289
19 43 171118045
4 23 373183087
31 50 856099735
31 38 972145529
7 32 990522935
9 25 150573567
13 45 619436071
12 30 76431250
30 40 97640798
38 40 423128630
6 7 688737337
15 39 1579731
18 45 955834949
7 10 172247421
21 30 572316675
22 45 808425161
20 50 871606085
13 31 40306427
6 22 811860469
7 40 317002996
1 34 208249240
4 40 129269954
39 40 47359811
13 35 55626158
41 46 87847953
25 38 301187355
15 43 640403815
1 30 172611193
19 40 93105472
15 36 532278208
19 21 590031674
31 36 261373216
10 41 227344319
45 47 894376281
29 47 314131596
7 17 694104541
10 48 383988541
29 40 202582497
14 48 881592048
7 44 133898015
31 47 441996146
3 43 598541640
23 29 442885157
8 36 531155074
16 27 968527797
31 43 53929125
6 32 109169353
8 41 872713580
6 11 616981981
5 40 228234809
14 46 536018191
24 27 158527115
14 22 598230195
33 47 203871434
7 46 324350969
6 48 154294946
1 25 625371168
11 18 701263425
9 46 376505769
26 27 456763304
7 39 884484
2 16 756109387
31 41 678511120
21 29 151600211
16 49 953461881
35 47 931639380
15 28 302174368
19 22 262003153
3 19 303792456
10 13 85259509
26 39 656160385
7 47 247006890
3 13 992391039
12 18 202304228
1 37 885721517
18 41 418963076
24 37 22276310
9 35 701692539
17 28 361444483
39 49 848796881
5 48 85644120
39 46 656902785
4 16 723119105
4 45 140739401
33 46 237296875
17 23 655054984
24 35 465553363
45 50 27505163
37 43 702848540
19 44 384390264
39 41 888876920
14 16 180208759
32 47 683458505
22 50 611940658
29 48 440226750
27 36 212325702
27 50 93690149
24 28 913689355
14 30 788134424
18 38 696237165
9 45 132944016
7 19 771404909
12 49 958386725
3 49 613990835
16 46 28719461
3 34 954838023
1 20 654250789
15 17 681265962
13 14 721980782
31 42 235128633
18 47 458976861
13 42 688078399
1 11 316682820
30 48 74508966
34 45 213745564
1 33 835281245
10 45 827070981
28 29 650219661
12 38 258112576
4 24 151725673
15 46 115107945
20 30 56944769
16 26 94126828
7 30 959584378
24 26 883933700
13 43 830831491
3 44 642167344
33 41 600610273
21 37 678226698
1 28 768700110
23 50 150898071
33 45 91178192
9 18 63183858
15 38 468459460
9 22 710641051
21 40 460644822
22 43 579265180
37 41 447624080
43 46 108316671
2 48 47048672
5 24 454437819
1 14 40193634
16 19 101822755
22 26 760488028
7 23 20955847
17 47 524538064
3 50 838202194
16 39 2339319
9 30 62146812
1 15 927715189
14 44 90983911
11 31 451053209
20 27 610982303
7 36 901190152
17 27 10918448
8 48 269098398
14 50 678635337
39 48 266994131
40 50 655128640
2 6 413023894
22 37 261702999
21 27 847938402
15 31 405794564
12 33 558840300
24 50 173592851
9 33 93245589
38 45 579948201
10 38 639858554
2 45 295492436
30 32 467778531
14 35 341803880
5 23 771767149
13 15 751201663
4 13 653413658
31 35 918759789
26 30 934931140
2 15 709032211
2 39 985400684
5 6 338179965
14 39 435284501
35 40 735829174
3 16 628865927
19 28 72828885
13 23 211740580
22 28 514805889
12 41 527248555
36 49 268912389
5 32 582081687
18 23 42809685
29 41 131477057
15 19 6965598
35 49 847064965
14 31 554310440
23 26 683340934
7 34 81739334
24 48 109295923
9 16 352188227
4 31 985862232
11 45 711919033
21 22 498371135
22 27 582154624
22 34 788367392
1 27 177151743
33 34 723697415
17 25 458460773
27 33 34047253
21 34 774099018
37 46 33940530
11 40 418610568
26 41 925932565
19 35 393455953
47 50 170434759
13 18 625906689
36 42 23177643
14 42 58932504
13 50 269583346
27 48 399684818
4 41 197186842
17 40 280916167
2 34 649314339
14 21 628575078
8 40 57319661
20 32 416990159
30 36 288632608
36 37 366090708
4 19 188466978
9 28 102310011
18 40 357707192
19 24 220231429
29 34 771075124
21 26 754949962
3 28 625283762
4 38 951125557
3 10 583987691
4 6 595871211
44 50 823935014
11 49 769179972
8 35 184669439
34 44 530063919
20 24 874287208
4 26 540383570
25 46 508217638
32 35 126688625
7 22 75942983
8 15 99326014
1 19 331116689
29 44 592709278
17 46 861427106
30 42 483903757
41 47 628392909
3 32 531233177
24 43 9253960
10 42 38615299
12 47 339099629
1 12 667225444
34 40 317350194
3 36 981173725
13 48 555335296
8 19 396525364
18 50 159815105
35 45 35845439
3 37 202643705
34 38 152364947
25 47 24905902
16 22 362001958
42 46 568560022
21 41 810659435
26 45 46164633
5 21 624253731
2 14 122986653
2 37 303683801
8 22 204120890
12 35 118421029
1 40 97752577
30 45 95767167
38 48 863314122
16 28 453532178
6 12 760167321
9 26 835061339
13 30 94682178
33 50 995921087
4 49 942814781
15 16 946088884
3 7 360887957
42 44 79276378
3 23 419370843
19 45 776727806
27 37 372850406
23 49 235464269
26 34 115127931
8 33 285719718
43 49 462844039
32 34 749432581
5 13 50181722
30 31 565633636
2 19 486589919
26 35 513138803
5 30 73167946
7 41 123416816
19 47 587119356
6 41 770446862
8 20 290686074
10 22 482498282
2 5 147356206
14 47 839172164
17 37 901710336
10 27 93442539
16 47 716660128
5 14 292598437
17 36 132401741
2 23 764222100
1 39 272303146
3 18 753429062
11 20 441621292
37 45 632043345
5 20 932055421
8 23 887747196
22 38 802181225
21 42 738794324
11 35 940724378
13 25 64537917
18 36 555374719
27 46 59505439
9 21 705888277
11 27 891393047
6 8 915368650
28 45 14830732
19 50 785492400
9 32 385659238
30 38 497622021
4 50 960887041
21 44 272709139
5 44 357451638
1 24 71396065
10 20 876944145
20 26 379245151
10 49 707071507
11 28 951978868
21 32 59171067
15 27 676229875
18 27 53706218
3 25 311211963
25 27 631786671
7 49 836796742
8 37 28850756
11 36 740181193
1 9 616612555
30 35 690888383
8 28 940297046
11 43 922826505
12 40 479437593
17 30 611239604
22 49 89207876
11 17 658118747
10 19 926118319
25 36 656492111
14 18 778463496
24 46 48361485
9 41 916924786
40 46 132728777
12 28 72093339
22 24 788029688
10 14 590833004
34 36 367802789
2 21 946235221
12 34 53403943
13 16 297733651
24 36 317214615
5 46 932894721
27 38 92869525
18 19 14714685
23 47 691353927
13 32 717065708
1 45 908461050
26 40 477389988
29 38 284798738
13 34 619132499
42 50 943221923
23 33 256779199
7 15 446128255
12 26 454170355
21 39 333719936
23 48 16692095
16 25 991361883
25 45 478784263
30 44 513632557
4 7 686109394
4 21 139193480
25 30 797218245
15 47 742198297
6 47 793877059
4 8 529124262
11 14 952341811
27 45 328007763
1 8 635887246
23 31 117168132
20 39 126184566
5 26 694477956
11 46 954338970
7 38 797496178
28 41 475103949
13 37 631654883
28 35 368631569
1 16 269421146
10 24 671019243
17 26 292974397
16 24 38616476
5 36 582938562
24 33 146961193
30 47 905111999
8 45 685082341
13 33 725422389
9 49 178200901
4 43 806659917
11 19 663289238
35 36 270695806
26 50 767801180
30 50 4639232
1 46 525715402
20 22 154798912
1 6 285679820
6 18 366663648
8 11 122388317
6 15 20287285
10 25 713064886
18 26 757230650
28 38 652712116
8 18 61930484
2 10 607586086
18 34 815969238
8 12 30295550
32 49 114301213
7 31 841532083
26 32 787045828
20 42 393000822
24 39 121531183
6 45 94650751
35 44 708009639
36 44 290313391
18 33 43937632
27 30 358728909
11 16 106558206
14 20 136337671
17 22 694870393
31 45 742111792
16 34 719831782
24 45 450021025
11 34 423020421
34 50 953073439
5 12 216349646
33 35 856943691
22 25 877271252
32 33 826075657
20 28 873666211
12 48 18610517
16 37 824800027
19 37 571288475
1 48 241296801
19 46 952363272
27 29 156582604
9 11 299523175
6 16 171915108
14 24 710547379
5 15 746130009
36 38 510034480
28 34 862211428
4 14 152876833
9 42 23605314
36 45 29796273
27 40 800374240
9 29 519908070
23 35 425746213
24 42 409048850
43 50 651339040
35 38 308242910
17 33 908403537
20 23 684336028
30 41 62342986
26 49 527770524
29 31 763536927
17 41 623468999
36 47 109815877
5 37 70263737
13 22 607814672
17 45 883209067
14 25 983149
20 34 885879529
15 29 346830032
32 44 946288726
10 16 508856852
22 42 658607066
17 50 714814071
10 26 202611735
3 35 442859202
26 47 438146402
7 12 473219966
35 48 389693538
5 22 542993935
34 47 716457032
15 35 265049986
13 44 264030221
8 26 707815938
23 30 692762494
33 49 149870831
25 33 757847743
21 25 598615559
27 42 781020773
16 41 611914252
25 26 795619389
20 29 419047470
29 42 966202285
7 24 413895
7 45 475303276
5 18 520885799
13 41 546732787
7 27 348975461
16 18 51968917
28 36 813189107
16 50 816470070
14 23 88815334
6 33 474303971
2 24 843288972
22 41 558409576
29 36 91473603
40 43 215009381
35 37 440311107
23 43 255304858
14 38 242140191
