49 33 9
0 2 15 42
999996276 13 43 612562263 798680180 320933404 150100299 21068127 444008695 407653879 680234061 25 9 50 28
999992233 0
999996564 6 39 330351563 5 977100568 47 38
999995602 3 36 13 60403010
771805690 1 684774132
147512403 12 13 45 866121082 109932893 12 35 124678622 33 601764787 685549910 32 588728701
999992386 14 395001454 7 806813408 161025262 648685533 130431994 851775899 241448345 525688578 17 62500311 50 951311521 36
999992440 14 841873571 449874115 770297858 33 26 86980304 8 37 35 54597997 11 154242491 31 242275527
999999754 8 265158213 803358245 38 16 34 2 503688577 958498554
999999038 1 22
218903123 1 37
999996979 10 50271580 37 7412605 9 41 82764329 50 267298771 48 30
999996308 3 693942463 931373871 234519870
999996243 4 38 914469667 19 140103754
999993583 5 990003707 700882664 5423627 197980670 247076303
603715589 6 4871277 789421444 13 29 179960939 8
267993822 7 803703432 5 42 214511702 732139258 9 102567408
999991078 10 715471966 44 7 415324630 919020669 20 19 43 41 20527912
999993285 14 34 36 329216184 38 24 44 30 22 45 958821781 42 34383453 836309796 298333480
999991100 0
999990604 3 24 954392817 21
999991011 3 509606927 24 4
999991495 15 46 41 29 19 3908442 12 403409343 38 102314722 679242209 870168994 16 6 44 2
999995881 1 931873531
207731637 5 31 4 352646666 945955919 864572846
999995428 11 9 998297084 2 13 508088164 500209684 34 11 29 26 85182966
999999791 2 33 865109453
999997579 14 24 6 851969380 4 39 960203166 45 812222155 32 7 408176507 67839588 60151904 86291976
65966180 7 21 6 42 24 120865718 314190465 8
999991318 16 24 408730776 666697811 312548667 37850983 280692947 567428835 251531403 114777234 995438818 877579804 10 19 148710610 14 440399495
999999715 8 102882221 989027639 40 43 27207946 685229746 38 39
999992674 2 42 35
999999275 6 40 11 779493474 757948253 736145050 527073000
941655621 9 537101016 441509189 620345724 439285481 37 78446088 969086001 464805191 12
999996349 9 968187719 497665534 47 627272159 432483649 20 21 882973341 513076961
999993778 15 16 26 223330459 831025137 5 282563715 273207367 739165782 27 450536813 617145661 952878489 4 7 1
364264015 7 4 444823115 884178602 105108163 43 328878456 6
999991186 8 23 654082401 362283663 35 242650397 29 40 115335347
999990644 12 9 86840610 805661780 664487156 235583190 286147675 4 382761423 29 7 12 303443595
999995346 14 40 27831062 991811326 23 691795225 4 465452955 270817120 170937811 31 130661869 38 19 2
905448279 9 146285200 28 5 553613664 631260411 33 16 39 37
385190675 8 18 39 29 44 619102095 28979780 21 19
897308978 3 38 52425282 50
999993349 6 20 6 28 27 19 245167329
999997481 11 30 16 37 331735757 40 18 17 9 364306427 519747172 586083450
999991724 8 955548915 29 20 44 652612383 37 607653368 372806089
999994969 15 958752347 37 704935537 343192190 921259625 351003731 29 12 39 5 17 373028941 613612727 32 428122059
0 8 39 38 894581423 25 10 655820645 674650527 33413323
28 48 822854579
30 45 806098727
27 44 596347988
5 20 891292421
7 8 861254436
20 39 504532950
31 48 515570954
22 33 89843615
9 30 324184774
11 44 360770232
10 48 384368893
24 39 70383360
5 38 22159128
4 27 205398489
16 40 720923198
32 47 510105647
20 31 330226088
40 46 141604111
4 35 977743601
1 23 607197305
25 43 662634978
7 22 360257050
6 39 399229295
11 40 293391011
6 10 900797627
3 27 71527553
24 27 542098352
2 46 715380965
36 38 816746695
14 39 785984064
14 24 869148914
12 33 786480372
8 23 317326787
