49 677 47
229340192 0
342455540 11 4 11 565786249 299150502 30 5 47 49 704972044 929765702 28
228219385 4 835496983 3 187861599 11
684689982 1 363400339
999992765 4 553969673 337790718 35 50
999990847 7 48 781072990 38 437102073 34 223600292 7
999995246 5 593700585 797052804 49 37 57688311
999996175 7 845996445 16 7 24 37 45288303 9
999992660 10 682521412 579315092 350643826 2 31 419111851 1 493802583 11 826920171
999995038 15 5 571329834 288041769 441645160 233765460 771340435 19 818168951 719937815 9 34 23 31 291118519 1
999992024 13 18 207971295 773820294 17 30 26 350300415 44 42 95034605 828256171 3 574575816
999999469 11 7 48 753212463 4 332562253 736530399 6 222703991 431776727 106103134 850210486
999998888 13 58114591 30938383 137619122 33 68282945 854503701 133562137 111340820 514062737 17 24 25 3
999994646 2 481747130 789284842
999992624 10 39 482209211 312168475 18 943364442 994565866 333301135 23 20 26
781633215 9 937819251 94722713 613117996 9778679 518826305 12 29 43988584 132899362
421103668 5 70815643 41 32 49 158499217
361723105 16 51142480 47 96120684 11 8 46 35 24 644704663 1 6 43 293167081 62830997 33 39516959
999997332 6 328783526 163699157 20 9 12820017 8
999993084 1 46
999993745 13 18 50 102359196 49 24 16 39 733572281 744984000 685553054 2 9 337015805
999992351 7 678922266 868165694 987337460 393122997 38 921131534 395022817
999994519 13 426991201 45 26 11 554240627 404152308 49 25 24 8 919636040 564724682 122139012
999991950 9 36 7 988043007 680608550 28 478330872 4 41 24
999991124 1 54274590
999994136 5 686213211 916616863 17 36 46
999996285 1 768236426
999995277 5 31 82808044 28 1 488513902
702267982 14 23 5 39 771621601 29 46 16 38 585811587 19 126559350 17 287378965 27
999994526 4 361899336 829415647 605973909 338258742
135058917 7 17 157544525 40 30 390595229 199987450 42
576822137 12 22 807796620 48524525 7 491500626 12 274675976 38 2 11 9806656 743112984
253737012 4 268037295 24 29 384300224
59402329 2 225875503 37
999997353 0
999991143 11 21 44 30 50 614696961 600935643 289927603 644449646 14 841828397 484079038
428521209 14 1 672684854 30 81411218 66707061 99920992 36 3 27 876892412 13 8 12 161034148
999997466 13 13 18 92703219 35 699460550 747746098 10 855579596 42 8 39 38 12
999992096 2 40 5
906571301 9 669143888 14 39 680132239 332727415 33 151026348 944573099 10
679564943 12 33 32 465508399 12 480318993 44 413857358 791284430 29 36 37 145028635
999991527 11 19 330688685 98651541 311108425 22 10 699782465 767955613 178733394 970586519 80722490
999999281 3 436532251 799797394 3
166853011 15 49 687355383 36 30 299854468 13 974068468 2 872505829 34 70786301 35 41 406676829 555150426
999995337 13 27 2 13 23 20 863125492 957514913 433672799 41 155382308 16 32242047 42137341
999994519 10 401117514 22 597453491 44 20 10 529965451 40 32 17
999999292 15 25 127516806 738606413 161335176 47 43 147073396 426773740 966895067 50 247174693 607198378 18 14 33
999995394 11 12 17 3 805516481 293258632 46 270595505 288651104 820971268 409887309 40
0 10 824855032 24 6 792466716 153820891 2 13 770015505 30 1
16 34 70284147
21 49 199997968
8 36 49870744
2 26 312774934
16 37 197328223
13 35 398723386
26 28 743528571
9 12 669652844
10 21 546574264
2 25 70593796
8 20 926524792
24 29 879048046
39 49 57257008
12 25 727342638
23 46 206740076
25 45 66735420
8 13 993276084
23 41 126350543
7 8 394812754
7 10 364685652
23 27 610754004
1 14 264517406
39 40 467544028
7 23 627698879
18 19 101322511
18 40 850622969
5 28 707169990
44 49 77625589
6 49 224130967
8 35 946617087
2 22 436655137
20 49 560411615
24 48 280085892
19 33 325594399
8 26 683436689
28 29 972072324
11 40 306205438
7 9 353505969
35 43 23276329
15 49 640384108
8 18 237046576
36 45 4962493
34 49 778227145
43 49 413676266
1 9 592589010
6 16 285745505
6 31 226162210
4 39 164208070
28 40 237951980
6 8 886179450
2 48 32598869
35 37 68095711
22 40 947357854
18 29 965070123
7 46 107839229
14 26 947749373
13 46 654010361
9 36 141618721
47 49 592849001
23 32 287111968
27 42 620621042
24 32 919714859
17 22 271530944
13 23 58064055
16 19 278758099
24 43 283387943
25 41 655011629
19 45 355193977
21 35 330634388
2 49 278036367
11 20 630751032
28 46 488392124
16 44 883530307
41 44 569515248
15 44 890338534
36 43 366850020
14 23 282001040
32 34 62775529
3 31 223004158
15 42 63014905
12 37 770115791
7 39 665635575
36 38 255435556
2 28 732529604
3 10 46126353
25 46 877059910
10 37 88868061
4 17 814155127
7 26 847979230
16 20 153810378
18 34 945330294
9 11 806826394
37 38 659741628
5 43 780863315
2 30 695474209
24 40 237024393
34 42 747830122
20 45 595750122
10 41 628522222
24 39 589335619
2 3 191362048
14 38 204042310
16 49 684363913
32 38 105144827
26 33 106900515
15 37 828209961
34 39 484648306
36 37 132078492
1 7 209670979
29 41 879652069
25 28 314369080
19 34 75767891
2 8 724369133
17 27 65464877
22 44 999797737
4 6 27539928
29 38 826228727
10 18 323906244
24 26 102296026
17 31 600484837
37 42 245555330
35 45 966460051
26 34 916247502
17 19 874593567
4 35 716513051
19 22 883580019
15 19 575954801
11 29 93081331
8 11 630865921
39 41 505731638
4 8 370895758
22 42 526856145
5 7 469886507
21 23 265266178
4 30 984846161
34 48 486411775
3 36 146962162
10 25 813121477
17 33 256443070
33 41 41644495
9 24 146993383
10 35 3838249
9 48 884572422
11 35 875788467
8 19 813014842
3 24 703651054
22 29 767308021
9 15 86067786
13 27 786302289
1 26 514409762
16 29 69601329
11 16 706582644
21 41 158726064
12 33 132289505
1 40 59935515
18 33 388125252
7 11 99158511
11 37 634909783
25 36 46432135
2 41 56718329
24 47 744734705
8 44 748390278
22 24 843392932
27 43 454269956
21 44 890824730
30 47 105876374
2 47 822017605
37 44 29505899
8 48 184679488
14 37 395912801
7 20 188245753
12 43 156576603
21 29 881034256
19 48 123651547
19 23 154700986
3 27 491946070
5 23 793255610
28 45 116511119
11 15 632343466
13 49 118860113
15 22 539460790
11 18 188626956
11 26 37195502
17 24 194738414
38 49 84960961
5 11 171522696
2 16 79721969
6 22 413127329
2 11 972102035
27 29 593255319
34 40 422181454
9 25 878755062
31 34 30570439
12 15 704601956
7 33 418563605
20 43 891114803
36 47 900714906
12 46 24535492
4 38 2907317
6 25 864818100
14 21 662441470
37 40 213591342
25 30 216956445
34 36 407952367
6 19 16013897
33 46 168377851
7 15 791441776
26 47 506148765
29 48 747431796
33 37 42475175
15 21 886729139
13 36 976536147
25 34 865848087
5 41 430387155
2 24 72861895
24 35 809140032
20 32 184062401
27 45 182499506
19 39 354482747
21 31 442593675
17 30 296692260
15 36 513724696
18 49 363137142
30 48 615178954
24 45 83140531
7 38 129080689
17 40 443760456
18 25 314862769
14 46 106688473
7 29 30880297
6 41 892971529
14 44 767370082
13 26 567784405
11 48 183085477
33 48 392837811
8 40 145280145
20 33 89167028
28 35 630180458
3 37 383911004
10 33 562873106
31 48 608046242
25 43 141953907
15 20 650086981
2 35 213931591
4 42 54582950
16 25 641358523
19 38 937348567
40 49 582137462
15 32 63630895
24 37 132432825
2 4 390902089
36 40 998515128
32 35 641750513
3 13 932373285
14 24 579087699
19 26 197745753
7 28 892232887
23 38 91456988
10 17 501549039
26 29 4128023
11 27 402716818
22 37 61235522
35 47 906731501
31 49 550231059
30 33 408595921
10 15 279347452
20 24 665409556
23 49 132083476
30 45 759074515
6 26 37854287
37 45 117252205
11 31 230328856
1 6 427816050
1 32 404321310
26 30 479690774
26 35 190529780
20 37 53935877
12 42 74989326
3 46 895138283
6 15 783546124
23 39 12916971
12 18 808264915
27 48 193272506
31 41 543035649
35 46 562354206
31 47 995541937
8 22 669006325
38 48 541607854
21 39 252689339
1 42 878703814
5 20 59411199
1 45 319820406
21 27 173515245
8 41 779047156
22 47 725062819
19 35 224904082
11 12 330519558
12 38 973855370
12 16 678550091
28 41 181171786
15 31 950297304
1 18 773027058
17 45 107617218
7 13 568642355
11 36 965596778
33 39 797719372
5 24 221612465
12 40 990871403
32 46 364865860
34 37 316297588
32 36 37544541
12 49 385457523
5 27 426887018
10 23 891856160
13 47 728720262
23 40 198857755
7 21 102258019
1 46 150837546
19 24 139036075
37 47 275214496
28 48 871858771
6 13 982157180
17 43 42989995
18 48 193631648
14 40 447979844
28 44 202817237
40 48 51130904
20 46 853588482
27 40 800104003
26 36 288487732
19 49 523505291
36 46 60358182
4 9 164263003
22 23 540671249
46 47 635708330
30 36 112964633
27 34 593852314
11 24 306071039
10 39 773183097
28 37 897214514
1 21 9631920
6 7 559203677
29 33 393339213
7 12 96329800
10 31 10753151
7 25 574783831
33 38 577195722
12 47 865054454
16 46 698854090
3 42 897274152
6 11 926644149
12 35 547162223
2 5 810393299
26 39 9855121
25 40 205452298
17 32 509772040
23 45 712134088
6 20 833396096
27 37 334284225
8 46 151432867
13 37 19576131
1 2 584328520
28 30 213875061
18 27 338230575
24 38 707625026
47 48 952324273
5 33 98259862
11 39 7281987
2 33 205236107
21 37 197262259
19 25 629239446
1 29 330805324
37 39 628526365
11 32 151879537
28 38 946443667
1 23 160364317
21 25 882045451
35 40 415308000
3 9 46592161
37 41 713682365
33 42 841559651
25 26 93519064
22 43 18009483
23 48 406021728
20 23 822970861
1 27 338966696
2 44 162834636
21 34 351132895
16 47 539006142
23 25 606687941
7 43 658841185
13 40 156502308
3 28 364261445
14 39 194356202
20 30 177865232
16 23 870103494
6 42 279077906
20 26 664277098
14 27 769456311
34 43 225365680
27 28 526099163
15 27 749670181
43 45 939137097
21 46 185327501
28 31 456331857
4 37 816109398
2 27 411584050
33 35 213608731
23 30 396938364
1 20 39215450
5 42 168519849
25 33 446744830
3 44 577974204
44 46 597201493
4 13 33837104
10 20 792374037
36 44 91932250
5 10 953902767
7 18 347879995
26 49 361728937
27 38 783762060
6 9 624417595
8 32 2966391
40 42 823707955
17 38 98507609
9 13 827224702
41 46 477275052
33 36 714625211
27 49 237507809
5 26 255196121
9 21 986910227
28 32 388830233
8 15 147163429
16 48 109911822
6 34 186995970
4 44 4287977
5 46 354511796
13 28 18620490
23 28 319248247
46 49 462415644
23 29 557768201
7 14 684783312
8 33 416126227
8 31 795325210
16 39 563751576
18 24 630011651
21 28 803124190
8 42 482020630
26 48 214091234
4 32 297847392
4 36 768605913
12 23 224361584
1 38 930840938
10 49 185628597
25 29 85310517
10 38 372877743
9 35 937684585
6 47 383154672
23 33 162102279
33 47 859961199
26 27 81517563
30 43 129032008
9 40 361331084
20 44 687445722
32 42 760534144
22 34 829025872
20 36 139944833
31 37 357290467
26 41 148885880
15 25 25907659
10 26 190963303
13 32 729791465
8 37 308962807
7 35 187491403
27 41 996458721
39 47 49435291
6 29 242458153
40 44 667650740
35 42 347068991
10 32 884244258
9 28 45422278
5 48 489259541
21 47 471690288
6 40 108669233
6 21 241985422
29 30 854772562
3 43 385878643
26 40 266629315
3 23 255059218
23 31 18422886
22 48 206606021
32 45 34526925
4 28 951358178
28 39 905369762
33 40 762306829
10 13 258546654
20 22 207916851
9 44 845612568
9 34 299388905
7 32 152699656
13 30 941375042
2 43 974323050
3 5 297068947
5 19 727127837
30 37 547589433
30 44 656162454
9 23 370957954
3 40 55775978
28 36 245383394
35 41 325776003
4 26 455792461
14 45 667935679
38 45 37161555
10 47 48349153
7 16 320346398
21 36 877924785
37 48 61037378
16 45 146524180
38 47 798232901
35 44 762750840
16 22 324235442
1 30 952534138
18 32 109602670
8 29 870025877
15 30 674488558
5 13 215192636
29 35 632640888
17 36 499023033
13 20 249192913
44 47 6352900
36 39 748420994
1 15 536293453
10 22 441558221
18 42 20081046
22 28 408986000
3 16 290646158
4 24 54261529
31 39 133447539
12 17 956523114
22 39 223882965
1 22 51791646
17 48 466325392
8 25 27236619
2 7 59267678
9 22 217753314
11 14 698485192
2 23 654930965
23 35 628149029
10 24 622628980
22 36 41313011
42 49 136094663
41 45 469869123
15 46 427655815
6 45 59253093
3 6 459306428
19 42 720223302
5 16 574728010
5 31 900563310
5 49 856929821
29 42 730910510
2 40 730484268
4 48 893373792
7 37 369207049
3 47 39453474
32 43 874785598
1 33 875967359
38 46 265242003
18 36 53752802
12 21 801669494
21 48 929593096
31 33 396141952
31 43 624590346
16 38 541397794
4 11 277867292
19 29 42533697
11 33 325527100
18 43 290689853
7 45 863465901
13 31 592940063
22 38 356765634
36 49 983685857
23 26 331122271
2 13 283602177
48 49 794342028
16 36 497880966
29 34 198763943
1 41 78784224
29 43 569925581
12 27 53540646
18 20 871025982
8 28 709087024
6 36 721608659
3 15 267970324
34 41 364706482
44 48 340510284
2 32 33668749
9 30 806721458
13 16 278156702
4 27 602182442
16 42 28111657
24 34 501466556
14 29 699119028
14 32 50229887
39 43 905465499
5 47 821870184
25 27 52361226
1 35 678077265
31 46 383250436
4 45 64077146
10 40 511990677
10 42 321945383
23 47 581299920
35 49 615483147
20 31 71506826
5 25 784471702
4 34 22761699
30 32 326494081
11 28 571221739
1 31 695958039
41 42 185527202
8 24 810727773
30 40 901301781
11 45 716891015
13 24 139885328
9 18 737541836
16 33 38071941
9 39 902568132
29 32 40670410
36 48 478828482
13 48 588233217
7 36 211795717
33 45 254271144
9 29 37908346
17 29 767530115
1 4 7212823
35 36 956727309
8 34 895978447
5 45 11778335
21 24 847614009
3 7 98870326
8 14 656056017
4 15 497159414
3 8 756314126
27 47 929191777
5 6 650007058
4 43 203475494
41 47 833452612
9 47 252608922
21 22 135755870
35 48 310260044
20 47 825712703
26 43 813425638
3 14 830049146
27 30 39593315
3 29 976867633
9 45 967851702
13 41 275405905
24 33 896580500
8 12 855357290
23 34 119378989
10 44 900746325
9 27 72199824
27 33 780601118
14 28 310592597
24 27 197464132
26 44 911842031
14 48 592872696
20 48 597384336
42 47 402987992
3 21 953101347
13 15 775441289
27 32 717811977
25 38 90996867
6 44 82567223
1 5 997713808
12 44 9267559
23 36 229833397
