47 1044 28
999998803 0
889461120 15 46 11 38 287173225 12 151380697 5 33 43 270254648 30 147382338 41 906623858 239152581
999994496 14 2 933253908 362430267 8 90139089 34 30 142118156 990649473 921395408 40 521611296 763954380 250455370
999993380 7 926092061 26 14 167152492 38 39 36
999993483 11 412907038 275957090 28 40 27 364340015 10 530767718 77907129 32 635627722
648415995 2 109743743 17
455665766 15 29 47 311919343 43 35 13 510356758 731622856 55466065 493986574 36 442680152 14 997861176 12
74230583 0
906818271 4 814800689 2 390831783 42
999990712 7 27 572791567 14 162136463 15 7 301419685
999994257 6 21 2 39 26 546313223 672598331
431086232 4 262417706 36 901869156 14
999992434 3 581409092 47 313147275
999993966 9 1 262228587 31 123952810 22 43434564 975597656 504801155 23
818438418 7 42 602852265 866837142 11 36 308325914 974873712
999999184 8 644504958 854364130 382887440 46640651 20 880500814 38 307107385
999992684 1 485491715
999993819 6 15 9 45 160370332 33 4
999995119 9 11579496 354039984 801611856 32 119098680 353914094 98677268 11 12
999995481 14 512399106 20 65520445 35 690881793 45 43 28 259147012 27 33 10 632381485 988520352
489134922 0
554655365 5 219155361 182517561 39 814250347 139410606
999997185 11 497320776 26 570820642 400707481 47 17 1 560600747 42 51040052 947346692
870077184 12 226779533 10 43 11 17 68218466 275553915 30 11898979 8 3 114538119
568987010 6 47 445309369 33 374510039 301897355 41
143680753 2 360435557 358607275
999993919 13 663965119 509617826 38 668639050 42 368131544 343617549 104186961 461576932 385818730 722935925 814041074 48
999993994 8 518857853 16 207782768 17 36 46 20 24
999990881 0
999991283 1 44
999994932 14 829117797 11 486110325 3 62726841 35 673789187 517323350 2 12 673427901 23 45 679189252
999993822 7 84780614 26 590732672 20 718174079 193370164 25
404470882 8 26 47 2 21 23 521851659 922772614 540965131
761935435 14 876230623 3 939587857 242177576 692488821 410547437 15 50 953303996 10 1 924988417 866437942 45
999994608 7 60190929 776157778 495431607 43 28 728949907 3
999990379 8 39 27 747511518 221025657 47 69519289 246958922 339576022
999995605 8 48 44 41998872 974604122 80792602 128445390 911611727 37
999994077 7 31 547665267 34 518946799 922264100 701698370 56371509
999990934 3 20 33 605084603
999994072 10 144658699 36 37 38 6 611839129 30 398815517 15 14
999990713 6 712045708 5 10 22 386015936 673356639
27742063 11 41 710902720 49 719676758 25 507925283 327041454 34215281 616312263 45 20
509637515 0
999994126 11 20 38 350043983 8 42 13 22 967684882 9 44429140 559066463
962085682 8 18 36 9 153231127 155228877 730664151 486936865 3126143
999994620 0
0 16 625304977 637647465 35 23 900619963 434183054 598256151 47 430644370 381791821 19 16 347676054 715884160 3 545220733
5 16 765405734
25 30 662503529
2 38 199682062
17 30 91733905
8 47 50903579
29 44 108040174
30 31 823287843
2 10 603463568
18 35 897473524
11 20 591724441
16 20 70680802
26 39 127578876
24 47 282589971
25 31 544721656
23 35 737097882
39 41 830412701
1 11 212501383
3 31 598247029
1 23 576336620
33 39 14250971
15 33 271878654
4 5 621934665
18 27 688500335
36 46 808073037
5 47 73349719
2 11 387991198
16 43 572316948
24 46 777893723
15 21 501296729
12 38 65056063
28 30 984135370
30 44 445930928
27 45 93417695
14 27 461336548
13 18 586675241
14 23 2027216
19 39 302911365
20 44 806236741
25 35 701876464
3 41 429901909
18 28 719139957
15 27 624289407
17 24 38495884
29 37 998880174
9 30 429831210
13 26 483219925
2 3 664437703
18 46 315636035
15 20 825845160
20 39 132642415
7 40 105076451
8 43 123590646
9 37 758631509
33 41 399399514
3 18 249169867
9 47 88250507
3 33 499710880
6 13 112283079
21 45 819755745
17 47 930515726
8 22 880132192
16 18 516069885
10 47 195402854
13 32 7457994
9 35 461194853
10 11 138801117
38 45 127286389
15 16 974259118
36 44 44735501
5 26 198942222
45 47 55476405
34 38 114731542
12 22 704765344
5 28 798426751
16 26 43210576
26 28 626624393
3 36 995194478
13 28 25461716
20 25 826916549
28 39 916878047
1 15 25536469
1 21 706899056
34 35 23103630
28 43 891257107
23 29 907333156
23 41 66777200
19 41 229908407
19 33 75545900
38 41 261039714
18 31 311711189
6 18 455431477
13 34 932625760
7 33 933546210
21 38 346255988
14 33 843523536
18 38 753606863
10 30 171329550
22 29 726915566
4 33 994180443
13 46 114788660
15 34 560888351
42 47 421872214
17 21 215590952
14 19 577986858
9 23 76423466
1 5 633397306
11 42 533066330
1 42 834997248
33 46 376626891
6 46 932108001
8 17 296903622
34 42 794243135
28 37 851253485
2 34 515182701
16 33 991847723
9 42 304496581
5 9 664053570
29 46 196049181
14 31 928819611
19 35 208791538
8 25 368766787
29 41 389614371
4 12 113244611
16 24 73478359
10 35 110897557
14 30 415054632
19 21 396333926
30 35 728550700
7 45 582972817
2 43 650570393
29 39 578737463
27 44 980072963
17 43 386468471
10 34 827468258
37 46 655190884
10 23 173047510
2 46 583481342
8 29 778307137
10 33 639789849
5 32 39113805
1 39 709888207
31 43 11004935
10 17 515982553
3 6 58842246
23 28 688321738
19 25 526292259
9 19 369512314
12 33 214882937
3 34 387520067
24 36 71268866
4 16 931127340
11 18 919184971
32 33 659494606
32 45 63850985
38 47 254310307
22 38 49971859
39 44 114682281
36 43 775453348
38 42 653048780
7 47 582136554
20 27 248740934
8 35 313462421
6 43 319826737
27 34 226750384
1 14 423212902
27 38 602574105
5 20 247368327
32 43 573981626
10 29 71767534
13 31 58663737
13 20 298346455
7 35 142792704
5 43 22128741
8 34 896209919
12 32 457574348
11 26 721580740
20 24 291807988
34 45 29601233
34 41 415904869
44 47 24014230
4 40 406887216
3 43 898490716
3 11 863761
15 38 561118473
1 38 667854007
1 24 103741838
14 16 580934156
10 46 231745547
12 18 869813296
25 45 835789471
1 31 311334641
26 35 738735629
28 38 297446075
23 44 67293703
23 36 24688476
29 32 257501417
18 24 570412618
33 34 85831232
22 33 333497177
21 23 496424023
24 43 971764616
19 28 820067995
5 27 699216753
2 26 860794371
3 29 884801709
7 21 748934043
6 44 958986756
25 26 651795328
13 30 108522883
3 13 822300124
7 25 515429666
3 28 417303400
3 39 88310024
12 21 657118660
31 33 707633390
23 32 128191086
24 34 606224894
14 46 84613129
17 20 705105324
6 16 726988045
8 21 199540396
26 47 638559733
26 38 668624462
10 12 267476332
1 4 861960442
5 15 762875054
13 19 22094348
9 17 315748741
18 40 240862140
23 26 384727923
8 18 831442786
4 6 480409887
30 38 313694440
2 42 595625676
4 17 67979569
14 15 461223147
28 35 651052159
23 25 426047115
25 41 242654292
8 12 949340317
27 42 635816254
8 27 187037544
10 28 449942879
1 43 768314971
28 45 180686388
20 38 639300548
35 36 370994605
3 14 302313203
22 47 389766152
22 43 556005158
32 42 73068949
10 20 725265684
7 43 822043888
10 27 748830432
21 41 697352597
4 21 874345615
9 24 115418821
13 29 843595802
17 38 269202146
24 39 108683070
27 30 469986369
4 22 314534057
42 46 572726754
17 44 378186368
22 36 219818840
26 44 420238624
12 20 656452533
4 35 869525247
11 25 1849810
6 12 248227302
27 33 21559129
21 35 884887607
24 26 36472426
10 16 407372353
23 30 45426883
4 13 608079455
33 45 969071742
3 17 61426927
7 36 244493473
8 11 356807751
3 37 78837523
9 13 757200100
37 45 775067033
11 14 66302827
21 46 950113728
1 22 328635599
24 40 289619396
7 16 813683509
15 45 647039316
10 41 484282744
5 46 442143986
5 31 912912153
16 23 867492061
6 29 805530573
19 29 266468725
11 12 428814197
23 42 791901049
3 42 80596302
19 22 517772346
8 36 48917627
4 15 18978311
23 40 144591632
12 15 296109134
42 43 487205880
13 17 736880057
12 42 340647351
32 47 768883525
12 27 295272473
4 37 80414935
40 47 453393823
21 31 115657720
22 31 692189906
3 12 920738667
4 11 32075905
1 35 477234390
6 27 611429788
8 20 163579459
15 26 657326758
31 35 271845615
20 29 107869745
10 25 821053964
25 28 40266066
32 46 554592950
13 44 78829425
15 35 141374287
33 42 834407895
22 46 266947618
6 34 869623478
4 25 856933062
37 44 331229999
27 40 687725616
3 8 682896502
17 25 403713908
13 27 163510018
20 31 189788600
11 34 389317898
16 35 719896857
3 46 453296403
2 21 470155204
14 28 614530394
6 14 769381778
8 45 721077849
36 45 533085143
4 23 76532030
26 29 197433412
14 20 576702006
6 42 55454517
35 42 588980453
20 22 304854470
27 39 987244298
14 35 23870232
26 31 358001984
1 3 511178861
28 46 723289598
31 32 195940565
14 18 592863555
7 20 344307334
9 46 854168088
7 23 609675432
5 13 119927031
17 45 43494848
6 17 544784222
30 43 661260246
5 6 410634139
15 23 738771496
9 18 313274137
35 37 479473335
29 42 211441519
3 27 335090858
9 25 824502612
8 33 977583810
17 23 348870115
34 44 436340272
4 8 51799970
25 27 691287374
3 21 705640898
37 41 868356035
26 32 538764288
20 33 89222496
9 26 200763700
22 39 52309566
20 40 443152071
5 8 37830307
25 44 227467800
5 7 441841057
2 18 756468937
1 41 321852928
16 19 593832361
24 35 13409956
36 37 656725253
32 41 817359330
17 42 144512253
4 19 465307620
12 35 920364348
34 47 485191318
10 21 235040459
16 39 487682234
8 26 921800135
36 39 332786117
8 16 750950056
4 24 53754696
19 36 46568391
4 46 465274395
38 46 986317173
34 36 138549432
13 36 35898031
15 42 857924927
5 38 494140477
17 37 716203175
1 36 582795366
12 44 388149223
2 30 591411727
37 40 496028352
6 23 253860348
15 43 367512499
8 19 308474345
25 40 364745748
8 44 649391169
35 43 847959837
5 10 13737196
4 42 983783470
22 37 942418029
25 47 935078214
14 41 722489999
6 40 556096032
12 41 705192232
37 38 123121187
40 43 525109414
16 38 662332170
20 36 5513061
39 43 636296516
7 24 303628214
13 15 669030139
12 25 536095109
5 12 146276778
18 44 356015595
41 42 304500234
3 22 676801348
33 37 292541183
28 40 743376187
9 22 557093061
14 47 497915172
11 23 597688727
8 14 856912840
19 45 654510697
10 45 994898268
20 21 176413305
1 26 996882179
30 34 956578566
8 37 67466122
6 41 787842295
7 13 85431942
25 38 426948042
39 42 36953679
36 38 866557338
9 40 420642789
37 42 81414634
3 23 808897348
1 37 794098896
5 14 496673311
13 41 380752439
11 21 591933157
12 31 642614410
2 45 107641889
19 32 826825326
27 29 554564670
32 44 303622429
8 38 559526499
23 33 107262604
10 40 302576045
8 28 229326393
41 46 102503043
17 36 346809497
31 47 547393441
14 40 282243281
15 40 442034337
4 45 388154681
21 22 72677813
9 45 327815531
9 12 334994769
21 28 60460415
7 11 621824827
43 46 234588753
7 41 947169665
21 44 630347854
9 11 168187648
14 24 677997246
2 44 875447976
22 34 34607432
6 33 18231487
19 47 319424520
13 38 832362782
17 46 346749667
42 44 590864642
15 44 790392998
4 18 829206053
18 33 667935200
17 18 67452607
23 31 337414908
19 34 96891659
21 34 969400683
19 26 532469712
6 15 388286348
2 27 524721023
6 26 535791807
17 41 592260842
2 4 3218331
11 16 415311878
2 13 34696920
21 32 24533193
38 43 637068633
30 32 380976033
3 9 9802828
26 36 60044136
15 22 20599965
41 44 20013200
7 42 127047805
25 29 489914928
18 39 812916950
18 22 643260635
23 39 557588458
27 37 56441434
6 21 365177803
30 42 763291136
19 31 182962533
32 37 77480991
1 6 199112629
7 26 977551350
29 40 464434718
3 32 261165894
18 36 752080335
25 32 475035330
39 46 833662004
33 38 99494995
41 43 832102558
21 26 847804061
3 10 830793456
18 32 655530506
1 30 81031508
12 34 448362332
43 45 911678672
46 47 936541557
11 37 689333049
17 28 24739459
16 31 509237447
15 28 491318801
7 37 272117150
31 37 992962272
24 29 783820738
24 28 457390810
22 24 687729246
4 30 710647013
5 41 914473067
1 10 567010311
11 47 637515510
1 44 112014965
16 41 393732315
26 34 217534537
17 32 520198483
4 9 941865834
5 40 233212051
31 36 995786414
2 24 252055115
16 47 463624705
20 46 786238654
18 47 356831850
10 38 78726735
6 8 845006951
2 16 286172731
18 30 693737078
12 29 279906254
9 31 30431476
17 31 411857619
3 25 461736636
1 7 342756359
34 39 666524734
5 22 689303454
25 43 933813961
18 23 356092535
13 45 682267123
22 35 23486882
29 43 468815438
24 42 959094185
11 29 800446120
5 39 578356001
38 40 873987858
12 45 4967942
26 30 384417175
8 10 4901697
7 31 201398014
20 23 102272630
18 34 923626463
8 40 382750246
14 22 585451002
14 38 959911791
4 44 881173968
14 45 159333447
7 18 938128639
27 46 516328145
14 34 68727249
3 7 85274306
1 32 805462752
9 15 552167142
2 14 507067808
16 46 36033735
3 40 904726892
35 47 428904919
31 46 782398798
2 15 243342833
16 17 550497944
20 32 488084274
21 37 39169647
13 23 486694019
15 39 470878054
16 30 568389395
5 44 802739013
16 21 39869463
39 45 596422300
30 33 650598041
21 33 1621794
2 22 664472279
31 45 529970842
8 39 292251095
5 34 757548713
18 37 532735789
15 19 738848551
6 36 444751270
14 36 520754133
24 32 607832834
44 45 639500155
4 31 383753839
11 33 682402281
28 31 902957282
19 23 868176256
28 42 234831038
7 44 945219800
6 31 481179438
25 33 697713216
35 39 640076631
30 37 309024459
11 36 615824935
6 30 46148832
12 40 530923910
15 47 697054196
10 22 558535149
4 10 167495323
31 40 483826221
11 43 70944991
9 44 128722182
29 31 645371528
2 39 661435647
12 23 967889238
5 36 918298320
13 43 916045616
28 36 973380733
26 33 583703721
11 35 977975787
1 16 207330927
1 28 49271868
19 46 500172790
40 44 945972176
35 41 255128707
11 27 370082067
5 23 521614601
5 17 265194943
26 42 567390171
19 43 462610159
8 42 921762025
29 30 905914566
25 39 644316131
36 42 767910418
34 46 26050021
23 47 562905107
5 37 959818603
6 7 990282421
1 25 72500341
25 34 832692208
7 14 71085695
11 39 653702744
7 32 554094875
7 39 464719127
23 27 698044627
2 19 214313509
4 34 13270466
23 45 162646995
13 37 704556076
11 24 590639151
11 13 233992671
33 35 816503395
3 15 618237582
25 36 358835369
4 29 448073115
23 43 18366969
30 41 246818202
10 39 111859105
16 29 443483750
35 40 627430825
16 25 208940220
23 34 466367731
10 15 814488759
14 26 732313633
2 25 264604841
6 38 954683633
6 35 181529744
20 42 544925136
28 44 135521899
30 45 343021600
19 37 800320784
32 36 102753822
17 34 885974632
22 45 553084765
14 17 496223861
3 47 176019460
31 39 874776273
3 45 779891116
1 8 976434620
21 25 765858920
16 27 540190236
18 20 592153323
25 46 49278636
28 29 226520008
8 46 745871666
15 41 768395546
16 32 930930175
11 30 298364138
26 45 790794997
13 39 851395890
5 30 884480842
2 9 844699288
2 33 374835243
10 13 6071201
17 39 841827856
14 37 444825674
9 43 344989024
35 45 808770773
3 44 879090158
24 33 579068192
29 45 604832387
22 41 876186976
17 27 71129457
24 25 57700070
20 35 878516366
7 30 853976014
33 43 641544012
6 10 227287025
40 42 28298408
1 12 220165468
15 17 5288344
30 36 104660705
12 19 407002840
22 27 597061378
22 23 801238610
31 41 616087525
43 44 228626011
18 29 499382613
14 25 371858317
2 20 866712623
7 22 171211345
4 14 865888241
41 45 124396641
21 36 681650961
2 35 179049841
2 40 875337663
20 37 419323920
14 42 387131903
9 33 450978900
27 36 964936109
3 19 865355554
18 43 363321209
8 31 778330836
4 26 98769734
32 38 124819206
7 46 105596538
15 18 243720048
7 34 961302257
5 42 769692746
27 47 373328087
11 19 397285997
8 41 133080769
19 42 786213172
10 42 642936676
24 38 61955008
44 46 341925932
7 15 893929120
22 42 726324828
10 44 272983664
4 41 527481811
16 45 348125972
12 46 693833419
5 29 309595829
2 8 959962706
17 40 3121596
40 45 880547511
18 42 139505597
19 24 217017509
23 46 91390006
4 20 15427191
20 41 172859671
9 21 80655573
26 46 915116613
19 20 444081448
1 34 337107664
10 43 438419496
12 13 309674309
5 45 129596006
24 37 492421293
16 37 551075062
20 43 127882208
29 36 895950480
12 17 150283555
5 35 45622924
12 24 677954875
8 32 395018573
34 40 418403235
28 47 770119686
28 32 987687249
14 32 226652826
15 37 38280743
39 40 715061251
24 27 649841587
10 32 819741540
6 28 786732320
2 32 490322118
4 39 507471877
23 37 34518682
7 19 351756937
19 27 751945343
12 39 141191718
32 35 733042708
3 5 180187115
9 32 598147502
30 39 422396231
15 30 197701979
27 31 194905352
28 41 513664728
29 38 609936837
16 28 839526168
8 30 261771925
9 10 163800034
14 29 568637234
1 2 132031936
3 26 130976672
11 15 655138686
16 36 735973896
9 36 536796045
12 36 596376490
3 30 936551725
13 47 664776577
30 46 36998749
37 43 899533283
21 24 556945217
7 10 589102447
9 29 758655627
2 17 431352373
35 46 472634524
35 44 825807080
10 37 625416480
26 40 341160088
4 38 81468492
10 26 521252910
12 37 993294992
3 35 458240787
5 19 841434823
18 26 769133122
36 41 982699291
12 16 281613398
31 34 883169228
20 47 641148595
9 28 574106567
43 47 269313218
14 43 925006924
11 22 651407548
21 27 904420400
34 43 683494920
6 20 922217969
13 42 161702483
2 29 27409932
36 47 550392380
10 18 742960632
1 9 452311028
15 32 693224610
17 19 970337132
16 44 457156621
5 25 70735042
20 28 536503044
18 41 930520629
14 39 140201260
41 47 864449723
19 44 279528515
10 24 588059606
1 40 457725175
11 32 969775796
1 17 369705357
6 9 59012563
32 34 544726380
27 28 395874965
31 44 97764366
13 24 666861177
21 43 682730526
6 11 438700526
4 28 635193534
23 24 385776240
26 41 656182034
5 24 525049156
1 33 503203308
7 17 137457032
22 30 862870848
11 41 298579939
15 46 184950057
4 43 50274895
33 47 868916090
37 39 672660129
32 39 517394659
13 40 374117793
12 26 782150228
7 12 271875104
6 25 34555824
2 41 45254905
21 30 760393657
4 7 478964757
9 39 535929172
27 35 77041797
13 33 281203670
13 14 188925279
13 22 733214235
3 38 900862867
13 35 390382736
3 16 421327131
1 20 765560652
20 26 107902577
9 14 460779593
4 32 670087343
7 8 742461728
6 47 891105976
45 46 990679011
18 25 471485052
20 34 544041576
29 47 482957258
17 35 776664935
4 47 143915324
18 45 763599061
12 47 817042197
15 31 323333888
16 40 61759190
38 39 886330601
22 44 341638122
12 43 106988503
11 45 399994664
5 33 284616768
24 31 57338317
7 27 366204076
9 20 506936664
9 41 77350216
28 33 588007248
2 5 514292809
23 38 68927022
9 16 334249816
10 14 284390017
2 31 976854896
19 38 598994595
11 17 73360029
3 24 767844745
30 40 657390884
21 47 882315112
37 47 311456400
21 40 69819781
1 18 468476796
22 40 292938829
14 21 271683069
33 44 104874864
1 45 317901351
38 44 63867745
2 28 764803807
2 12 162251222
33 36 399439672
15 29 162393254
22 32 554394883
42 45 653148230
6 22 98077407
2 47 6309769
13 16 327633120
9 38 792226984
2 6 505402345
22 25 46969629
2 37 818628240
20 30 415577641
1 27 883195433
11 31 493713461
17 29 532735850
8 23 94690644
16 34 417210497
30 47 404975220
6 39 187321896
1 19 35907497
15 25 298619493
16 42 252482163
3 20 118346814
5 11 127395231
4 36 982391309
8 24 105867274
22 26 883758407
26 27 495098195
6 24 853406651
19 30 267469429
5 21 644776336
14 44 170834373
24 30 619243970
2 7 738624914
35 38 338965745
17 22 796997870
1 13 669266028
18 19 968870553
40 41 946705529
9 27 116394703
17 33 975663347
8 9 287665441
24 44 448739594
26 43 478891944
6 45 624091641
7 28 393321447
31 38 961037796
7 9 35887511
28 34 992481763
6 32 91880333
12 14 401561187
29 34 674065447
12 30 643390937
40 46 563472758
15 36 444234487
12 28 76742358
16 22 607162140
15 24 131835937
6 19 999687785
7 38 63080680
24 45 62121956
11 38 597680105
34 37 20557945
6 37 160990572
5 18 260596391
18 21 902036269
4 27 846781810
2 36 438017494
9 34 924070418
36 40 637818267
