50 1111 13
0 9 48 810291316 599638493 607076169 413996939 699487829 10 903033496 28
999993717 7 40 26182937 499207208 45 704894756 104006455 48
999995273 0
55189840 6 528102047 909653841 31 802176215 66363767 30
999992771 14 38 46 646707790 260289355 904030103 873840358 120096576 3 403339872 412867590 37 91724390 436707765 336212525
999997001 10 3 31 509786023 50 46 28 35 373276124 49 26
999990536 9 113756402 429239869 363164322 45 32 456707869 29 31 46
999996683 0
999993899 4 36 21 3 118968375
999996622 3 24914318 38 670283829
227501750 10 16 698063923 14 10300242 8 33 2862279 25 592913469 54419000
999995062 8 36432984 309993529 50 108487217 562021547 30 49 38
999996702 13 10 25 743049515 22431483 677225382 504264473 248323363 16 47 17 31 126695491 816963424
999999689 1 45
999994944 1 458634327
999994191 4 106646059 19 800029638 34
999995305 10 913214507 30 776916645 608896381 910528443 60439980 11 641704257 10 44
35392151 14 971488554 825956923 356478459 10 335451212 501682790 13 45 50 16 39888891 125208048 606827325 941769441
999996289 11 781813431 805174139 216601419 827249289 50 1 10 764717651 27 22 29
999994496 16 5 502127451 30 22 23 54067923 2 968206795 42 94999056 8 47 46 396212657 496398170 529936191
999998753 6 49 442699579 24 761176933 66790191 808082617
999991792 14 12 844372005 37 778506787 9811174 926537642 565843129 421453500 268713561 329968167 5 34 33 28
999999615 8 22 934109101 30 662769174 27 2 23 20
148152296 13 722045883 49 8 32 849131130 27 13 44 789442017 47 73116162 19 115064677
115934054 16 235309169 36 17 7 44 528656222 909249858 12 45 35 248609400 18415303 23 507178252 34 600571327
999998379 7 23 690126188 458675470 20 9 31 7
673416856 13 171758078 666597626 42 645314 267888956 966929245 49 28 24 18 841521191 635660388 15
999993797 4 39 463577632 122869929 16
999997147 10 485846659 94263471 329019132 35 923977699 854323173 913411921 153451066 805821008 27
550123798 3 526546963 492075367 19
999993855 12 46 808150007 733436619 20 15 805791325 499518037 18 32 38 3 718641571
282579533 15 207936018 568924861 13 18472259 30 3 965233372 48 15 8 823306004 25 19 657842 292639684
657057750 0
999990487 12 12 584839054 22 552900216 43 24 526526197 47 37 38 10 719145545
46370524 11 698189332 876199628 47 804645030 14661063 847794268 65356376 663059773 815914410 40 554909778
999995578 15 381936228 3 28606462 29 96753846 897659635 645974067 855812853 675417225 45 589111407 44 879830501 42 450833306
999992710 9 16 43 21 561233894 39 773485018 303794140 50 922528810
999992295 13 983187333 1 681681012 32 214536092 758542319 34 423358701 20 4 124716305 847158531 848597548
999998642 5 78715006 18 17 211780090 259752862
999997711 6 5 33 590170395 309872325 41 228050114
937261430 0
999992128 0
636696661 0
999991004 14 11 1 8 37 21 527302739 14 27 509097227 43 47 33 964211126 375892122
999990652 16 33 388879890 37 28 15 498338371 755931653 36334236 18 25 448568337 476621895 23 1 117772844 120044422
999995061 14 344418770 4 244078643 5 11 465927207 293565947 38734135 28 181828836 46 582540610 808079026 26
999999632 15 49 154826366 33 46 1 744276853 532472651 47 995237075 57100978 81450429 476477069 2 59882382 45
942829829 12 387310386 2 43 908303733 6 320205694 746855573 229183328 11 368260265 259734868 643905223
999998431 9 20 19 42 15 741576238 20080475 43 896781761 53757697
0 2 941338295 268777052
5 28 568194314
8 22 671392560
24 25 992224580
2 21 727143452
44 46 769775481
8 38 589845973
34 44 510497045
30 31 190037988
7 30 287272420
3 50 974096181
27 31 818786492
20 35 468465655
11 40 387123701
11 19 81687246
33 43 26100232
33 37 863892879
7 50 367302107
38 48 883391303
12 22 955976110
11 25 321324359
45 46 26266576
8 30 679074291
16 20 992951400
21 37 922282121
29 32 133003121
25 32 753137325
37 41 753479139
35 49 373413525
23 49 811362037
17 38 174097538
4 38 578974774
11 44 284273165
14 17 278308558
13 40 158319919
2 27 630715573
13 15 665068960
28 33 243330960
31 37 46262120
19 33 65771880
46 49 369022531
19 27 422471598
4 43 708113668
30 40 48795537
12 32 21586279
24 49 389144314
12 45 550136194
31 34 86190584
7 38 914395967
8 28 707106529
16 46 451300159
5 47 404876514
10 42 699836952
3 16 313028720
6 49 884489832
21 47 272192368
11 28 135124654
37 45 80704920
9 36 723131052
40 44 777281865
14 31 694690734
11 29 940401147
6 12 134545265
31 41 784268988
23 48 243607223
18 22 826689820
41 42 681713968
9 17 811276499
11 21 732290157
11 49 832682695
6 47 60654872
25 38 575325054
28 47 652055378
2 48 891534198
13 16 343079486
13 29 972420111
9 34 687758592
17 39 135113497
41 49 644445691
1 44 428794143
16 49 263274352
33 36 435476645
12 34 192082998
2 39 31571942
46 47 76091064
4 41 393669494
3 8 821646049
4 27 185041812
14 22 182573577
6 29 701404207
15 22 597908423
14 29 563423280
30 37 144194630
4 9 960487222
20 43 322951963
10 16 381725936
15 23 349798029
1 47 236247337
9 10 916472075
21 34 466254180
8 49 984590266
14 49 981825425
27 48 533950924
3 6 132454092
43 47 95959596
17 28 94693913
22 46 65231670
7 47 979535033
6 13 61686671
13 34 850582970
13 30 34336322
27 30 970864947
1 10 902027837
33 45 778531728
20 42 327447913
24 34 663579400
3 23 809742283
12 25 970790843
14 24 664788411
10 50 912734058
3 15 642135935
15 24 307132377
26 38 518061514
4 42 769310255
11 45 931722366
9 47 964386818
12 47 557234833
6 22 55225741
12 15 847396751
9 42 130278931
9 35 783576078
5 45 191915544
30 36 144295858
7 27 789527918
1 46 970984024
7 11 274864979
8 37 414722650
4 40 25520266
20 24 721181115
16 18 217565051
26 33 119756449
10 18 176511223
13 33 822236336
7 10 136253950
31 45 770527134
24 47 402026804
5 50 765423914
25 39 999937922
7 20 461681436
26 30 423836744
14 41 49276871
2 20 750818121
15 38 133215428
9 40 101816386
34 36 276201610
12 30 359816373
15 34 353849656
44 48 72949339
12 27 620580909
23 31 550751780
3 31 33285223
9 37 797727604
15 41 399237281
45 50 413461612
5 27 292164069
12 48 146100527
12 38 388516428
10 31 657956810
22 36 230806089
1 5 228644748
4 48 79154631
33 40 902965756
28 34 977305067
11 41 461606629
16 41 890151085
10 41 694026721
19 24 670169695
19 47 574661795
41 45 994452553
23 33 782842044
21 39 677938112
11 37 480573911
13 32 383410273
27 37 440702745
7 33 750820267
31 33 121224058
29 42 110324964
40 42 115495535
26 28 705137610
25 26 390548708
26 50 294493276
15 31 371241353
2 10 428846104
31 32 886586297
31 47 934026553
10 12 414947981
25 27 155919966
35 42 383451907
34 45 886568963
18 43 6062950
24 31 346018495
26 37 172396829
27 45 709025876
23 47 249006191
34 38 717510879
22 26 861968531
5 13 724130326
21 49 681699827
1 23 31629381
24 35 281307788
31 49 942747167
6 46 282653301
29 43 444294011
26 49 343030073
29 41 342776209
11 35 673284905
8 26 33929085
2 31 997654512
4 45 986090448
20 23 9634796
38 39 738731952
27 41 420638183
13 37 957329560
27 29 320871409
42 48 375656837
20 33 807131225
17 25 3467668
17 41 122103839
6 31 755889731
42 45 483657354
49 50 519259637
26 32 639976994
5 44 855140342
2 49 1176384
21 30 589324911
15 44 249864819
22 44 734930857
31 39 495951842
21 22 477873715
38 46 533735708
18 32 124035150
24 28 24450905
33 39 283167809
41 47 575264494
4 24 316721358
24 42 990239831
23 39 68380456
8 23 94202418
3 27 825397385
4 28 322300642
5 36 106189979
37 47 447811861
1 32 95184814
13 47 385897603
9 44 613103304
4 35 279105430
30 44 113016594
9 12 864641269
5 10 155143781
16 35 287758294
2 34 203860312
33 50 160362483
19 21 465764003
18 44 900794268
12 20 349943700
27 44 558400035
21 42 647776721
36 50 149770865
2 47 802491949
8 18 21052765
26 34 160334480
12 29 5250057
9 41 308747232
16 33 522051828
21 50 162313439
5 38 935756149
46 50 792840948
23 24 490930869
14 15 203199882
33 38 402282689
6 44 319852749
17 21 9277258
33 47 819410970
24 33 268140059
7 17 399749292
18 21 890014522
8 35 294383721
39 40 685951197
10 26 617672256
20 37 919538315
7 32 870329496
12 40 998675796
43 49 656445797
2 46 774291744
3 30 586364504
1 48 265305610
30 35 989773507
16 22 578879425
35 40 138663693
19 26 136120098
4 11 988728657
3 38 951013107
45 48 626431901
9 23 591276032
1 16 697483678
2 23 876606202
9 13 923657864
3 20 83499967
6 38 69921365
19 42 144782041
19 49 886882495
22 42 267535824
16 36 537186869
10 30 390873181
1 36 545951082
21 46 66779896
14 50 258160600
9 21 375341171
29 44 212306361
11 34 981213008
13 25 182464252
28 50 182635915
2 22 585617558
20 31 391258479
9 45 828960296
22 48 164341142
24 30 946128169
30 42 297531494
41 43 130808565
20 39 11681949
33 35 920430655
24 50 916472089
40 47 653803903
20 36 915700107
17 35 110946813
23 27 628416653
13 21 459765027
20 29 104565884
22 40 929704801
6 45 553437857
12 44 31864881
20 32 179540589
1 34 2172316
37 40 166340790
9 49 17993108
1 37 514773230
10 43 109000935
2 15 822047720
21 28 428091281
22 38 481431451
39 50 339693644
5 20 389998213
23 43 773417023
25 46 697357605
29 39 842904810
20 48 314303270
40 50 673607163
14 46 557795443
15 28 823432291
19 28 366309414
31 46 754675323
45 47 484881864
12 18 17360665
10 39 331513797
17 22 749710113
22 47 689522741
23 45 627826054
11 15 741378777
11 18 426601401
32 48 956881250
1 49 247080897
8 47 849308604
36 43 617544728
30 50 301500241
23 41 983756630
9 24 987435120
13 23 401408649
13 19 307140912
3 48 484279270
7 39 569253961
2 3 156632659
32 40 175909489
25 34 43330358
15 26 38218140
9 30 61057349
16 40 591954320
19 36 118800260
39 44 81342656
6 19 553399673
20 26 882354709
6 33 755685254
23 32 980620958
38 49 47139515
25 43 280895918
4 22 631449281
42 46 617924517
15 49 961442931
13 45 425057002
26 40 416154973
7 19 327221398
12 26 163407234
29 50 490383270
21 24 65471344
5 34 723585183
4 7 659601525
1 35 8543670
4 39 33278776
24 46 277413384
19 31 129442847
24 29 464353426
8 24 408459179
31 43 254006769
9 26 728628299
22 43 227191749
10 20 994855263
5 16 474511944
27 35 326105215
10 27 145502692
18 24 241653841
6 17 10447574
38 42 180060470
27 38 21574848
31 42 713188573
16 34 146273886
37 50 857297532
13 27 308556250
18 36 692905253
10 49 340691523
7 36 94143141
25 33 418833173
2 4 974812769
13 22 952293603
39 42 563273032
1 13 545010893
27 39 819400520
4 8 558698590
2 36 131998765
9 39 65316585
2 5 879261667
28 48 540335109
17 47 822217781
28 39 854832261
36 48 116487080
19 44 641689287
29 37 615923406
4 6 4661327
7 9 658900279
2 40 596686860
28 42 54751222
32 36 879616535
16 30 402188923
6 32 578645434
36 41 18588560
22 27 231891376
7 49 708068841
1 8 339442128
15 32 326150546
7 15 750442358
23 25 94830875
11 22 653267845
13 31 10203159
7 28 6523157
10 40 467400451
5 7 743793100
21 23 597424120
8 10 101336117
17 37 914241109
22 49 386317081
7 45 176459921
19 43 388228949
25 36 242951292
1 14 119848085
9 28 774461816
19 29 11739461
4 50 967454790
10 48 432563321
18 29 27969179
11 48 499277737
4 14 42296493
5 40 870037653
17 30 571513173
15 46 491850006
10 17 356388023
25 30 123616652
4 47 201408245
9 46 269893055
20 40 92033029
2 7 865977724
5 21 112547933
7 29 588303886
28 43 100273545
17 32 910177022
22 23 459953683
5 37 476128704
2 33 505041946
14 18 994487138
14 27 22572829
10 19 267342103
8 36 69536932
15 35 764325146
31 50 607837058
27 47 567821064
18 27 276475691
20 27 418881282
38 45 16548676
3 46 174059049
19 35 880568724
14 28 97581295
16 25 346207180
2 32 547805284
27 28 772392706
3 13 780320594
17 20 733662268
4 5 26442737
36 39 143654154
18 38 779177080
10 29 677502433
8 13 303877649
29 40 485829634
6 8 48034451
29 36 582460448
11 43 471716881
28 36 158845921
23 40 508584281
5 48 143008173
41 50 208818576
13 42 451198337
26 35 415399116
7 25 889318217
1 15 545608860
15 20 85126085
34 35 636979932
8 43 376816785
33 34 421639345
35 38 516132861
18 23 70057431
9 18 544283645
38 43 266655183
5 49 963588838
5 30 60699016
24 37 831629026
26 29 579546944
23 46 111173112
17 26 25237023
12 36 289304263
18 28 885980049
36 47 748148172
1 19 989575217
11 23 316333912
22 41 692644078
26 48 585921059
11 17 783576432
12 39 9508523
38 50 538366972
26 43 677987428
3 21 784727074
28 41 868583578
6 20 497476519
13 18 211736428
8 41 832764368
8 44 93559422
10 21 727987390
41 46 946737099
2 43 671705253
7 40 833809870
11 46 948054134
24 48 979567190
16 26 107484686
1 43 486894882
43 48 814689424
36 37 244917644
13 26 379531465
17 40 668723218
27 43 945774261
38 40 252237876
11 36 234016687
1 33 202315747
4 23 892537594
4 29 384599385
3 36 264640207
17 49 781108528
37 44 343172885
8 12 501873960
19 22 602267781
5 12 96509227
23 38 6167501
32 41 721406405
19 30 159960794
16 37 115223300
18 20 123105619
13 49 736790033
2 37 270807529
6 24 24159085
5 35 940674976
12 42 432620672
2 28 479684075
2 30 123042225
10 25 679437619
1 28 126030881
32 43 466201376
21 41 403695308
25 42 121516033
32 49 563100544
5 33 367747686
16 45 239728232
3 5 603334075
34 40 700491960
7 35 620656747
25 37 890003076
8 39 133409513
31 48 619163255
22 45 388869297
24 27 140983249
11 12 72154366
2 29 55045019
1 9 194586941
19 20 715757320
19 32 583842037
46 48 597579799
17 24 662214411
4 33 294959377
28 30 518858999
1 45 992206439
6 23 425135084
4 13 553363819
28 29 57349613
3 24 876670886
21 33 619765256
15 48 219558528
21 45 137184616
6 37 82791714
44 49 733343871
22 30 647874528
20 25 929923248
16 38 121291981
18 26 787795061
9 22 562718846
8 48 116735398
14 16 151202507
8 21 142167502
13 48 805447781
8 14 582126102
32 46 498252374
16 50 552289152
21 32 746327329
12 28 992414447
11 14 21245322
15 43 332700779
6 18 747976929
10 44 767090528
32 39 559794388
25 50 990552970
22 34 566572350
1 11 382471221
34 47 206707904
34 42 274857533
3 47 576672187
15 25 546790701
3 19 911391342
20 30 645251813
11 42 788553619
33 46 191870416
32 44 68457281
1 42 183951494
21 31 639711571
11 27 390735821
41 48 210960312
23 26 27051895
24 26 46126213
19 46 495307516
34 41 639194540
16 42 117506151
17 29 479665033
23 29 143307637
21 26 763376704
15 33 901291396
31 36 131258413
18 41 66761966
23 34 322765708
29 35 573698957
33 44 54271831
23 42 867015940
18 33 50756271
12 13 895281154
18 31 8623652
13 50 202232951
6 42 13270069
1 39 716201268
35 46 984035953
9 20 736507827
1 20 353101057
5 32 856892033
17 42 288510088
16 47 241624217
27 49 879400161
18 49 426269425
12 37 632274302
19 39 903936837
5 8 39869549
15 42 484945759
3 26 42323012
32 45 253860446
35 48 859434163
1 2 106077237
16 27 534603320
36 45 148431826
17 50 185416989
6 9 77096549
35 41 781494208
39 43 85202871
18 42 986560290
7 46 299599064
2 45 657274010
10 14 6897867
2 19 855270242
31 38 303185813
23 36 31538686
6 21 510735389
6 25 379624322
9 38 439475666
35 47 311914040
17 36 654448370
11 47 445747701
32 35 823774457
20 46 755298387
25 29 593168980
3 25 125482326
19 38 65725971
8 20 948820295
15 45 37448949
30 33 122016518
14 47 259232845
10 45 750197371
29 49 749560755
3 9 91813561
30 32 749082037
12 23 629460263
6 16 753574981
15 18 840108028
16 29 7482574
35 39 43875819
9 19 42297794
22 35 345935948
24 32 509663535
19 48 885680305
14 36 803879482
39 41 740263595
16 19 13768377
7 43 538113262
3 45 177831713
4 31 657398254
8 32 886170774
5 18 182960507
6 40 67099182
24 36 922127894
30 46 470991299
25 41 675233309
3 42 840394560
14 21 473829209
7 37 168441850
12 16 749686928
27 34 72239039
28 45 740466360
34 43 537960543
2 14 554369249
12 21 613539146
1 22 642706004
5 24 203658722
35 44 991972025
25 45 553767747
22 29 345339658
8 31 437652687
14 33 390564489
11 33 41742222
48 49 333138044
29 33 928935914
27 33 887538105
3 11 277808197
22 28 792215070
6 26 464133140
24 40 384077346
38 41 263384523
19 40 429898556
26 44 557482562
2 17 737801147
40 43 41003203
7 26 988525705
20 50 956230122
22 32 461735838
23 28 948516594
7 23 913189117
13 24 730215204
29 38 583660162
4 10 986280740
12 49 676308491
30 39 280008604
13 35 380602515
11 26 939685537
7 31 862952722
13 20 84888003
20 21 460934758
47 50 388927375
11 24 309579797
21 36 533583359
7 24 48162542
1 38 418705867
24 44 64585162
5 46 467111582
2 12 9460821
19 25 729153257
40 49 756322551
8 16 451187852
6 27 405071337
14 37 799942488
15 40 593074190
15 37 721294277
36 46 715754398
4 12 208502113
4 20 307895499
3 17 649166179
17 19 76701774
19 45 169926050
42 49 69309466
15 39 789532257
37 49 795462656
16 23 469572302
2 18 380363724
3 37 393742976
6 35 164149892
10 36 905975470
11 30 931032304
14 48 663749381
44 45 442524102
6 39 524637246
6 34 466853316
4 34 958993992
39 48 946708173
17 44 684842024
12 41 470990377
9 25 947304276
19 23 698092497
23 50 670754590
33 49 190153081
8 15 716407632
8 19 110699379
29 34 964043406
10 38 954685552
13 28 541034734
7 48 205076982
26 41 145604
7 42 944508107
2 25 68001738
13 44 940575989
11 16 612266620
5 29 79734392
14 32 530535748
1 30 681480176
1 27 708799460
11 39 970820606
5 14 78452581
2 9 752622896
40 41 975768018
20 41 227837827
6 28 957034451
9 29 140023786
5 22 957361457
5 26 621352354
3 41 680780874
5 31 630723306
41 44 678527410
2 16 705134741
4 19 340800937
35 45 115386198
18 35 110764524
25 44 32356542
7 41 20243140
27 46 789262145
35 36 197320588
12 14 70362964
32 34 155047483
3 32 816567797
29 47 147434993
24 41 842804836
30 45 852364843
13 17 973779712
3 14 36502189
16 39 444988112
28 38 770562071
8 25 131936224
17 18 499097465
38 47 628092754
20 44 801788555
5 39 72900816
14 20 139487573
3 28 5980532
10 32 206166881
10 34 111976697
15 21 112984829
7 18 34334091
12 46 280826024
12 33 201274626
21 44 392060957
17 46 399664041
13 38 59153399
9 16 748982326
33 41 548409382
22 39 782624170
15 30 646946329
5 25 201823429
32 37 703821468
3 12 786001660
14 19 882868640
34 50 116106573
28 46 705276240
28 49 666235843
3 39 716103521
5 41 8463180
9 11 366289558
35 37 123303856
14 30 792243836
3 34 688726522
9 14 101877612
8 34 543367504
29 48 31908379
20 49 92806897
27 50 952994893
13 46 498234546
10 11 629303265
9 31 536749704
8 42 322330837
27 40 25714471
28 44 923012367
14 38 999115185
26 42 294821222
18 19 419777583
3 18 552254277
30 49 280234626
14 45 432371146
15 29 107988532
11 13 421309413
42 43 52525722
7 22 932120336
35 50 915200541
1 25 722650441
21 43 748519456
14 40 507452142
7 16 935931985
39 45 513444280
20 38 572282783
22 31 615015266
8 11 747846909
17 23 953080820
11 50 526434134
34 39 556716367
2 6 554764193
6 7 540250796
1 41 204846436
25 40 863082885
5 11 886311083
20 34 424513571
24 43 335747306
44 50 114097168
39 47 214946572
3 22 911759164
6 48 288323299
2 24 484322423
16 28 399076674
9 15 769284445
16 24 675371559
37 43 264966175
43 44 156542941
14 23 542458369
30 34 130104454
10 13 186469055
10 28 696307282
34 46 503762426
18 30 395464690
30 41 156250230
42 44 97917391
11 38 102673319
2 44 152332877
7 21 127443599
21 40 876915336
22 37 329436709
3 49 927761557
14 43 487455349
15 47 252136205
13 14 150726577
18 46 287971321
30 48 398656194
1 31 800694609
4 44 868849542
6 14 225310915
8 45 511603262
17 31 798141867
6 15 267018049
2 26 53788674
2 41 354400644
1 21 996222394
39 49 188023606
14 25 130756587
29 46 565837503
11 20 705392670
37 46 765133449
10 15 906276063
9 43 682675297
6 50 771240964
5 42 755646320
29 31 429140960
1 6 24812886
10 22 734042513
26 39 30273920
26 27 391325284
11 31 423567898
25 35 921028267
1 29 16564331
28 32 287070457
22 25 287193995
3 44 3998616
20 22 690859821
27 36 921149788
3 40 469761700
18 50 777576306
25 47 246491684
8 50 197690304
26 46 139032794
18 37 268168206
36 42 424596706
9 33 406497627
25 49 899557518
2 42 459756106
10 23 84343449
24 39 203556385
32 47 444322393
2 8 128897590
21 48 117829678
37 38 213750033
2 11 447470832
19 50 518032100
26 31 903076306
40 48 817783436
12 17 499971570
17 48 916448515
36 44 597961483
6 30 772732878
14 39 355504738
34 48 118673552
33 48 684348249
22 24 811385629
21 27 382301287
17 33 968885557
40 45 842846948
34 37 792755045
37 39 878994630
44 47 689312998
27 42 26509546
12 19 381729089
18 45 298080779
6 11 303565742
2 38 473640096
39 46 246077612
12 35 13820305
27 32 121509370
2 50 686981098
28 31 384388250
17 43 725694569
8 33 274446052
10 47 240942099
19 34 416408350
22 50 230504591
10 33 459556719
8 46 465334133
25 31 488527955
4 18 139463410
8 27 511973523
5 15 573425018
7 13 147281041
18 48 122802297
16 43 990446579
3 7 54201761
16 17 584098482
9 32 433141339
32 50 53470548
14 35 925745629
26 47 499052869
20 28 428116596
14 34 118297059
1 26 799895395
5 43 361898342
17 45 251435060
45 49 110011365
4 32 631922998
16 44 264621751
3 35 378599167
3 4 269541391
28 40 334935861
5 17 917729959
6 41 564700758
32 42 294676988
19 37 146112107
29 45 351729309
1 3 604855795
2 13 172712134
15 16 76851380
31 40 49142697
12 24 260998691
26 45 5662868
36 49 121479169
4 25 352679685
38 44 230385651
4 46 637911966
3 10 328377299
