47 11 46
0 13 120868391 678558471 773479216 218056941 329678405 245979773 17 685150177 40 2 216360999 67400755 23
999999433 14 76992516 198648094 844793251 9 776830364 945180779 774722111 228145255 29 41 11 35 952610987 273700056
624893100 15 102203707 5 50 30 14 36 24 49 667317664 972112678 18 45 707768561 398409780 13
999995596 14 126200822 724609744 46 145989687 4 412638154 936262713 27 723956942 16 313732048 35 22 932671532
999997940 3 671217259 375945355 116302309
999991082 14 1 597585348 305853050 26 37 7 16 22 505552353 474203747 223575044 20 35 791000278
954217987 15 194353340 755649007 13 49 157231703 968897040 185491977 25404712 32 249555667 468213278 126457590 217435235 19 277646637
999994290 9 17 449171681 6 37 18 12 22 902342690 39
909043219 13 38 18 468840049 464767554 987065109 17 34 16 550135299 281032199 14565977 126406710 32
999990212 16 44 25 125465539 844493926 48 154524525 33 523728354 18 613822854 16892435 138033761 37 372146351 30 255395354
999992810 9 30 12 899656269 24338884 47587959 27 177207036 641380277 21
999991575 0
999994852 5 282800464 814013081 289063668 512792598 12
999991947 5 36 133144293 897140053 225469550 15
444377619 9 727802201 164020509 34 441311210 30 893265096 18 664704548 328955919
999999391 11 41 9 21 467631546 502005336 45 259581622 63869137 136651029 19 34
999990639 3 721582200 554517251 60120538
999995610 7 31 149294093 32 44 30 29 270221704
999992657 9 763225610 19 328327440 48 329583509 247247942 263153131 2547149 416066554
999997374 7 4 16 32 327550403 34 473238113 9
78917278 12 50 35 12 669470746 528066266 98276539 877875963 19 1 682830039 107572382 746139062
999990990 14 35 807764318 12173043 763994129 32 42 712607120 149839919 24 1 48 33 350714424 7
999992953 4 49 759991245 866206966 40
999992692 7 240239183 951126142 32 14 43 26 517739863
999998273 16 4 38 20 103516999 40 48 2 820769897 922010673 681039185 868423599 835100069 21763987 349634216 27 842221584
999992740 3 2 29 520613509
148704804 16 222904140 192725114 47933752 42 263714051 19 5 930654230 861459098 3 47 579999596 12 503961246 275077130 98911264
999993323 1 30
445916734 12 7 665077864 833884327 31 42112657 801490617 30 5 819738629 388233799 1 4
373658574 5 680037811 162042734 44 863823150 210266688
999995764 14 251799625 9 645558645 22 102198331 24 33335152 25 32 42 395465895 726116104 7 487908208
999990097 13 581901692 18 60685529 41 842891042 26 50 53034989 14 886216905 7606478 589399625 302342435
999993756 14 15066201 16 38 574630954 881904035 49 5572423 31 271685114 624421289 47 37184734 739982558 330802787
999991023 10 49 45 272352899 7651535 173834428 5 29 14 32 369187662
183403100 8 27 505255720 303862092 562266379 944116595 35 876713039 46
999998777 15 757134214 40 394626023 45685951 330244661 42 396431279 41 200534144 278662841 92505534 37 943017656 39 35
999995570 8 145476961 5964548 23179050 17 704893083 256497689 121919478 28
511069100 7 37 275036010 106830830 459621538 18 33 8
999996352 2 35 8
600388809 15 22 97234074 518577643 316017691 398034417 244809586 13 333598827 629782017 37300267 4 170487818 26 823150540 24
999990196 10 357535767 77051020 16 45166554 28 17 8 9 925228066 609667614
999994335 4 41 20844240 13 35
999991993 11 35 791259089 14 318269900 21 780015342 20949830 42 13 345313574 44
999992841 11 956552592 32 448789338 660387620 250641161 313545435 915895800 50 122064824 29 547552717
608667803 1 22
999998503 9 90570751 830724504 393297706 82690956 8 178627726 22 126838217 15
0 10 408863448 13 538578370 273794098 43 856193574 146743816 781163539 39 7
8 10 104189823
37 38 67965369
1 35 503562858
9 10 80918309
25 35 581139206
16 19 879448445
7 35 824449533
19 47 239578898
17 29 381562611
16 42 135263205
33 37 76191996
