49 132 4
265634495 0
4816662 4 22 17 26 46
999993903 8 22 107062955 24 792168073 9 704251814 956105566 13
327143129 5 474866229 4 49 401522564 19
410462983 4 78503761 7 366568549 271120581
999990257 4 19 112405972 264741744 6
999999265 11 20 208223622 4 650992153 104094056 35 41 491550718 95253769 22 16
999998474 5 814329838 15 26 38 886177083
999999290 14 101420239 36 16 27 22706194 757296843 34 899144692 686518071 39 553360859 6 9 42
999993214 14 605393812 92376154 141607298 39 83921306 354689332 30 980560246 34 44 325879561 50 106924253 197158774
999997151 12 894188691 434622401 90534567 65383536 14 570111502 5 47 27 9 376302294 523617316
886832660 10 22 19 327127276 263345789 20 12 4 326281640 26 37
884722182 14 57243890 46 10 31 550638358 25 45 941721336 584325 786741155 48 9 637307895 42793760
999991693 1 195523017
999998513 2 679758994 82953154
999994693 10 237375164 160324362 240948896 272576765 815313127 400541221 158317183 31 27 726799933
556524938 7 716849301 31 16 255702690 10 494729018 11
999997400 9 45 11 47 43 963834164 354493030 2 181301358 791571103
504968662 5 40 706992034 306920079 9 91404797
404633407 15 497250035 106146522 543655987 18654272 336481103 9 663032816 19307038 791254890 24 943006857 686207692 11 16 6
336728610 15 315850800 288437877 38953384 33 894872027 49 460488746 161709729 56028823 21 39 1 11 9 27
999996954 6 35456687 8 2 872656779 49 31
999992829 16 126719948 409422349 13 750284450 42 382245749 36 21 40 1 724590559 31 15 560065837 49 796047030
664124153 0
999995900 11 22 33 169974763 146059978 14 11 21 354955247 531219195 945996246 39088649
214857196 13 25 41 666528033 31 36 1 756348345 973446290 3 10 278573441 21 76628728
999994957 5 8 5 875903152 478021589 22
999994997 13 927257955 359069985 942929750 998570235 949845530 121404036 794371372 780325921 15 5 12 4 43
122861329 4 37 40 42 31
792815606 9 51001073 663249984 33928584 835202680 153978598 24 10 47 457038981
999994210 2 45 3
546828413 11 6 13 40 292526897 25 26 876998551 999401030 369554158 369992773 33
639423369 10 742901669 38 12 339982299 49 20 30 996149029 13 499923868
999991684 9 46 892237345 774705596 78720724 17 28 691043201 701448890 36
999996557 7 33 60775577 128569134 27 277762214 14223213 193872266
999994138 4 31 566040833 493156620 371824156
786294680 16 5 311934726 482363308 847070257 114749323 28 58783175 160327514 330709787 3 39 24 650424342 37 25 9
999991342 5 274776703 35 28187028 522787932 116587569
930447986 9 920007509 19 29 566210826 46 34 1 530658481 527704361
563315598 8 3 43 794251029 29 46 47 364326650 14
628009432 0
187747907 2 48 911423218
999995445 3 46 68780622 104264753
999996831 12 826292596 264578187 49 42 70049461 21 44 692982284 18 7063176 16 815907664
999992192 7 42 7 981383380 361443836 364126530 36 21952893
999996602 0
572572835 0
999996256 10 785084840 410078021 37 45 825170341 4 14 43 9 26
0 3 73768250 898048291 367261164
15 47 108883116
7 44 702351711
1 14 563005022
13 31 1502440
4 28 42885212
23 27 147015742
22 35 290087395
10 13 582317927
13 47 436076839
1 36 833240351
9 46 140844803
30 43 657088204
9 26 141294214
27 33 630566132
7 30 998312395
6 44 155378648
12 42 455898219
20 49 558712521
19 45 822676441
1 29 834623459
17 34 198497987
22 32 177457231
4 5 304441798
2 31 36079943
16 34 617855686
34 47 323838590
25 49 495869695
43 49 491218329
9 22 557301272
7 27 299173344
32 43 492585584
11 47 220358231
7 39 17315053
9 29 819903394
2 49 44318416
25 29 410585849
30 46 341198756
13 36 731401783
23 25 52850939
28 32 238675541
38 43 489318369
13 24 281923464
32 33 395957275
1 23 474868323
21 30 599958956
4 48 66421267
1 22 933626361
40 47 893544693
7 9 918366601
6 32 643449258
2 21 73007641
21 37 205501417
5 13 494594536
15 35 912363301
18 33 409417627
8 30 218152097
2 22 566069323
6 12 736440411
13 22 125733704
9 30 620317847
13 33 690383103
12 47 670753550
12 33 973518611
1 38 427467228
13 23 835295383
17 20 707086578
35 46 977467942
12 37 27542123
13 17 554523897
7 29 19507950
21 35 943460615
20 38 715193870
15 44 442768310
27 32 324072887
29 36 220492069
37 48 146711024
36 38 483646198
45 46 239917338
8 26 86795518
9 43 54082722
33 41 590817402
28 46 535426626
42 45 378789997
1 44 892864172
12 25 207906874
25 39 602288119
13 49 707581224
15 39 513413778
8 42 474148972
22 42 571367898
6 22 634393748
22 25 458032563
18 32 240576197
27 40 280237457
38 41 217850817
21 46 954495317
11 19 948005829
26 38 81986266
12 46 757923394
9 14 965142421
26 44 444771614
3 14 117197755
7 32 589945232
46 48 155218722
30 34 173130899
35 49 611251595
2 27 297181891
5 24 778080944
24 39 472266760
10 44 717646152
32 37 245154930
17 45 203818499
27 39 14579761
39 40 77505639
11 12 113171552
16 17 590849773
20 45 315111303
6 19 562812354
10 17 43691763
3 8 821667088
7 48 297134045
9 15 876863659
20 31 207235542
23 32 132074021
5 42 418295706
10 12 222136230
19 37 374377991
30 36 561644097
6 41 564275843
26 48 866493609
12 26 534314147
36 40 940423263
