47 720 5
0 13 44 218214336 162679386 1 20821247 35 867789943 17 2 45 29 13 64776469
999991096 1 49
999993935 13 80336700 2 90845968 648843279 16 49 1 22 632832771 463607834 465938464 29 136651483
704312289 15 49 384684623 708243368 543343315 6 675973186 404032057 212014863 832800081 43 23541549 5861037 21 45 61921307
999996196 1 30
999991415 13 24352945 8 260012308 33 237210689 214744730 38290469 3 305488852 798998783 24 660561574 675449322
999992607 5 910043539 959205715 49 35 995894870
311252811 2 101030293 46
999997456 12 3 22 4 952545859 60898515 38 41 29 357740832 6 270255004 50
455581855 12 410470929 854690010 920776964 805807594 431541481 251957995 7 35 123051785 703736737 37 34
999992567 3 640933318 526596893 251274324
346687375 2 226386946 14
999991236 4 27 187296621 186758160 864431998
561173049 9 917396 26 547064228 276622123 7 632857046 952582492 28 9
999999928 15 46 34 418371971 161164012 698555280 849473715 40 16 50 645827905 252521293 8 38 3 118590302
999997422 15 43 41 10 67841934 38 32 24 40 7 528035706 4 510980348 693092195 19 428246972
999996094 0
999997520 10 31 349829128 29 921969740 43 50 14 7 995326868 15
999990279 6 40 898469178 27 14 504680140 259268385
999994411 5 404385095 395068901 26 623733688 21
999991327 11 5 570413134 8 33 609883138 12 46 23 28 405614634 48
207931164 10 675847821 412568417 14 34 32 2 36 989613681 282638385 48
440690794 0
723329178 3 16 541116061 572046532
999992836 2 9 69580994
565447223 15 27 241672407 126973869 398598038 4878639 37 38 16 24 47 730150439 45 26 152050710 513489493
999991565 11 401080338 367393141 360672145 327588356 238555197 336575764 564194090 913801141 33 661803821 21
272694061 0
963862018 15 33 44550714 183771512 20 46 108981468 580545428 540785429 11 50 32 28 255797531 44 455007143
999991446 0
340483797 9 859347150 41 914166605 21517886 854423995 14 33 19615505 669865996
452720368 10 611907332 15 390295100 10 24 141202765 287712480 244259533 19 36
999997185 2 48 107710372
177890055 0
999995017 16 46 32 38 90823426 48678703 844135735 698065065 110999528 947150265 636090152 271163592 40 17 949054345 800521314 769525854
999993019 9 497818515 96157036 542577773 26 813144388 14 873804051 8961304 216420574
999995617 15 516569321 536200444 21 713359780 32 191459619 550128054 962930060 547421151 548426654 11 6 30 563800863 256725290
999992265 4 33 501010178 104291242 11
362277155 6 6 24806454 47 433146002 67327102 27
999998962 10 34 6 114549431 18 17 312591965 16 50 782887837 11
999996893 6 42 81870993 50 418053813 441749542 271326661
999995655 13 418820269 584116756 160693287 185882191 24 593007477 875400338 12 5 28 33 14 42
999999130 6 48 140782870 18 728198857 289180905 5273939
999995276 12 22 34 25897026 610625531 19 743563156 167334674 50 630884302 16 455495226 250208855
999999218 0
750173936 11 33 39 859562641 116167684 104795374 98747871 325761168 720019846 16 22 25
0 5 17 163460240 28 417385030 455672594
10 46 165493479
16 43 813169537
6 44 751542875
26 40 716769881
10 16 254553109
3 5 534011258
1 5 76808477
19 38 629716294
3 14 411317665
16 42 73083581
24 37 993978318
39 47 126898311
6 16 979690017
6 33 904111911
31 42 462055339
14 40 9532535
15 32 681722322
11 34 161325003
3 25 981476425
22 33 369990099
29 45 399657397
26 30 923103063
30 43 12722693
14 37 238605566
3 6 689773756
7 33 95266073
17 31 726510485
1 17 208471046
21 26 322506817
12 28 389041184
2 42 184142647
23 36 412110972
15 24 73792141
5 47 4162868
6 40 304047209
34 36 996330801
22 29 130670673
29 40 885203183
14 46 177285922
10 20 419950073
2 26 140530598
8 16 255844454
1 38 442413232
10 28 425757935
1 23 281931158
7 47 401998555
11 15 65889188
11 22 184455124
30 39 240061852
24 43 899982596
7 19 415287309
22 41 952846369
16 30 520779962
27 43 689351346
30 38 666891003
3 12 270158263
5 44 329550268
30 44 526979033
14 34 695350918
36 37 389399899
21 47 472568789
16 23 443355879
7 39 458024331
26 42 383172007
19 47 668945345
20 32 947227946
1 13 884500701
10 44 630190635
13 26 443156569
39 41 808379248
2 38 133876102
5 21 769985522
31 40 309572930
28 30 87906220
3 39 102217873
17 42 834722274
19 35 121220923
32 44 818277341
27 35 758405506
26 45 982364139
7 29 189636653
10 41 364099855
24 28 534699102
33 44 36967071
27 39 18865173
13 27 940419592
18 35 628916533
22 42 321200347
14 21 712402370
23 25 795929661
11 32 738929035
9 10 94439608
35 39 613762790
26 35 996944267
33 35 966682647
6 19 504551849
15 35 613933193
6 43 935489357
23 29 567974896
37 40 979004315
31 47 670319097
14 18 444614045
20 31 334861722
8 34 90241443
15 42 27437308
7 32 714400685
7 26 74372093
26 44 184065356
23 30 426589944
27 37 912819529
21 44 12834378
18 26 254624593
31 41 138539432
9 47 480432567
40 47 867603080
1 9 145870746
8 36 83893490
18 23 542190509
15 40 61331885
29 34 466019302
9 22 76152109
11 33 560168238
13 18 694292982
18 28 838659084
27 30 925243214
4 12 219188218
30 45 21366341
9 14 122394217
15 19 368959463
18 34 718936450
27 29 767296368
2 15 627001070
19 43 12841040
30 32 269945068
2 31 506656232
1 26 15458468
24 32 621417059
11 45 733332541
14 15 172376650
11 46 141625668
8 43 175986588
5 30 593246510
18 25 687143047
11 26 62291403
21 42 23500214
17 39 145181403
10 42 351067750
11 31 641986438
28 47 793890401
5 11 143114417
30 47 352928578
25 41 735871324
6 7 439232292
23 33 995088379
14 42 893711840
10 36 414261508
13 19 202560635
41 45 119567706
3 32 575665095
5 43 945806190
21 40 815603311
25 37 389961889
36 46 715686416
29 38 235612552
11 14 648912535
15 21 515156152
19 46 389816203
18 37 681219452
21 35 572747691
14 45 293173787
37 44 370570932
22 38 241190660
8 30 567459663
5 17 462835247
7 16 247650176
17 45 742290065
6 9 204661732
3 47 934957249
10 43 869232982
4 19 134957668
21 41 401813120
10 31 77535685
15 41 606173998
6 30 325710520
18 29 140095670
1 19 350413921
2 13 178835952
38 47 83798167
17 44 804879296
43 44 741936723
33 39 512823905
23 41 968299308
16 20 321511443
8 24 342866487
10 33 778859059
7 38 266438996
2 23 832970677
12 23 677334204
4 8 102729816
3 38 175615417
22 24 474445381
7 22 458524790
13 39 970150268
31 44 252093298
4 39 793989073
16 32 532591737
5 37 183289510
17 18 876814965
3 34 109180303
24 42 400578080
9 41 402538309
19 39 921227891
23 44 10991755
6 21 379686362
9 38 454123168
1 46 61579758
18 42 933847466
36 40 434366233
7 30 767460208
11 30 384059999
14 47 385522254
37 42 573294961
27 42 270059130
31 33 73612715
26 33 374824079
22 23 119795144
15 36 993724220
21 31 865387723
1 15 197134183
14 33 823470247
25 29 652892213
10 18 432342251
21 34 110187256
31 34 195770114
1 3 258200716
4 44 144129446
7 36 496481846
12 14 65051084
17 43 20050682
38 40 850813110
10 34 317887295
10 38 24753499
2 35 569180343
4 11 168843840
10 19 987731657
1 37 270088228
11 35 582396794
8 11 932396251
30 40 274171664
35 47 422747863
28 37 707996476
2 25 28611700
1 44 136818066
36 43 676052000
18 33 84842932
13 45 404259860
18 47 202506067
34 43 566858091
12 37 319154579
17 40 390517286
2 29 580532368
9 44 652542809
7 46 215552342
33 47 708029562
40 41 565621775
5 36 22096384
19 30 402687436
6 28 183129276
4 24 996887217
23 34 696374249
26 47 91079088
9 20 189493077
25 32 382163817
7 9 917787915
32 46 344569449
14 32 860720983
12 34 821427065
43 45 940547328
28 40 950719201
7 43 526703411
2 40 336903369
4 38 494991930
19 41 157056932
14 24 279096305
5 27 242335183
39 45 940706999
6 31 781137364
3 20 479515776
23 24 886551241
6 24 717135928
24 41 410641594
27 36 8738856
16 26 796153404
5 32 121564415
15 47 155412128
3 22 968246283
23 43 902100322
34 40 84422652
17 27 993875768
37 45 65617752
31 38 44022213
3 33 422141573
17 32 989041176
5 13 988460756
7 31 3993742
32 37 811745809
6 46 988486296
13 44 351736696
18 32 327319904
16 35 236545007
20 21 974085287
25 36 827563879
8 28 520545853
24 26 640375565
2 37 128021837
20 46 603148922
9 39 269867122
6 29 997203625
2 18 779464194
4 42 839533417
12 17 248810119
7 42 50609621
11 47 29312946
22 40 874452465
16 45 728163777
8 9 544397583
10 32 168305111
15 20 135983727
4 27 136464342
7 8 55788935
26 38 39901662
30 46 141562931
17 25 684228350
1 34 421193432
20 35 829463639
15 18 99666829
8 39 617038777
2 32 168086522
38 39 110171820
33 41 708017274
3 42 6052808
26 37 245617363
34 46 476892669
27 47 863208881
28 45 862993083
7 10 435392245
31 43 430452023
1 10 212663527
23 39 568238082
5 45 283405618
2 22 747100157
10 39 181008180
29 46 90897950
11 24 715523359
1 33 244150039
14 35 39405364
16 38 528471841
2 36 277077116
24 39 371656518
25 47 176270575
31 39 764316515
14 28 990060696
3 9 188617994
10 22 161965260
23 38 689097531
27 44 7074146
24 31 680959674
24 44 357885676
11 20 389693377
11 44 972927391
9 15 201982371
24 30 589078965
17 33 854904536
32 38 440851423
8 20 711474780
8 41 166243357
19 40 228784816
3 41 523076183
2 16 211544625
12 16 26775235
9 36 982928671
19 21 41872546
5 42 926964408
7 14 140778671
35 42 178199959
26 39 655533903
13 21 831071520
24 25 110636539
10 12 963285299
13 25 617569812
28 38 21126311
31 46 3067724
13 22 940117220
19 24 372346639
24 35 63701701
11 42 757336703
44 45 138003957
12 22 415551419
13 40 904000173
35 43 939175204
6 39 522552503
12 35 314898812
7 24 544354677
22 25 744632780
6 18 682056015
2 43 887432757
5 39 998532112
35 44 805609803
35 36 121677090
45 47 795343879
15 25 282111017
33 36 937041865
28 35 909438885
5 26 42632393
10 29 613956076
19 26 600671892
19 27 429033054
16 39 195165303
6 14 193622404
7 40 186060409
5 7 7033378
38 41 431377095
34 38 816509997
3 10 649247523
5 38 119976041
7 20 828598580
11 25 702304687
6 41 674718382
8 37 675782782
11 23 130215332
9 45 551674722
22 27 278763787
3 17 498974277
21 23 806611857
2 11 118759876
18 44 420791450
15 28 918681782
40 46 983875093
15 45 794188145
5 35 378411568
18 31 782746720
38 43 21283947
13 14 530199646
12 25 801827681
8 40 265869454
20 30 348237636
37 41 515446586
20 22 650768301
3 40 953446864
28 42 559533893
20 39 155085127
3 7 903032695
25 30 537526591
33 42 513991390
39 44 225063105
29 32 950911624
8 29 804445807
41 43 197893934
9 27 520714250
27 33 393144230
9 35 784280977
10 30 309160581
5 40 220899640
11 18 19181127
7 17 122341742
17 47 951585945
4 33 264073066
12 41 56226480
17 46 446559129
8 27 838347094
18 36 315137177
33 46 531948409
8 19 466486991
6 32 306744786
41 42 582080308
10 17 478817646
24 33 441270880
16 46 518605198
25 35 600423459
4 5 689033373
19 25 969017696
6 37 852708420
28 29 200270659
36 39 887206768
35 40 331669119
9 19 170968372
2 45 219845282
6 11 766389277
14 16 285275474
4 9 526049864
32 34 625539428
12 46 86233418
11 40 792845735
3 21 581497178
1 31 995141291
18 41 968550745
10 11 616182571
13 31 49766098
1 32 435226766
8 21 315799368
17 26 367559430
13 29 266218530
15 38 42200871
5 34 273736983
3 24 958258219
6 8 47348477
4 41 657170708
26 34 355640657
5 15 443453213
26 36 548318339
8 14 912701089
9 29 107786193
36 41 43160950
8 33 50369592
8 45 799557859
6 10 950316302
13 33 852936698
12 47 607038350
23 27 101658988
12 18 75130264
9 28 533078531
15 16 348747555
34 37 108576986
38 44 345298383
18 19 494042398
14 20 843141052
13 34 263002155
30 33 640659848
7 25 813512238
2 3 342099874
13 17 57198399
1 7 485220087
8 13 361467357
9 23 657789016
26 27 825550120
14 39 228076253
23 45 855398018
18 45 253910591
27 28 133728371
42 47 221037904
9 12 345342046
25 40 739546957
21 29 720138903
24 38 619540008
1 24 71236243
30 35 851753939
2 17 106572408
19 32 743602441
44 47 134265165
19 45 931166108
8 12 134310734
4 13 23476638
29 39 588582520
14 30 511232810
23 37 581628905
5 33 55114361
25 33 648966020
5 12 387831503
5 9 27384472
26 32 755272414
1 6 969011391
15 30 932088059
12 30 501549433
29 42 396139915
21 25 929598306
8 31 300662585
16 33 191581086
34 45 611166846
16 21 306559153
5 18 207507198
11 28 707186719
5 41 667675360
1 42 909799226
26 43 577774013
20 34 62878371
2 10 740837116
16 18 645105482
10 37 812506264
15 46 53648377
9 40 634985863
12 40 240984903
3 18 604704777
23 26 112304020
14 36 65245945
2 8 43303980
7 28 12083934
1 27 535374700
29 33 106643436
26 31 587782506
25 46 87390327
21 30 722496578
5 8 240099693
21 39 353668967
1 2 219289677
20 25 113768485
15 23 95596729
20 42 642440338
42 43 639835728
10 45 768689478
20 43 731156586
22 44 977834814
13 42 415000506
36 42 275516163
18 39 663416143
46 47 911094093
19 44 218992247
34 39 579033910
17 41 853709081
17 38 364214247
13 32 45052923
26 41 779790648
15 39 537768823
11 38 693467507
19 29 734524399
4 29 882686221
16 17 979183144
26 28 61437854
5 19 78763252
17 30 768343942
17 24 52769035
10 14 345502214
12 27 18061408
39 46 583369572
36 44 562271702
30 42 797285597
28 32 278082902
8 44 600490626
31 32 556856285
42 45 845972625
1 14 313664171
24 47 609578018
6 36 294212583
3 27 539547315
33 45 860486238
2 9 967671579
19 34 692361994
16 37 890049257
17 23 90226266
11 39 434710241
20 40 273518998
20 27 112338943
3 26 514104785
4 37 72486326
10 47 564336756
6 20 214858104
2 24 499634147
9 24 23364592
12 39 347968344
34 47 871855267
1 8 723319514
17 36 679258909
37 46 857733341
7 37 126104908
12 20 747759696
32 41 305490277
12 29 497843689
10 15 277913296
18 21 688207844
8 18 935425894
9 25 268858571
15 43 130545525
37 43 679752821
23 42 267372150
8 42 569338374
3 36 941208449
2 47 683786964
1 45 560855746
31 36 42291873
21 45 194512614
8 10 952808505
14 23 516362965
2 44 622864813
28 31 315117018
32 45 144675882
1 4 416133607
15 29 105859611
30 34 887059873
20 41 405621951
27 41 518366299
11 37 146175789
37 39 120134563
6 34 932558455
16 19 76515760
10 35 220467313
7 34 469934599
30 37 771031262
25 31 476444362
2 12 633090175
4 43 557485082
23 32 747136994
16 31 43816860
20 38 225330523
4 30 196158092
4 15 790341457
7 18 605912797
39 42 26615489
4 16 471512700
3 35 259554019
11 17 786540622
16 41 819056831
13 35 505813500
22 37 947805486
9 30 689016871
13 15 478851944
11 43 211178068
21 37 925153344
20 24 636534598
1 36 890904362
23 28 781436338
20 45 547217078
13 46 322795766
39 40 818429198
20 26 385522861
1 28 47369628
19 37 410520899
22 36 133571405
4 35 161547255
2 28 603624962
16 34 514788902
21 43 802098780
