48 204 5
999993183 0
999992742 9 16 821018557 12 246221105 660298657 20 10 709582213 6
999995951 14 714126759 9 34 529187109 24 808511429 91803628 49 788153404 581291597 473966840 8 32 44
999999239 13 345937625 19 994450817 26 32 257368041 90155440 15 2 293274569 389716757 355087512 47
687114063 14 10 430628099 40 854109029 8 216557546 1 33275586 712874215 158274824 423986296 951899532 25473487 903951623
999990446 5 739875227 276199067 915555439 153858387 532538502
159865885 5 905778634 812143068 292691430 215916623 39
999999780 4 9 50 410501278 278395159
999991218 8 970625421 8 114458545 1170944 630918263 326288202 612007249 14
999997009 7 42 226835948 514884345 281070068 382456001 29 16
999998007 4 288833720 16 84380913 28
999994777 11 738254567 5 46 756039040 17 815648423 614791304 44 884929752 177481216 4
999991310 9 662410451 48 35 15 12 928487666 49 229551505 938917595
379303625 0
999990362 4 418039874 50 25 34
999999739 4 541644278 145636315 29 468065705
999998944 5 902478331 854044299 2 953326869 33
999999940 11 40 38 979958780 539560968 50 436870448 25 581644338 3 12 193033385
999990013 15 109002617 539623598 40 38 458944918 25 812004022 880005307 642179179 37 527818039 31181944 590351720 798338554 33
999997892 0
999994326 11 246246528 7 32 18 213593465 90659375 35 127367871 480056175 817486243 37
999993698 11 30 269665378 564118687 548800278 11602653 167650073 49 149679259 100732600 14 682146632
999994751 0
907404405 4 17 440667715 725823722 573654270
999993959 2 25 20
319840027 2 28 49
327364167 1 503971734
999991701 10 534723842 4 735886974 48 111003837 1 6 464039903 49 939868191
321455045 11 274795541 586470944 21 15 34 1 703167696 113687883 46 134432387 844180649
999990737 5 15 767043272 610653969 14 22
999997117 14 406610916 40 13 2 11 7 191178029 335759 49 33 29 39 491167286 318582746
297883453 10 23015530 760300544 9 92338077 6 410307230 21 237073355 409075620 43
999995612 13 6 395237197 26 32 38 27 4 217798637 30 36819636 717488090 15235985 52599798
146102574 7 17 71748854 793355439 107979126 218952691 32 5
44179183 1 10
999994501 6 132952887 471254029 942998713 10 728961404 869150525
999996958 10 288281627 19 34 38 46 670735495 94664562 100079616 650017734 5
999998796 13 268883569 11 40 24 27 481121876 129863689 330195216 139100529 118810590 366911588 28335601 14
999994830 10 933119541 42 170917851 858824379 687122482 27 15 679072929 3 46
999999713 15 26 44 2 345500735 4 141976690 17 39 739186775 729333704 22 8 931666753 937845890 56033640
999992876 15 263347522 13 31 30 5 42 445593706 26 230781516 2 29 424651651 527182548 15 9
232975851 2 16 38
999996451 10 28 562036734 38 678093026 5 693913091 43 978590167 37 352795210
999992387 13 36 164432968 6 990538995 606451101 579099093 859461776 249020925 923882888 28 27 119121632 772125893
999992815 2 207985237 28
186440670 0
999995302 0
0 13 21 300376649 15 59959335 92597741 18 28 24 213582679 41 982585450 635399366 476844532
17 42 880480169
45 47 755231385
26 28 296863311
32 43 449516670
16 25 109751585
33 48 208796743
43 46 727079659
26 45 353835395
11 36 498802835
22 42 229112331
20 46 389747101
13 14 333582393
1 25 22250523
35 36 354245766
21 35 738297000
44 46 123371240
18 36 127128771
20 32 213983871
9 34 636265699
8 28 425345842
11 33 150498810
27 46 237106789
21 23 542499341
28 37 146034787
19 37 778587219
5 37 356789908
12 39 103316444
3 38 248099200
31 42 848565780
17 40 328808623
38 39 297170644
8 10 763189003
27 34 888331542
2 28 553324199
39 42 493189764
33 45 123130874
22 37 465328975
14 21 521267041
6 18 803696196
23 32 49130490
16 18 747481649
7 25 603134085
22 40 948809049
26 44 828881409
7 30 306094601
9 36 941786662
19 21 167418948
6 13 732597362
24 26 534664888
30 43 432864080
9 27 969624303
39 46 671543224
8 31 768748967
8 22 295297945
5 23 417661147
5 41 7244929
14 37 455381535
4 47 868457238
14 22 314128649
4 24 906598114
35 43 412577732
25 32 928521198
28 48 258393143
18 34 635747168
14 48 652072823
1 30 820912681
1 31 477122553
25 37 909166754
12 36 242815223
10 37 670833033
12 28 253925836
24 45 678135516
8 48 140973326
2 25 966014304
26 46 948964103
34 36 780357927
40 42 426029895
11 40 794054866
23 27 75030387
26 40 329997419
11 28 203445984
26 34 53833037
18 19 348398706
24 43 778956407
19 23 872497192
20 29 104206649
20 34 832900104
4 39 835730396
8 44 181451270
10 22 986524458
32 35 379389819
8 29 196989910
3 24 180794212
8 19 194875454
1 15 125879512
2 24 687960510
12 29 528299322
23 35 9894031
20 21 409826041
10 32 320428307
25 36 796188931
5 22 261262611
35 37 59493471
25 27 160511518
24 29 603770409
13 29 76392816
14 45 766434712
14 34 493612644
14 38 116943852
2 13 908086225
17 43 213360969
6 35 572148857
15 37 190356632
23 45 470874669
9 37 928442379
5 46 735022256
27 31 68454282
22 29 58753047
4 34 945794223
12 43 221408844
5 24 366300540
10 38 385241210
31 37 423700735
13 20 784996877
16 19 419858302
14 40 635984300
23 31 141646187
17 22 227395913
1 5 495208747
24 39 637218194
3 36 194606260
15 33 798787
28 46 221041666
25 38 96040996
1 10 131332749
33 40 568916871
13 46 467767849
5 11 335401242
7 29 685528284
37 46 284629521
6 29 518513923
8 39 591122208
1 35 981263329
2 43 697195631
38 44 221821404
20 28 605155904
35 48 559170624
26 41 384520907
22 41 370539227
29 36 799564528
9 31 503044445
19 44 852021615
37 47 175155829
41 45 714797229
9 38 160337326
23 29 671103402
4 40 625073273
23 39 44044061
16 20 785776432
12 33 787841380
15 41 928169866
2 42 129058202
23 44 556501029
29 35 972585481
9 41 846657362
27 43 281428581
25 35 993147758
38 48 25546804
2 12 173389403
5 31 734020403
13 39 444803484
27 42 865094328
28 45 519865764
11 27 528729709
1 12 502894431
2 11 18272733
27 40 267117427
9 23 475953841
3 17 660910042
6 23 603175061
17 27 73205682
15 45 562301913
3 20 870570188
7 48 87173377
27 48 180709099
10 18 82719021
3 13 78833934
20 27 547905691
47 48 561984441
5 26 609374595
5 9 98239191
16 32 200975871
16 36 774978261
39 44 41491423
26 42 977985385
3 33 501004761
5 19 381786475
13 16 970060856
6 42 503671741
2 32 1348955
8 13 435977067
1 39 14926125
23 26 736914028
13 34 818543401
