50 1085 4
0 7 8 60958862 22580956 974171800 429808526 38 5
999996979 11 101365519 50 27 218853628 46 6 44 171387149 12 373706675 28
999993422 14 542205841 36 45 827873034 171639764 2 34 3 507934773 6 379310655 470428207 54126030 831947063
999995606 14 194743266 1 7 4015641 28 204951022 354182184 48 41 702550767 16 960182932 42 23
999990367 13 697598917 77283359 624114172 41 292435621 40 451296467 20 200488585 31 27 5 458014690
999991623 1 50
999994417 5 9 232019221 803415406 10 735888665
583188038 4 37 58493797 814023251 3
567666833 14 516256733 994504429 29 861116364 141552820 42 8 174001962 578273448 18 5 22 24 41
999992389 2 17 36
534513340 13 75090630 281645648 93143399 101657340 22 934672301 242800816 585398279 350849912 725237276 972882298 795809212 13
999994515 11 45 371185660 10885007 46 37 48 29 107202915 47827832 137658962 38108395
999999447 9 28 2 396650145 799192423 784938033 38 24 25 805756723
999991041 0
294140984 7 45 50453873 3 43 748623344 99897708 595929801
999997317 11 40 26 898074624 45 55053805 15 31 334198853 379109573 4 928968141
999993681 8 27 28 961498461 34 25 30 6 45
733104758 14 26494611 40 37 24 30 474601191 13 104693794 517601526 45 439322429 803445832 740642244 806310099
999994621 5 189878021 46 789368970 9 575958743
999997830 7 11 207128107 517895258 626806289 50 42 926544414
734036892 6 16 510810528 42020743 41 25382206 21
999992611 3 831736286 835521898 44
999998375 1 43
999995435 9 774259443 78775167 869111445 992399763 24 254583131 12 471427957 292546371
802751091 9 269881131 11 813808150 9 45 446337841 400858320 15 504824260
999997286 8 134359739 16 25 544251593 23 8 221043233 150626528
999993588 6 21 50 35 11 30 20
999999949 11 762598128 58612703 9 26 389659797 7 48 501765577 49046026 27 553406907
999999089 6 334340336 37 655661808 204115656 24 29
999991610 5 33 12 30 975840136 48
999990326 7 992740239 49 464152155 60749067 14 707427241 19
999999549 16 22 49 30 21091546 2 454468553 40 17 520387221 18 417000342 562125596 59376801 24436737 717008566 654367337
999994673 12 968476591 44637730 698474566 659615907 2 27010677 19003883 950793630 327903151 43984629 19 40
999998009 13 147718268 687412752 44 7 22 41 8 901327029 15 909661481 18 5 101357505
769763437 0
999992473 13 44 31 95659071 34 853466705 512846957 29 21 9 25 357982092 561687707 268642091
999998762 6 33 4 376130789 15 26 49
511059496 6 32 46451273 10 14 5 760785639
999993238 11 31 41 50 9 800103338 216617917 25 130984459 303714318 42 699195038
257285201 8 391238443 94130470 48 263079058 446900936 413789683 614867564 995604780
999996616 9 84989303 42 684967775 227865904 4 1 508215086 54212240 20
999993408 6 41 134469168 379711144 26 5 584377339
999992167 3 237403299 434383502 13
999998386 11 2 12 1 362398890 877276863 8 41 3 16 22027538 7
849569869 7 50 58930630 38 49 148374831 44 255144146
999995007 11 200013833 24 4 37 638976180 40 11 26319325 20 666006886 139702658
999998860 10 112364365 27 853355843 787802150 16 868308222 713386468 14 123946530 29
999999139 13 35 38 26 16 404917071 20 48 291110897 606983596 10 47 473687721 4
999991488 1 958243467
0 6 759719340 16 600572245 270030543 31276472 458617072
45 50 960025819
34 50 688738558
14 17 520627040
17 33 654685430
23 39 933160379
5 33 319126496
28 45 268817321
1 17 388473049
20 34 524107378
10 11 322747401
40 43 947816142
21 25 134747746
11 30 928560850
16 50 308453485
29 48 881738846
17 26 47143189
20 29 617411976
10 23 769326780
1 24 849163139
8 47 321942225
20 50 75177900
5 24 150101135
36 46 696504390
19 20 918417489
3 50 539282923
5 43 55852568
10 18 538975535
19 44 510609674
20 33 432626988
15 49 202549575
35 42 646446606
7 9 8646848
2 39 985574509
21 46 254413948
10 47 907018539
6 31 322093867
6 39 922457595
11 50 31224363
17 32 863285536
20 23 544606454
8 25 748355796
22 44 594700226
14 32 643575687
5 48 459900418
28 35 924373057
14 47 243084858
13 49 912142755
1 2 687194595
5 47 734738035
42 47 584971261
28 34 222997417
15 26 328985715
2 21 231776480
1 33 469449698
9 45 14884632
1 26 202663176
2 37 467031525
5 21 755604460
8 40 902673300
30 37 39326236
9 42 877954869
39 44 102898722
4 10 239175501
5 45 392847589
19 50 289250914
11 48 468186459
37 47 737400327
17 24 510219693
8 21 9898602
15 36 769271524
4 12 846241894
19 29 345572715
9 48 769298100
14 41 276396980
17 29 169198403
20 47 56566811
18 37 155683363
32 45 542283597
11 24 507107904
15 25 221288749
31 47 765466385
11 38 161123500
19 31 191680084
20 31 177076221
28 39 503528934
18 33 931394622
26 39 770798796
33 41 515560596
9 21 230660863
14 42 917100998
28 50 812713493
16 38 299528888
16 22 838166043
14 22 215772069
22 47 629460021
41 45 994149116
34 39 831568728
21 22 750309468
25 39 679132158
9 36 77343848
1 43 578766137
9 40 237464622
29 30 990738510
31 34 742178178
7 37 250015496
24 46 473774988
44 48 190496038
1 46 883642195
19 28 320149063
14 46 78968731
32 38 241507784
43 46 197051839
15 20 80906812
15 41 948841674
2 45 579779699
12 23 795216412
3 14 739956694
18 25 360627118
33 45 638222603
8 46 804610926
17 20 467117174
24 50 803483438
8 48 756722492
4 31 538791643
4 39 491572600
15 48 878996988
12 50 543394570
1 48 511189598
4 42 875926485
35 36 384340350
2 43 338733143
6 24 466768369
6 37 64754146
23 34 661901391
45 48 782717132
10 29 443731198
2 33 302447286
19 46 759963868
27 50 786856619
5 17 988557683
25 48 621548587
18 30 716542305
10 30 796119848
8 49 789244537
8 35 540279524
10 43 980268866
12 49 58174350
4 45 662735206
33 50 126949071
15 44 678421595
25 41 496181617
9 14 12016859
16 41 221883779
46 50 710315030
32 42 628285292
22 35 992202319
15 47 123976438
36 41 267293385
4 48 641509228
2 31 297175321
10 45 935155510
11 12 765834120
4 18 429514124
10 22 968774707
18 20 458238626
4 7 318645748
7 13 474381797
21 40 605565495
32 50 660192388
9 16 410038675
1 13 572302292
15 31 390827908
1 20 668534671
30 47 468891365
11 41 567175565
31 39 196865352
5 11 896027223
23 38 348177286
39 43 96301501
1 15 734520891
7 23 521697348
11 27 361476719
43 49 88861949
6 40 397377422
5 16 987955440
28 31 890048367
35 44 914689793
30 39 109052811
39 45 938997566
27 39 745784713
6 15 196527212
2 15 861020557
3 10 610382240
24 48 270612131
26 28 83698889
23 49 113740217
32 43 910816012
41 44 453991732
33 42 147291851
3 39 601248647
16 29 511301601
16 44 253054077
36 45 624689639
43 47 861732209
5 15 792567414
22 37 774893038
26 44 255199689
22 24 81649059
23 41 402660491
12 15 277298371
14 29 209910563
2 27 91755615
22 42 423804577
8 27 972920885
21 45 249632850
11 25 263892773
12 36 770499248
15 16 39442196
24 29 879053735
40 44 516425145
13 17 361207676
13 36 513232126
27 44 632264480
4 29 187021996
42 49 652175077
34 43 373800701
7 14 560391657
10 46 687844916
35 49 863820012
17 40 260325364
36 47 939968035
19 49 874387312
14 26 41164984
16 17 663205223
18 27 667520262
23 29 296872571
14 45 323464901
21 41 350168005
32 44 110018583
45 46 695687055
17 46 854026719
18 29 181828354
21 27 387560422
8 23 103647312
3 11 382955421
19 42 217349646
10 41 888190811
18 43 590939792
19 38 858082815
5 31 554607217
42 44 286291733
18 49 259363717
11 36 366617186
7 47 270518717
37 48 146721721
15 43 796378483
28 32 35693526
13 23 972715870
19 32 847880106
26 27 527150731
6 34 292852208
34 46 111308037
7 30 688753685
41 47 815431517
11 43 956392842
31 49 777472279
25 26 926551223
13 19 704957558
7 17 498884068
1 22 327353231
23 27 794198397
33 44 203903283
3 28 101938550
9 27 958178572
28 38 105498684
6 47 738203236
4 19 82346031
11 31 284426614
8 16 551759100
4 38 875485270
36 50 27445918
6 20 455869218
40 41 394826247
3 42 952198251
24 49 841335753
24 31 391832454
32 33 255799546
16 48 170458775
32 34 624871239
29 42 12589453
18 38 466483001
19 34 981237165
4 46 452820312
29 47 877477801
15 38 70554611
6 18 70280407
17 50 110953323
33 46 904514019
12 48 392009103
3 13 399489883
31 40 988780102
8 26 721395356
2 20 92090775
9 46 307350446
21 29 20491477
17 45 299848286
2 24 775765290
18 34 593352563
13 30 251781932
35 43 938197716
8 34 76309785
13 38 125369774
2 49 387144098
9 38 693042676
14 50 591628765
1 16 12498055
19 37 588887597
30 36 530021217
20 46 478263892
39 42 250456735
5 25 9827911
24 38 543278900
21 31 683906822
1 14 719211506
14 34 459978177
14 16 963058000
4 41 518403695
10 14 576067420
8 32 823344269
7 25 684700992
11 13 66675356
6 43 700414603
24 47 136125160
21 42 41574026
7 24 772840184
21 50 670693475
31 44 842335779
14 18 273293999
19 24 203120188
3 6 314447706
14 36 502431076
16 35 51902676
36 40 70966181
5 46 778898915
35 45 749596541
27 33 161799835
7 16 865831656
6 13 176867551
20 48 797682960
21 32 173894921
36 38 510472335
23 33 58223941
7 46 911077121
7 40 731567066
22 46 29056146
17 37 777295671
13 22 28553179
9 15 404838344
1 25 309684793
8 33 993829808
10 19 352369867
12 27 728069581
15 39 722876783
17 18 925191040
18 40 123378707
20 21 796115588
8 22 648707059
29 40 839175506
31 32 38373819
6 11 526497838
13 15 469273693
13 32 451433538
30 35 985508206
25 44 597346230
4 47 745041842
35 50 206990682
23 45 451838383
31 48 168129582
13 43 692513745
27 46 547791258
17 21 897439285
44 47 302259843
12 25 50762725
21 28 958446874
3 8 564694271
13 39 861599212
13 28 493770923
31 38 236827538
22 48 874337333
16 18 479504829
4 44 130382508
2 38 569307233
5 9 474072124
1 27 756936054
9 39 535790139
1 5 834994670
11 14 353666859
36 39 684408470
16 45 983722565
6 26 51115183
19 22 832832759
6 10 287417502
24 32 930779846
16 39 510915513
4 14 210935158
7 43 129529055
26 37 529432203
20 27 923538554
38 43 141305805
6 16 22606546
24 36 542750973
26 36 667874421
40 47 552404784
32 49 5880119
22 36 700170938
20 26 937060534
23 25 674742398
8 19 564640080
12 26 453755779
39 47 115672124
12 41 918492285
25 27 858524953
5 37 501586520
23 24 303945165
6 33 20087169
9 26 877537322
41 49 741701982
11 45 311772324
16 28 750210985
21 23 682750464
33 40 227164094
36 37 540934673
12 28 549321736
45 47 212461437
13 50 33646696
25 33 520284802
15 21 130883793
12 14 105096170
3 33 865905963
13 21 980395340
16 46 440625749
27 28 448831272
3 40 255860756
44 46 328950846
42 50 930772389
10 40 14002717
10 24 484028657
9 25 912359325
4 20 513028492
4 33 741460610
4 21 157987025
47 48 203846870
47 50 345587868
15 23 921341129
6 32 570500726
38 50 97486961
7 12 464701834
38 42 45970555
5 18 11954531
18 36 431667032
2 29 386622708
37 50 953179752
48 49 607136
28 40 609034460
34 37 695392541
16 26 912827166
31 50 317273184
18 48 142250381
18 42 130649778
4 24 874354882
34 41 522877034
21 39 712276976
9 24 75709130
5 7 560657807
24 35 133168929
5 8 882906930
19 27 437994585
31 43 95475704
29 38 259174813
22 38 804753698
39 50 760037936
4 5 512979621
1 34 391803954
31 36 592688523
7 29 276370566
9 44 223604234
7 22 143917949
37 46 786826465
5 23 399161443
29 33 12323441
3 16 192325460
18 41 757154711
25 30 288866107
14 33 773954467
48 50 114689632
10 31 207640975
5 40 1321731
12 46 657071391
39 41 228366947
32 41 768095767
30 45 569319668
32 47 156501463
18 44 632613912
13 40 490413750
2 26 143328550
34 38 416622077
20 35 103000264
11 33 671006757
21 26 583956256
25 31 939907288
36 44 728702092
27 34 278406158
21 30 720685208
37 45 828182210
37 42 37753812
5 32 306306018
2 42 440494327
5 6 25343799
40 49 258651760
30 33 957399944
3 32 871011089
2 9 295183374
25 40 252831510
8 50 365877721
24 40 116184058
9 23 387950003
27 30 158365973
12 45 427426322
9 50 454350060
8 36 680619686
8 37 704402858
15 19 99177350
8 13 154765887
16 43 923038126
3 5 345311399
43 48 520430659
26 46 106976440
15 33 42850191
26 45 634320514
15 27 901628417
39 40 419545623
3 23 595390719
21 24 808450931
6 38 309479127
20 28 983458275
38 45 607421214
2 50 682057219
4 36 537791020
6 36 536152415
25 47 102757103
20 38 46299917
38 40 950302652
3 21 291318144
26 30 218117008
3 12 254397106
6 21 676143228
19 47 114356547
7 39 104370675
13 37 999383691
3 30 38124819
32 40 108981317
10 12 375735801
19 36 57177299
13 42 480377992
6 42 79388669
27 29 179826229
13 25 58839206
1 29 131481293
34 47 123281723
46 49 128312358
22 34 174376428
27 42 904137907
1 49 781022236
8 44 64056803
5 44 274874735
1 3 320796946
23 44 452760357
28 37 27410938
34 35 315092271
7 21 955783719
4 22 943440374
36 42 372685876
7 31 118255179
29 34 57469631
18 39 706281821
9 18 324248432
4 43 695270278
3 4 21907574
6 41 89411272
10 50 814247494
30 32 40662348
3 25 748142056
1 9 684093537
28 42 3360358
9 47 135858273
3 35 246183098
36 43 799786727
7 10 639127280
32 36 123036141
12 20 864611510
7 48 587411603
15 42 415008913
26 42 122278983
14 43 316523448
5 50 522880861
25 42 428492611
18 46 118331731
40 50 56965912
13 18 657220363
19 26 801611074
25 50 577019401
6 8 577409985
37 43 519179496
22 33 999880735
3 47 765650527
18 23 29082653
22 29 610901241
26 43 193293064
7 42 733524402
40 46 797386829
34 48 640587451
23 37 672464821
9 19 107546809
2 44 413860800
13 44 347306057
7 41 262878511
10 32 115782396
24 27 6164287
10 13 56825759
27 41 982210231
15 29 428086321
21 34 733087469
33 35 307900799
33 38 624684135
12 22 436197042
15 22 150346813
29 32 205499458
3 46 540736377
17 30 109791421
17 19 782846141
41 43 22585401
35 38 86455637
7 35 886013146
25 37 478362391
18 22 803697647
11 23 322864245
18 31 324381855
2 6 975804231
17 31 834848597
21 49 526224204
1 44 727592032
40 42 52862834
6 48 204415353
11 21 98654107
43 44 400712737
29 31 771304249
28 43 779741250
9 20 266698638
8 28 802896159
28 49 166142354
33 43 58150001
7 18 395926828
9 34 249991015
24 39 719847212
13 26 824735775
3 49 208401600
38 39 775158783
11 47 190451999
46 47 707379994
24 42 293780907
14 37 875639056
6 50 383907220
37 41 627877743
14 23 878683755
11 15 248183236
10 20 742400409
4 6 238865410
14 49 246414147
15 45 362574646
4 8 573696034
22 32 64849124
13 35 297187282
18 50 748394770
23 46 819582040
26 41 481778089
11 29 268900197
9 37 883480804
4 37 717830152
19 21 155929624
39 48 647165150
7 20 346372718
26 33 415478799
8 24 232925498
17 44 74094550
30 43 480670654
9 22 487843267
25 32 134920919
3 15 385527683
12 34 125186180
38 41 44123155
5 42 23505372
6 14 816897764
8 29 965830767
20 41 123377425
8 15 836274525
3 44 230905953
6 19 865140837
26 49 767885368
1 39 13310400
26 40 546082829
31 33 194803203
27 35 39500831
26 32 818956642
31 35 65556161
34 42 335170939
14 24 403623442
1 40 275219018
31 46 823211542
1 31 607765472
7 36 67842877
10 48 422164244
18 47 479203590
34 44 650166285
45 49 237887766
25 34 794101578
25 36 157457737
3 18 670413040
14 30 23661606
12 39 327019784
21 44 138545206
29 36 903929785
29 45 725899736
7 28 762689852
2 18 272714937
19 23 200732947
33 36 519528023
8 11 344339346
26 50 762718622
10 26 950853274
43 50 657982314
25 29 489609684
28 44 291408687
6 22 717431321
4 40 501908755
5 19 109320762
24 44 559158177
19 45 35138959
34 49 44915699
24 33 686685541
23 36 873316837
40 48 510704799
18 26 362832029
9 49 96609175
2 41 702066126
9 41 831189740
37 49 349966355
11 19 880521193
6 30 333338497
12 16 956445333
24 41 494919968
21 38 328217563
32 46 931532991
17 35 191652408
2 11 13701683
5 30 146595675
6 29 765756435
5 49 132379730
37 40 364860969
17 36 106655464
41 46 981484056
28 46 132008237
12 29 111160977
26 35 825341802
33 39 462998293
11 35 132263076
24 34 552585931
16 33 11996404
30 42 528869863
7 49 313083961
13 41 934503111
29 35 282106416
22 40 116980108
12 19 533880712
12 44 201024105
42 46 253800874
20 42 283414082
1 32 218991273
22 30 250854891
18 32 544107235
20 45 678636560
26 34 671771443
5 10 694400004
3 38 567857763
8 39 592449361
22 31 618357763
9 29 193137710
17 48 932244720
9 17 19983027
4 27 496991596
3 17 959177959
23 47 256031642
35 40 989117932
44 49 194716154
12 32 371872340
14 44 806342357
19 48 120226402
1 38 134247740
5 29 866914349
15 18 890412623
2 3 288079929
10 33 691348884
27 49 261750915
2 36 643851806
17 22 942235386
33 49 355257424
21 47 596668574
4 15 701554440
3 26 938828331
5 22 530792031
11 20 487610333
4 35 66242272
7 11 520280890
11 44 274979491
30 46 607628217
3 43 551591651
16 25 526678850
25 46 81958486
19 35 571566841
2 7 775196409
2 5 571686396
14 20 972764626
14 25 446775602
23 50 459174178
13 29 423106009
2 46 401337306
7 15 32133298
22 41 371069428
1 37 520585940
7 19 792125778
46 48 663957383
24 43 728955005
47 49 144207018
4 25 684098699
30 34 389240133
30 40 934608787
25 45 294781644
5 34 981797849
14 27 434208828
3 48 979677528
1 4 135970937
3 34 620547530
5 35 848594410
14 15 573034773
17 39 490182226
11 18 202427209
20 24 266427034
43 45 49808543
8 17 742295704
27 31 126407908
15 50 898235053
23 26 944978716
16 24 673422810
10 36 934573940
8 31 72781293
10 16 817462825
14 31 299004
18 19 229372814
22 50 282143662
20 22 70590113
28 29 872600840
41 50 778981847
8 9 56915887
8 41 402178275
12 43 267730335
29 44 635780129
17 43 294635580
31 37 211498434
20 43 360051759
11 49 928206377
6 7 765356543
14 48 494101631
11 28 888712259
8 18 467065310
14 38 230914735
2 19 648214512
7 26 515705448
7 33 95059799
13 16 961019451
11 37 76865627
11 40 730856959
42 45 99747875
22 26 145920951
10 49 846067278
2 32 162351384
10 38 791322112
23 32 77491911
13 14 545879824
16 49 861414538
18 28 842092794
20 49 108149612
4 34 48361198
2 25 622536366
27 43 48992744
11 42 198208124
13 34 664821953
1 18 543536828
3 27 807073971
12 38 928332487
1 6 47946839
32 39 132447606
14 40 870908149
14 19 829725395
23 48 881176389
25 49 134765809
27 37 488501908
49 50 918609190
20 44 719286830
4 49 237833156
3 7 977217724
23 31 599170646
37 44 217622713
1 12 111642207
2 40 684681603
21 37 530354283
23 30 983174916
16 37 129446446
2 10 430290460
15 40 123387387
1 47 207860829
6 44 739768734
7 45 206101319
10 15 938258545
1 7 904556182
24 45 546184073
29 37 464649331
27 36 81362637
31 41 993094896
1 30 559485079
39 49 85495888
37 39 115437643
23 40 457673953
27 40 627786570
26 31 909088632
27 47 51947611
4 50 714359856
1 8 665828548
7 50 7643323
16 23 698365674
10 44 485211495
8 30 351522465
32 35 94937169
11 34 484649221
2 12 478406295
8 10 470841265
16 19 986490011
3 22 190122041
10 17 536195699
16 47 37161078
9 28 421598919
12 21 267266494
5 27 438374088
10 27 761452651
33 34 242214836
15 24 63249618
22 27 556884423
2 48 529803507
30 41 847657182
35 37 444886358
7 27 763619729
9 10 447514714
4 17 354522881
1 41 899306406
17 23 455545365
3 41 41035612
16 30 730608876
19 39 718135760
23 43 946429849
15 46 467516725
21 35 791923086
4 23 621103718
2 17 945538423
5 36 705661802
37 38 870392655
15 30 676808135
3 24 918792133
9 13 89154826
6 17 761959603
23 28 869066295
15 34 629961419
29 43 799681953
38 44 923436715
11 17 234585960
26 38 702438825
4 32 616060303
15 37 85385377
11 22 400718474
8 43 240587595
3 20 381668458
12 40 109444786
12 35 597508984
22 23 35315793
13 46 6584634
17 49 527641392
4 16 719813065
10 34 490785538
13 31 223205807
36 49 742345432
25 43 989121518
27 32 12410802
20 40 496695222
38 49 694862191
6 23 981236329
18 45 856310323
32 48 751462738
40 45 273897731
13 45 699024730
28 41 888151882
24 37 959005269
2 22 286292995
7 34 278428787
22 45 50829701
26 48 43817135
28 47 959426359
17 34 795508443
19 43 343153176
22 43 922149691
4 28 42133712
3 19 678497855
6 28 971323509
7 32 716715493
30 49 483965017
6 27 406951113
42 48 826382289
34 36 492942875
6 46 897291065
5 14 742270166
19 33 125522605
1 23 298844952
5 39 524058655
29 50 761818828
35 41 239073411
29 49 610259900
6 45 292387240
6 12 32167507
3 31 423751050
20 36 213964691
10 28 869655925
9 35 132349316
10 21 839388536
24 25 513746199
4 13 101696554
33 47 242349421
13 47 894620015
7 44 869717178
2 16 340580471
1 10 138406851
22 28 20537226
8 38 713377354
17 47 889940855
30 31 281667917
2 34 346944210
30 44 73924323
5 26 116548411
17 42 765154698
18 35 536598532
38 48 250165602
28 33 387433611
10 37 570546947
4 9 738742099
3 9 553248646
21 48 924316480
17 25 511492801
16 31 145354949
1 45 962810874
23 35 970415013
1 19 54020411
12 18 740111397
20 32 386475708
6 9 186734723
33 48 370145809
25 28 135564005
17 41 214144690
29 46 817859136
11 26 510083944
19 25 77472112
