50 794 4
0 13 15 11 85557469 42 109252241 514412795 18 17 22 780934516 21 217544250 165894527
999999963 8 336881228 637185087 23 474246739 313383590 28 1 13
309257512 3 29 489264101 332733714
999995720 6 747990243 38 2 6 62967925 44
999998435 8 44 30 47 299422656 413246576 399076031 18 91966478
999995766 14 862431589 80450885 3 233441120 36 389707908 4 47 26 459612975 12 465983565 25 179874195
999990113 6 21 994477812 23 46 24 265643596
465106104 2 437467000 832790878
740748026 3 451018233 221813306 97889226
631582982 7 23 39 5129430 414898506 723266688 241262535 788468320
999997340 14 708738052 21 8 2 6 27 5 137864974 498904496 327742893 41 38 4 84112062
999994092 0
999998939 14 4 776358003 515124534 466623116 23 80164737 764256223 11 18 653862199 390985260 15 13 49
908713223 1 36905225
999994205 10 42 204860532 701367441 21 37 50 24752759 40 44 6323706
999996031 8 35 16 630109598 43 702506687 50 951746689 28
999998982 8 10 380817188 18 11 8 299380554 168026688 43
999996185 9 10 476462249 330360816 407012767 793628266 44 37 15 315709289
999993403 15 853612490 43 21 381646226 697169293 786126084 39 7 30 22 84453409 5 500597014 86212005 933017350
689463955 1 239335821
599870374 7 36 27 25 2 44 47 549863855
999998162 6 721205865 874701066 548213671 813994413 856508853 272037298
999990899 12 12 23 25 981889764 5 104449694 603910919 33 63338100 20 824431118 36
391526829 11 27 36 43 35 571554037 696636469 503479440 701589439 32 48 47
999998538 13 44 145608375 189773390 14 665312595 552830494 89637890 440115163 958727375 767238476 23 341064017 11
999996918 16 28435649 25837138 22 46 48 42 198467509 24 16 10282432 370857443 63133709 44 13 43 429482977
668325907 3 947062513 653266352 33999821
221654795 3 628093490 47 40
929717027 11 650544734 87692876 639424926 502801074 45 32 29 205660116 40883196 41 2
108619988 5 50 13 7 43 245038232
999995503 6 399840761 76045074 14 529106170 49 30
629161862 9 25 719407378 16 398170755 24 48 15 5 37
999993275 3 567959964 700114819 647133017
999999128 15 26 664009799 255914084 944799706 6 509216468 50 870212889 349604823 36 761237400 45 25 39 170533754
999996142 9 22 906490418 16 87769573 33 45 19 10 30
944262356 0
999991714 7 18 11 21 34 9 227621376 912800530
999997590 8 47 24512190 289616614 374991694 280962491 9 4 8
697050412 8 42 18 25 46 15 482263204 12 44
45175388 2 747773643 97171730
725814204 16 6 37 15 70017215 13321709 401399256 3628601 307874176 22 10 50 46 13 372317237 23 945961773
999999212 8 9 296918166 928661077 30 41 885468649 539483743 27
999994994 5 18 40 819412284 167658180 45
627405230 0
999991841 2 948360211 29013479
999999965 2 20 376623682
727130762 2 21 904783253
999993583 2 15 179847124
999991024 0
0 4 2 14095599 39 28
9 46 826692881
30 31 454821626
18 20 966178135
18 34 915788977
3 29 654462203
7 24 908627109
11 36 179256762
27 31 654906795
16 37 87801201
17 21 519165096
23 47 67132614
23 26 356731441
15 21 588999515
5 7 674970924
5 20 784054240
9 44 459968945
29 44 30528605
3 48 891669261
15 18 84962932
26 31 847764701
14 50 900868783
8 30 384086443
23 37 161666949
27 33 390957289
13 17 521328256
10 29 635938981
24 50 144619134
15 29 669689080
36 45 353041802
4 50 121678770
4 10 370673243
13 48 305392216
1 49 201470988
3 12 955457642
27 32 709552418
11 40 25859053
12 41 117163206
21 50 543063095
20 48 301455083
3 41 233331007
11 33 549175470
33 43 411244206
11 32 714456760
6 43 279929602
21 49 130625991
6 19 909627306
28 33 835772437
22 41 607533785
24 39 117113701
21 34 323677342
35 43 71246472
43 48 289603669
13 49 611998240
7 21 319756183
6 48 471719849
15 34 588753011
19 41 274873528
22 46 567206272
6 27 785963204
31 47 761861552
9 45 101260596
12 30 122921132
16 45 591541081
19 24 826792807
10 12 145962693
18 37 535320899
33 42 205039246
1 35 110651545
30 34 510107682
12 40 435523511
33 47 983494916
28 29 855239200
25 26 876790089
8 35 100215082
14 23 974614049
10 20 431858839
4 49 238598193
25 27 570456732
2 23 137751237
6 21 538794055
10 15 252752390
3 50 58472149
9 50 604072224
5 8 979861825
27 49 599531419
6 8 948523788
1 19 292178208
4 17 693911130
13 21 783757514
38 47 684237941
32 49 508719196
18 23 391795262
20 29 523393100
17 33 429973013
43 49 212017882
38 48 649890968
15 45 747914724
6 35 627594611
34 43 877486808
7 13 318683204
8 46 875358121
8 45 912560913
41 45 628519034
16 39 189020977
8 18 105630956
9 20 23164461
19 32 841872047
11 45 214183891
25 28 229728066
7 41 731442185
1 27 465440322
13 16 611548922
33 39 942212620
25 31 417858343
24 44 699116318
1 44 1750357
1 3 708781241
9 34 594527119
1 14 78332366
11 16 602093173
15 31 656807011
40 49 798313472
6 25 745250058
33 38 568976906
1 28 361686969
34 35 121756773
12 45 534268593
22 49 892998686
4 9 824965578
15 35 853729695
33 50 752431278
7 48 951072686
14 43 327340376
27 45 503545496
31 32 181664250
17 37 589636062
13 40 288445356
2 39 42183020
25 35 105479599
4 40 713706239
24 42 911579014
4 29 146810208
2 3 421285058
1 41 479877874
36 48 55698625
2 15 622848882
8 23 41603970
28 50 826891476
17 31 972037722
7 27 627133438
33 49 141108343
13 18 844689582
35 46 457235384
30 35 315765463
23 46 350548877
29 49 882397901
29 42 717451065
16 19 413008200
13 44 774049705
30 43 90019460
31 38 79009992
1 11 195427287
19 50 991822612
26 38 194591010
24 41 57788437
31 39 822595008
3 45 891010297
5 35 480966830
20 22 259189894
29 32 615993367
29 31 678720345
21 37 724383012
19 44 232632079
32 40 92456586
39 41 882793635
10 18 393979168
34 44 747860739
1 9 787450291
18 26 464241568
1 48 408576387
8 19 508798450
19 28 573443135
18 38 603488688
30 42 600570778
3 35 703658608
17 42 472417351
6 14 419988115
7 22 483583065
10 39 39224277
22 38 364334680
7 19 611032047
37 39 588854241
30 49 200236653
4 25 803608839
11 41 63378534
7 39 39024576
6 11 148389323
24 33 824502081
20 45 519394026
27 38 614556591
13 37 346669706
31 50 457947936
16 21 988807007
13 32 271794364
30 44 222603354
40 47 802565547
12 25 394442891
6 29 45044537
17 49 620240670
14 45 111674115
12 32 913354951
29 40 108312538
26 36 615682751
13 29 666138635
15 41 62920179
14 41 210645760
24 35 72701870
23 33 28764055
21 48 315157399
8 10 942056511
10 42 936687462
32 48 223912504
9 12 988558196
14 30 778326246
10 47 970126766
42 50 997450771
6 12 745731753
9 22 650258693
6 16 743610629
15 38 201523983
1 16 449608904
2 12 68637043
38 41 933279790
9 18 288852353
12 43 250475868
17 41 491230644
13 41 828047272
17 44 370810032
7 20 984100186
11 25 130437035
3 39 744169341
18 49 542741370
39 42 86167465
2 6 556348300
44 50 361913742
46 48 193857956
2 20 22558377
2 5 38866122
20 43 64928800
20 34 909308057
8 28 411143688
4 33 502567995
31 44 115681846
6 49 908312777
28 34 727547006
11 44 611558037
45 46 19153968
3 26 666650143
5 28 52332173
25 34 640132228
8 21 833387076
7 9 78284910
10 48 949001534
9 33 664299969
8 44 149902208
13 27 181851351
36 43 826663077
4 22 800236854
33 41 262830074
24 38 599676009
9 49 599815793
1 24 167126129
19 27 218049804
3 22 576807543
11 17 761807416
20 38 537144241
5 34 755962658
24 32 303656295
36 46 437612885
15 24 423927227
27 35 394080641
9 19 1077339
13 39 142714273
12 50 15604991
10 36 214896527
28 40 248437776
3 40 679031397
21 43 286198431
9 14 101856526
20 35 19979527
14 48 784978447
39 43 163891137
2 27 877585620
11 22 950937998
21 42 435503694
8 17 755229948
33 40 980643800
10 11 902844403
4 20 410137830
19 35 381418769
11 43 238763096
18 45 292263027
7 14 45420448
20 28 519908395
17 24 146500133
4 21 568489971
44 47 802044391
30 40 177452387
31 48 199928537
5 16 699861218
23 30 355771960
20 42 170049268
2 36 63914803
33 46 164806535
10 24 843859415
39 47 804119692
24 25 28598200
5 44 705449706
3 30 379876878
20 27 926328324
6 47 322795077
13 24 162888293
34 41 79715752
20 50 509502181
3 23 321247416
32 34 620109223
18 41 516970915
12 16 718467838
10 19 863052160
21 46 612487405
21 44 134532380
3 27 347083139
32 38 365506165
15 50 89665577
3 49 982923648
26 37 124276403
5 42 215844898
42 46 283074542
1 2 480021727
1 5 427721290
4 45 854456473
34 40 183321220
4 34 690505353
4 6 657345808
23 25 490096134
30 36 965501789
47 50 538956659
4 14 787759091
7 33 70150475
9 37 354878568
15 33 745934919
23 43 211309197
21 25 618836017
17 36 109856818
35 48 139476813
37 50 752643236
12 26 437924970
30 48 70393375
29 30 690269865
16 38 387020538
16 49 850088745
15 16 804994510
35 36 370139957
18 43 998540929
24 47 322694618
4 37 493364553
11 50 685090818
8 32 882925705
3 8 51573840
5 23 255300929
14 20 382876980
11 15 37500288
8 11 796424971
33 37 801748622
29 45 688149196
18 36 519577184
19 39 246324189
2 14 484832399
9 43 622357996
23 45 56754576
28 35 541825527
3 34 866198502
11 49 107309230
5 11 235875881
39 46 594423079
17 34 54966424
9 11 351637325
2 19 650618358
13 15 905393076
22 34 487273482
20 46 346168842
5 15 836812915
12 23 36455062
7 26 61473526
27 30 510051343
40 45 456382022
27 48 520863582
18 19 131309564
2 38 776737432
21 26 344604935
7 25 710878605
29 39 53493271
8 37 197070772
25 44 63094576
12 20 861511311
24 28 548522470
35 39 262251425
4 43 652689533
11 29 412013400
23 39 957519543
37 44 684907511
17 20 826457963
23 49 441514791
27 42 538976606
12 15 177469322
1 18 441929084
16 18 135669249
26 32 803380207
2 31 52050334
3 36 287720219
32 39 974391894
1 26 973758147
9 41 926610775
11 24 387866156
27 29 45643440
26 28 113205267
1 20 464319966
4 35 788838394
31 37 602463459
22 50 976603329
1 6 916429243
29 38 520797058
20 49 766471118
9 26 237354863
40 48 748201102
23 24 437115798
6 31 213834120
9 10 811752666
18 22 742354326
24 48 184101771
17 23 102553575
17 50 223581419
25 40 942002970
2 44 325224647
14 28 45267516
7 31 176915560
13 38 425393091
19 42 866311601
21 24 726922585
17 19 715418362
23 48 333774248
24 37 50233034
12 21 415924454
12 35 540569613
41 47 619153575
5 29 651309247
35 40 874494773
6 40 141097040
24 27 739826830
19 36 65996874
44 46 620666013
38 46 451823806
40 44 793141401
30 32 90439662
4 27 126834574
20 44 700220376
24 46 810908533
20 36 860733540
31 43 169988163
32 33 90144468
12 18 978490888
14 15 363365238
3 31 321377083
30 46 227032457
28 45 970783963
2 34 551330960
17 29 535941762
21 22 342541781
11 34 26322876
6 22 406696204
1 43 943872168
11 26 466282621
24 29 562402691
12 28 539162741
5 26 580835665
46 50 226565293
8 41 75793625
22 45 969861267
20 25 94392807
34 48 15923675
14 25 489923053
18 27 214175799
6 10 422925752
26 42 59980680
14 17 694731724
2 21 454922427
4 15 278626165
14 36 98417294
21 33 100737559
12 39 278452411
41 49 971919945
13 28 945932478
35 44 94948233
16 20 2433332
5 25 965203819
11 13 959550511
22 37 585611641
17 38 186024388
13 20 582960239
11 23 162818722
6 36 417714654
15 19 768812204
15 40 538946194
24 43 389886025
31 34 62358586
2 13 173773327
20 47 25872491
22 43 934508451
32 36 888015900
15 47 162678114
4 13 955298788
8 26 13379292
22 30 148471285
28 47 106996875
26 49 150441451
11 21 861639837
26 48 887556743
2 41 117013274
33 35 55230593
31 42 918703041
36 41 880270438
36 42 151867708
6 30 917214875
26 41 26963650
30 37 728350643
17 30 363483196
31 36 16903091
5 38 929592562
32 50 281298871
10 44 749322249
1 36 158921384
16 29 852412776
22 23 946446829
10 26 325497415
14 21 33874404
12 49 119266598
11 18 41709525
6 18 672804120
16 31 62543166
8 33 469187878
7 12 594442236
12 42 179575943
3 15 914566264
5 39 481752404
20 39 998274292
17 32 480121806
43 47 547069441
29 48 56190154
40 42 6993335
7 11 347710041
2 49 330920726
23 34 660045282
4 41 590627295
27 50 36587353
16 43 885133521
6 42 149096972
11 14 43479007
12 22 795953785
18 40 290357770
1 22 6426756
3 14 213813544
35 42 150860440
6 44 524115846
1 39 106915604
5 17 441254512
2 45 277009621
18 47 921602281
24 36 849838191
34 37 122420654
42 43 870432739
19 26 949749829
3 42 44678986
16 36 200718976
45 49 656306808
1 13 970855310
16 50 632225157
15 20 854314828
32 42 798068188
19 40 990136189
21 27 614572557
46 49 359609434
11 46 908598641
25 49 681153431
9 32 350990345
22 44 202411430
9 16 516160962
10 16 93469145
7 45 850422796
4 11 253989070
1 21 637781216
4 32 874495870
10 49 114545936
24 30 53091968
11 30 812274073
23 50 670114266
12 47 32167913
27 28 23461510
8 20 15968117
16 23 256752440
30 47 213221727
5 37 440897896
41 48 463841478
8 22 142738988
4 46 533587863
7 40 526026579
32 44 326605139
20 21 293891802
22 40 834365848
2 46 58797901
20 33 947760981
19 45 778519253
18 44 611152216
26 40 625728150
12 24 359112053
14 40 846595146
6 45 194160809
3 25 154232820
7 30 526892785
14 42 824782910
32 47 398732567
23 41 936882429
17 39 456364640
27 37 19005131
6 7 282790702
7 50 642403111
22 26 659231548
3 5 62996927
4 30 927935829
19 37 750020447
22 42 423722016
6 20 711898013
9 23 736624985
5 24 128401461
4 36 868135342
16 26 29031119
25 46 9026562
5 43 844721964
34 50 901720480
7 49 608638039
32 37 646562828
12 31 120095568
21 29 229512569
15 49 428694490
3 44 576850274
42 44 297012630
21 40 627846880
36 39 470971465
14 31 580074177
42 49 333022336
4 24 257589999
9 27 567593777
7 43 32999705
26 35 584524112
1 8 981075538
17 40 824264069
27 46 1752355
12 19 785949092
23 38 979968482
3 33 388713320
37 38 245874869
10 28 409907395
8 34 399669295
27 34 90709963
6 46 185284488
22 28 132985693
27 44 490818455
42 47 414523749
37 42 817927913
13 23 16087399
5 36 897242713
3 13 279158168
38 40 784711103
17 26 130259990
3 6 132267192
8 9 26531042
7 34 909731962
41 42 104380159
28 38 22349999
5 41 994177430
17 35 471338770
16 48 503025323
22 27 532775295
7 15 43524439
8 40 769113282
3 17 2223009
16 32 899963303
36 37 417867413
23 32 51521139
11 47 154386692
40 50 772133415
8 42 414446741
10 13 469872521
15 27 843782983
10 37 713917019
12 27 699857004
11 28 670156238
2 4 852445715
15 44 825464100
34 47 406151091
3 11 955581989
26 33 965966078
1 15 542271627
2 28 245252400
9 36 636993597
18 30 630097446
26 30 433073176
4 26 943508739
29 41 563371084
37 43 247684566
13 36 330284837
5 27 20092945
2 29 855456598
13 30 55888958
14 16 621025164
5 31 128014429
43 50 722930499
2 9 137185147
13 47 182846701
18 33 711511241
5 50 487109342
1 10 81483659
28 37 238669223
12 36 528160917
8 16 517316822
21 28 784361111
28 36 575903403
34 49 700559084
2 33 529509065
9 47 964797049
9 15 71004441
15 37 284690436
27 47 891824687
2 8 764169767
14 18 509345832
17 47 599544387
21 45 522322396
16 40 621670394
25 29 558536794
18 50 268064627
19 30 778193143
21 31 775971625
26 39 709396143
16 17 637972897
14 29 938011453
8 14 94472139
41 44 400614125
27 41 360499888
28 46 506070860
5 32 72142902
8 47 452867013
25 39 716904568
5 49 205231686
6 38 588697378
9 17 193438974
22 33 544654798
6 23 761704093
47 49 178245013
26 45 502189833
20 24 267554499
33 34 271504205
14 27 6766235
41 50 446221915
13 14 817073492
41 46 344452128
1 23 820225816
18 48 413420034
6 13 625024901
3 32 728221695
30 50 87452901
12 44 775516986
11 19 745809136
11 42 805250471
18 39 713354018
19 25 740272056
10 17 305190645
38 50 47967856
4 8 536410940
21 36 531739352
22 32 446482543
15 23 95217177
26 29 526026972
10 41 656355093
1 30 832321632
4 38 69806853
