49 114 1
999994498 0
999994579 1 958599431
56249827 11 8 69757826 25 357884374 19 181087966 48 486255658 740554549 21 754543680
999991837 2 1 6
346365076 14 7 44 730541156 27 14 465236471 1 150351333 556765803 36 114472221 415619626 664172358 397321813
999998254 9 472782099 480387045 1 709475757 19 27 19198301 625705751 16
677395503 4 11 35494552 43 904070746
999991528 6 19 6201439 35 10 1 768756773
999996988 2 26 880765562
713667673 5 536280473 18 9 26 39
999997508 2 21 30
61199221 11 8 12 37 851650773 3 22 527690760 401821057 356136036 831791800 39
861177385 8 10 43 49 39 82703479 36 45939247 15
999999497 0
999999222 13 21 262343059 154073153 162346543 222934888 962054455 386559206 25 861863894 18 985637602 43 48
876321180 0
999996883 0
999997379 2 158953159 46
291586309 5 45 14 41 369689302 6
999990135 14 848012894 482204023 395358362 78555737 477625377 703245170 71010450 28 35 577432791 41 49 26 702514128
999996831 5 97648906 383366257 262925761 41 20
999990335 3 21 186646267 919647961
999999201 4 29 87248556 42 109508417
999991239 7 24 14 796308489 33 11 966173031 15070507
110983109 0
915319668 13 21 9 2 576459293 1 17 34 27 3 340759020 88321669 687124808 44
999993342 6 48 22 7 20 11 455142183
999993957 8 37 14 42 9 163775382 35 19 41
996896660 5 58225600 46 753295561 81042690 19
999992093 13 218814358 603566244 28 631246150 18 39 21 9 8 126762306 44 990759803 468442411
91343320 12 910574427 11 273668698 10 15 18 33 36 634198998 47 21 19
999999070 2 3 108962601
999993807 15 23 231676414 5 8 138026039 9 412520207 39 199325952 331847252 318453662 46 298056533 730974761 47
792752543 8 447821813 36 33 28 187594261 33898520 37 336848354
93035727 8 13 18 26 24 36 320022181 513200035 117460629
862834282 5 129126151 853610530 46 49 601753876
999994238 9 49 379126589 8 35 192530468 255516402 719183796 634852294 793936466
999996361 8 43 515942857 405730656 245714627 275634920 26 688233231 964523427
999993618 10 909398559 4 572813501 805901780 570361644 727390485 11 196810683 36611238 3
999999417 16 25 37 791381891 80798114 668809102 26 988888195 229571821 43 307985673 323997204 979302511 650759567 30 733926242 4
999992138 2 898369754 539194502
841239675 7 225419873 902679003 36 35 32 386280950 746121396
128630514 12 790688233 45 832324994 11 251690021 16 1 474562052 147240393 540050333 23 390220858
999991428 1 284215257
275419687 0
999992081 4 27 47 95593454 1
999998009 16 16 45 315174396 3658078 38 26 49 206940192 37 7 99729570 10 576306911 364469532 828719133 25
268074832 12 26 898866305 726986548 27 582909698 12 31 222810568 37 192549292 705733465 23
33 0
8 42 770161965
11 44 276341767
29 45 367387961
28 30 422032842
27 42 492969326
35 40 933163884
7 13 713806952
21 49 317598729
4 10 52623830
14 35 133917780
5 45 612613637
14 43 287005028
25 26 607178303
40 47 968656853
18 36 393774259
25 34 7501858
15 22 535390638
24 36 880235600
11 18 823833475
32 46 96552257
21 44 994393073
28 37 924598642
29 32 242326065
26 40 8241786
30 36 425782488
7 25 94457208
1 40 153928167
6 7 977620275
21 41 587984226
1 11 420109831
9 41 264194467
2 35 850727412
5 36 416488017
20 42 554880053
16 30 738264156
30 49 262156994
5 33 533664800
8 46 145889955
7 49 133985708
11 12 775973462
4 24 296291305
17 30 450680671
13 35 251892903
38 49 916358644
29 44 79610775
7 16 526668317
16 20 469112866
26 38 995906696
32 39 813391442
33 39 830955076
13 26 54735409
13 33 136829176
33 35 984900408
13 42 216907424
36 45 436850870
27 46 383687014
23 37 863311554
30 32 888394349
3 7 115184980
6 36 660114289
24 28 993737817
13 20 538600994
8 18 269211036
7 23 53484268
22 47 937810789
39 40 486774426
10 33 535100469
6 9 433462756
19 35 758839083
5 41 343919695
44 49 643251065
6 13 633864830
33 41 414490744
23 30 179316130
3 21 32044873
15 28 724471477
11 39 731245726
6 21 193666076
14 18 502612863
17 24 935575590
5 28 689138742
25 48 138002551
15 31 750986319
33 36 596756438
8 13 221835486
17 29 263064410
30 38 373315544
6 15 76681871
28 36 124221121
2 27 317482011
39 47 947944770
37 38 34565034
12 49 10058661
34 45 384679960
25 32 180414156
43 45 805611526
26 47 447638267
25 38 93792107
25 33 515079383
7 30 265999043
5 40 188773731
10 28 307034121
12 13 278509042
29 38 349895562
34 44 344746695
7 24 558996155
33 45 414363762
35 36 676914664
24 48 821792297
23 33 937093946
4 36 86882876
5 18 724275700
2 4 538835899
7 36 438178431
