49 136 31
999995935 0
999998827 0
999996091 11 291730912 16 636274258 9 37 23 335714215 406615906 82956873 317710286 3
843502837 14 33 303706878 953199651 3 1 367038302 8 36 34 14 31 483156401 9 43
999994554 2 489236124 704709062
999990987 1 422664878
999991965 0
999994417 15 39 7 137785215 787588563 32 848243977 242416748 325512293 17 36 34 37 727510773 123224935 836433041
686036581 0
999995645 16 664697153 25 951898549 616446465 50 45 184254768 43474229 16 27 26 625633156 6 15 375402529 743807225
999996642 7 6 351719524 85230835 48 25 861059823 26
73997821 8 498780439 943811745 361691495 10 741984995 589081580 25 45
999995126 15 21 11 662625315 46 5 14925269 25 28 477177565 44 50 440041609 141549499 675961035 19
999999289 1 277827597
999990796 4 482587763 42 17 15
999999964 3 300723672 39 714568070
215073812 0
999993638 3 33 580587933 495964815
933111471 3 1 6 48927240
999995966 9 709141931 986370576 23 46 17 35 974803235 26 700084112
999990311 10 378666121 50 24 326753056 26 4 12 219108787 23 44
218208529 0
999992176 7 153873539 6 620357936 238700674 618189050 386477325 4
999993668 14 183918877 2 541589605 27 560833204 23 994958900 39 929727149 159930826 105214169 496660071 22 28
999993183 11 588373042 605496307 2 32 40 128566775 147269680 860051553 29 6 339552416
86900155 10 890366234 37 13 124828675 216904219 3 542985871 425973277 27 33
999995254 4 374709037 40 15 543509998
682358118 1 10
323058629 4 25 316772254 29102172 40
999997127 0
999993023 9 302951709 12 20 9 641085876 3 34 50 793671693
58822206 7 830657462 92961675 43 5 8 10 964204710
999995849 5 964514845 27 7 763134394 994007535
731977331 1 787642449
350060988 15 798946414 50 406081759 27 7 821845539 133192872 966135190 783697932 46 39 20 6 35 918405040
999991567 5 48 20 608110266 26 27
999995558 0
999999665 9 19 17507703 500423940 31 26 27 638296628 36 47
592341199 9 222918342 177641595 145355128 214452510 944895906 813018515 474482218 3 583183860
467371022 5 47 792723665 262248485 25 24802337
782082005 12 44 599953537 44821803 1 558098433 12 644753465 947537348 25 23 152299855 180127387
999992130 5 278163177 945383965 878872545 453641975 23
999999947 5 17 40 47 370788530 145458067
999996813 13 33 19 40 12 37 41 707920258 48314421 34 329049712 35 139490915 238650550
999991284 4 25 23 795454470 7
999991997 2 14 665313116
233924040 10 4 95434519 14 30 8 5 12 50 38 7
233702966 7 38 98054892 924794833 777743220 14 534772647 12
0 2 41 384246448
29 41 455780965
35 45 63168888
30 33 65919950
42 49 807798648
8 30 23700207
26 33 165940179
39 44 193367182
30 48 563273307
28 37 996815413
1 42 971020249
40 48 956149715
17 21 119755218
39 45 990100300
17 46 877197503
15 23 633005073
6 44 135695143
8 18 670330150
36 49 27342925
10 23 65120513
28 35 41975399
35 49 232982
19 28 627180239
20 29 151166941
28 44 592767622
8 40 608000974
22 23 144667417
15 36 843059238
9 31 648086281
40 41 768424299
16 38 285688732
4 12 134478866
13 18 195248112
28 42 472764256
3 38 246091817
43 47 57732607
35 48 479221839
18 24 348499145
29 38 104082102
3 45 1888325
18 45 352681141
31 43 965670297
41 48 879072691
13 45 761771191
7 37 199438127
19 21 757475457
17 44 636657563
5 37 759027085
4 41 401796040
6 28 907013061
23 48 474708812
2 24 640987775
14 42 580260310
9 39 765365430
25 40 194185707
17 18 86224838
41 44 82175756
37 48 44215404
9 11 418173724
28 30 193440120
30 31 41214786
4 15 955255061
4 7 695386249
1 37 214810726
17 33 651106188
12 38 450102848
25 44 791602157
5 32 932262000
39 48 933093893
27 36 761237581
9 28 169913887
38 49 526662798
6 34 456906607
38 44 65854440
28 40 229381146
14 29 197724885
7 41 62726487
7 9 800984630
18 41 572294793
24 32 560327727
27 28 990135493
22 24 201732331
31 45 954037547
8 48 858632818
4 10 684138111
15 30 719443742
38 41 172365519
28 43 106141638
5 33 669501091
25 36 356868808
18 46 136323340
9 26 21994518
10 32 560089988
8 27 957162560
11 38 691290854
29 35 208302111
13 17 232953563
13 14 168196698
31 42 544028771
18 35 779155252
14 17 499216265
16 22 934735229
20 46 449738235
16 46 153370260
3 12 917905647
23 47 723154264
7 26 64832758
26 37 105795163
9 22 125676984
22 49 609823876
21 46 285480712
14 21 203426886
2 8 228160427
21 31 557941735
1 5 250969449
35 47 705388781
31 47 540728683
33 46 126800200
19 36 386033579
37 40 814738946
3 14 790409526
26 44 63200914
36 42 840591046
5 48 332681380
25 42 84470149
27 40 635752217
7 20 613147593
5 28 888385134
11 20 63319036
4 13 318529920
2 26 635940206
17 31 916990549
21 28 516559061
3 31 872168510
3 16 176477559
10 43 59048215
6 36 782349720
