50 874 3
0 15 31 22 20 23 33 569334421 41 12 569421355 586207759 472131471 35 499228547 284650978 568724379
999997522 6 20 26666837 45 34 39 35
1638592 11 14 615193505 15 395172314 801063906 632749573 977769799 39 9 713635906 497548318
999997779 9 956004372 30 911767481 514386129 36 37 20 620709503 48
999999989 7 41 8 17 358208321 988322835 967101401 138960226
999999782 7 682081645 662353824 7 29 2 14 16
893555507 7 44 9 210526496 31 225256805 565919237 23444060
117176332 1 245296018
999992667 14 16 511718790 20336443 20 48 976184981 15 424446296 42 439596404 2 868098655 1 6
999997525 13 38 70943690 39 29 19 47 48 50 41 8 987814930 937750833 18
999997864 2 46 425674456
999997220 1 512249965
999998514 2 798295485 15
999999061 9 28 305277030 32 38 232945819 21 130709141 17 281206715
999997161 4 277565728 751826651 24304251 38
531710416 15 125252713 33 11 843925451 31 229441298 50044740 665433485 32 17 824484768 34 65735623 23 864476211
999999499 8 14 317508672 23 132411727 141074994 44 20 31
273068084 9 987887022 31 821972118 35 46 47 192778729 39 24
999999320 1 29194513
999992956 5 14 3 375236563 2 384534041
999997659 5 10 44 5 40 46
999990799 7 30313072 50 3 28 70531238 45 321356240
726285413 5 39 546032630 13 28 23
999992390 1 324775223
999993092 10 47 196446948 292750242 387889183 32 1 654778095 22 48 23
999995066 9 591078343 25 34 10 16 44 4 996767037 24
603625037 1 20599949
999995959 9 20 47 203991309 195635565 958597215 28 639132955 50 12
999990532 1 4
999993800 2 694957209 864540869
82657142 11 268196044 241108453 862454966 777301994 39 37 50 13 43 498427971 50815246
688237806 8 22 806125509 100639931 34707448 45 434599540 401574564 822763065
999991492 15 4 1362182 45 39 22 285623080 2 630416760 50 562715027 46 7 37 42 943003191
511261846 13 43 20 26 46 22 966984728 513997213 9 30 19 45 553492694 39
456707250 6 585594034 16 194758327 49800697 846150004 7
999998454 4 18 47 185792980 11776280
999999308 0
999993591 11 452587423 461960064 17 516982695 555514257 3 40 41 885535566 4 12234736
922730553 0
191882950 3 834370840 180618877 987533566
999993208 8 815437666 950427245 218004985 801044193 600803263 27 13 31
999994643 10 830291493 757241164 50 797527080 10 43 336292992 47 48 18
949687481 9 484189291 257295295 803093779 616741711 67078398 4 40 759593394 32
551660253 0
999992693 8 35 516644696 730923347 618762193 869055412 29 17 5
999996013 0
999991403 8 86546917 6 948374165 196063157 44 4 10 18787388
999992168 12 37 9 6 11 8453079 18 194092216 17791073 50766268 43 657745434 48886402
966550202 9 218743513 2 15 675269913 4 5 1 481899780 30
0 6 855965958 813631122 315823549 49 9 41
9 23 82250222
2 8 761078921
43 44 775544878
1 14 28502498
44 49 400199673
15 20 110360
1 33 413743190
1 32 697100856
32 50 21576922
15 24 119038285
18 23 39288477
7 31 714368338
27 29 85101513
13 49 279006656
47 48 61543531
1 28 126242499
23 42 112394860
18 37 913834595
31 48 993766988
12 47 52172013
34 42 270116599
21 23 612019696
37 46 419771175
13 41 911234098
12 50 116946716
6 30 22051119
34 38 22683271
32 41 51489626
14 32 496450063
25 28 105028890
8 23 266588410
45 48 554303698
3 48 118592808
1 36 971955710
13 33 115508088
8 41 63875510
13 26 781442797
21 36 922000825
29 39 837532107
3 15 495078419
8 21 421056359
11 38 963230366
8 11 958581696
25 49 551524413
20 36 50248975
1 30 718058056
27 47 887824690
21 38 400853356
3 28 445532748
5 30 676326347
4 50 101969490
4 48 651698224
3 41 121129765
18 50 937142609
5 12 111966673
14 45 765657045
24 47 506899620
7 36 976762661
9 21 448640104
45 50 625545777
24 25 889873078
2 20 520759165
38 50 320998288
8 22 341664320
19 31 146937937
5 16 32604574
41 45 463225227
3 49 132319712
13 19 963034549
28 48 543016862
21 48 59232403
26 32 460540605
20 27 890077668
30 49 884129688
18 20 523139393
17 41 542639553
5 6 558312000
4 45 43226589
29 46 985011238
19 41 498357675
38 42 107914279
31 35 233372952
6 35 920297749
22 40 155494495
33 44 140187687
2 50 810849871
42 45 712217967
15 27 470584814
22 46 266242795
9 19 646046109
8 28 569422670
32 48 54911008
6 13 104600731
8 50 712077660
6 14 188061209
29 35 74077493
1 23 446430286
12 43 867114991
14 48 378175812
5 25 102576683
10 20 426153545
23 33 422816291
12 40 889849731
22 23 593183497
16 48 100631957
9 17 797991063
10 30 280431618
42 44 355338351
14 24 803556019
28 31 327160667
2 37 130367696
5 7 287592713
29 33 413721308
11 13 796042366
1 45 29833539
2 21 15293320
2 11 517078305
12 21 446874946
3 39 184027066
46 50 268053264
7 23 984320751
11 30 512262704
15 35 918946397
32 45 502301068
12 20 935017063
8 42 566635993
17 40 935732597
2 19 347215442
1 9 713969111
5 8 846383726
12 46 894393208
21 22 904822436
3 25 152303007
12 16 670915899
35 37 96788527
10 48 326021798
10 27 857529841
35 39 50894349
33 37 705885554
17 49 204011355
28 37 87689853
5 41 263836430
8 47 329908755
1 25 77909057
17 43 754309678
34 37 492713217
36 44 638486180
2 14 912690749
8 37 601749386
13 40 127119258
36 41 227608513
16 19 484679893
27 32 143941907
12 24 566647293
6 18 88769656
2 45 48279131
40 47 246338697
37 49 52398309
7 42 923167431
8 29 472641667
1 44 759632852
25 46 31212697
10 47 215406888
11 36 41424568
22 33 85059147
32 47 220726888
24 29 326717583
23 44 250322364
42 47 93497372
7 25 25519652
4 15 440144655
12 31 63759239
5 48 385914342
2 34 115247154
19 37 951497616
13 23 839075232
6 31 258276408
17 32 961765849
5 39 519224076
31 43 143355919
27 45 24250593
8 20 769467233
20 31 774522290
28 38 674144016
12 14 689275605
2 4 902803040
5 31 773462450
17 44 520936314
1 46 935236176
21 34 320974915
9 32 76588640
6 16 450380610
7 48 735370777
41 42 661064693
17 22 267853227
5 14 711394425
7 28 726052472
16 43 495588346
18 33 205683958
3 18 221110774
16 45 721912381
43 49 729412524
28 41 90476090
3 26 507267972
3 12 739048657
25 36 617478760
19 43 840809383
15 17 855535046
16 26 185038532
9 30 683291362
7 49 26053052
2 31 597511928
16 50 580580148
5 47 105196636
13 31 967865339
25 50 533740018
29 43 302737573
1 29 37668900
10 38 366017730
22 44 123958630
24 41 225696109
5 35 625736385
27 40 514329463
23 39 495202002
3 27 850387519
1 34 4776103
28 47 278211853
14 40 186095149
6 12 400421007
30 31 350088808
22 49 322631896
21 44 910580415
12 45 999497718
30 41 723615833
9 29 345702537
17 50 175614537
4 6 294044555
37 50 490420487
27 34 135138703
42 46 360258362
3 38 16632203
15 25 419515847
19 38 967322494
2 29 858668759
4 18 749419130
42 50 588546197
3 22 945102743
9 39 549936844
7 21 152408629
34 46 15148610
31 38 973643489
26 34 922026161
24 43 697146771
40 41 781094764
8 34 250585487
1 27 522844397
10 39 506387589
15 48 414578095
11 29 547971237
1 39 546486286
36 39 334520771
5 13 221957742
20 30 339191796
36 43 929256676
17 42 897963612
14 30 842227940
46 49 840201135
26 44 844327848
2 28 29217099
24 38 74666081
10 13 619292088
18 36 399536625
2 46 539870720
18 28 156938814
2 39 939877924
19 33 90265026
40 49 543490284
6 26 259054910
11 25 936633704
10 42 226798855
24 42 837749573
38 41 411237119
20 26 685797246
11 31 920331315
8 27 586020281
10 21 847333280
10 50 592507872
22 31 36024748
3 29 913500975
23 45 925253250
14 36 748905012
16 28 685326647
23 29 32773746
11 19 27593727
8 12 985209492
33 45 509037467
46 48 28452079
11 33 205942475
4 30 880872255
16 25 134296372
26 45 973787536
4 36 229753959
26 39 933532259
43 47 403706701
44 50 163774971
30 33 257961186
17 21 49510929
12 29 57591630
10 40 740185739
30 43 756724826
16 47 897126992
26 50 253386998
22 27 891069581
2 25 344861099
6 33 290635964
6 50 796383426
4 8 165819825
13 22 683235257
36 47 144432442
19 44 798901668
9 50 120934611
19 36 73403746
21 43 852667037
40 44 810279268
18 22 773729786
15 43 23280709
14 44 537799088
7 44 448952200
2 47 588513529
26 29 758359560
39 40 125487119
23 24 996089343
21 32 433396721
18 34 243175379
29 42 471299260
22 24 738552925
43 45 951456251
12 33 320228464
14 26 647984749
17 19 102008767
16 46 402544527
26 48 945087664
10 11 401957181
20 40 74244987
33 47 40369512
16 32 574652905
7 16 239863882
12 44 162196277
33 48 102583199
36 46 103606115
8 26 299965053
32 39 723665384
22 43 506632062
9 20 760577294
3 19 26917930
8 25 428847696
17 38 987875535
44 46 74838774
32 36 473007925
3 11 85336127
5 49 834204657
6 36 384266770
1 16 83247631
8 33 599845492
8 9 951834701
1 41 317262342
22 35 250643350
7 27 208253759
4 31 937337924
3 20 764408572
9 16 831417112
27 41 98751012
13 46 272224330
19 29 914158064
19 20 175189897
6 47 111126042
30 42 511999574
8 48 935979444
5 11 746888561
3 4 486110736
21 37 944309245
24 33 655555717
5 37 696817154
34 43 804744356
2 32 832640527
23 27 303443633
13 17 467441899
19 28 40899340
6 8 428300781
5 17 189931186
39 43 807067946
10 31 612885231
25 29 501482742
26 42 619347426
18 40 789722312
22 36 652127266
8 30 761347589
44 48 781500502
14 46 24008809
5 38 944836170
14 31 7914137
11 20 225739677
22 41 502990798
15 41 920054966
25 48 74212772
27 31 387298607
16 30 116076083
19 50 52864587
4 43 254081214
8 49 718446478
38 46 630186524
4 29 630351434
34 50 530773077
34 47 554731558
6 45 850613144
6 17 263947571
7 43 452880233
12 38 38916018
10 34 608842616
8 32 592195311
21 31 773989839
14 16 416852455
27 42 832194106
29 48 360141096
13 36 994445404
24 37 130078845
14 21 154194020
9 36 721198742
21 28 24798564
5 50 92265332
7 33 333047082
30 37 438971691
2 33 550932853
30 44 446831047
11 41 994407748
14 38 547863558
3 42 18520274
9 13 363496210
25 26 286949404
8 44 789506051
14 15 507257582
45 47 758543085
20 28 237564228
6 46 51451400
41 49 313221181
34 44 842807202
49 50 204962336
14 22 284711927
4 26 464699305
20 33 620703360
15 39 770569330
25 45 932537341
6 20 985799281
19 27 197353038
19 30 872187206
39 45 406659843
12 36 611476686
12 32 893412739
1 18 349977458
23 34 963920056
24 45 941097220
15 46 161983252
13 48 793538853
21 49 606987448
26 35 178238151
32 37 422377912
21 40 101290428
20 44 295446138
19 24 503465153
9 47 212354745
26 43 332174615
23 43 607613497
28 46 636733866
19 47 645208565
21 29 298406725
2 17 502426313
3 8 120888581
17 20 238079852
32 38 111104741
20 39 877698294
8 35 925274457
4 11 943183074
23 46 507507809
22 28 966170945
28 42 583944739
19 42 239141671
14 43 797540275
4 28 712287005
47 50 200297755
23 38 126018167
38 39 671656893
40 46 738208423
16 40 145370394
3 17 264521962
21 33 526388276
27 30 103367081
11 42 294812811
14 34 183260321
34 39 137695718
21 46 813293580
17 46 180473305
18 25 490276160
12 18 751706769
2 12 117320423
10 18 265091438
19 26 450709002
13 50 871783068
10 19 434326507
27 49 870238402
35 43 978661300
12 28 693585074
38 48 553322113
18 30 981094886
39 47 790718503
11 40 886013697
5 10 397980114
42 43 361480035
2 41 897016932
22 34 943335790
14 49 917707678
26 33 110192295
31 36 997691908
6 41 262366807
11 43 704161528
24 35 835899585
20 29 234264588
8 39 469883910
8 36 370398894
7 24 376685485
38 49 127318454
27 39 470162181
1 43 34218886
22 47 266071193
2 48 649861722
8 24 798089523
13 34 122866912
22 37 788502430
12 27 742773531
27 37 257609937
20 35 888507147
9 49 834790588
7 17 475510531
3 9 615391139
25 27 608169645
2 30 859543171
16 17 107292156
35 38 113303017
1 31 866380269
23 30 925263210
28 49 441297542
17 18 936327742
2 22 336667253
36 40 537239624
26 31 333248463
41 46 231408545
9 27 740875432
24 31 49560047
13 37 223389981
7 39 767328089
11 14 509544160
19 46 419564075
16 42 661609313
3 47 610863708
18 48 912241300
7 9 749264276
27 35 111996001
31 32 770219646
23 37 967971243
17 23 233136740
44 45 954825180
38 44 375491666
40 50 530744415
14 27 617119277
3 32 942519249
13 24 438210372
19 32 716351328
33 40 921416074
6 21 95674241
29 34 610982925
6 32 920923051
18 42 66487084
39 44 603388272
25 35 39131360
39 41 144165997
10 33 725095571
4 49 736813382
11 28 499724491
23 49 230671652
17 25 874208543
37 40 206323835
3 44 330287011
4 23 875226064
13 21 5668506
21 24 489015569
22 38 831332195
25 39 681931334
12 35 406726
26 27 587042359
7 11 709195471
6 24 311806183
21 42 535232235
2 7 387394629
27 48 168693711
9 22 856833195
1 5 643773531
25 31 60353872
1 20 690864895
5 21 78279977
4 13 611512943
44 47 165701182
20 34 682266868
16 20 45697119
8 46 132952119
5 36 722211677
22 30 68980537
7 38 128954983
36 48 82637422
23 26 344202200
9 43 839448595
5 20 999266089
11 26 969225127
30 35 162315370
29 32 552748951
42 48 209139773
11 50 512923594
12 41 164656085
8 31 222473468
21 39 877864053
10 14 695609033
10 37 902605880
36 38 486609939
45 46 221318691
5 44 105459528
1 19 378127548
3 24 619072636
10 12 133162951
30 46 142046300
10 49 100904135
15 40 388590017
4 34 416606198
31 39 684884861
22 50 96704071
2 24 791615485
32 34 967816619
18 35 132192908
34 35 104330437
8 38 459532415
2 26 893082910
34 48 891170017
10 43 214932768
22 42 501120444
39 42 951056766
28 44 643574037
11 17 895511048
18 49 67037511
16 31 933677662
7 19 893379527
40 43 364313404
14 17 562498911
14 33 877252232
32 49 907585223
16 37 166011015
12 26 12264499
19 39 637142282
20 41 182820732
13 28 118709871
10 45 52687118
28 34 32140622
7 37 826760240
12 15 728425206
23 35 92285266
29 38 498236473
3 30 250033655
4 20 228208859
37 45 47196249
35 47 212257086
9 26 792076461
9 15 26931811
6 22 289878376
34 40 560291827
28 29 221181845
2 27 861672987
4 39 601284685
10 16 970130116
9 24 526497981
48 49 174359025
8 13 918207245
3 43 161997094
21 35 387661725
28 40 685806168
13 27 200699745
15 28 94672148
35 41 128847705
2 9 502149869
31 42 490710755
29 31 743941540
24 30 593959743
11 48 838277913
31 34 204460837
6 11 328322054
22 26 64512406
35 44 54774768
4 42 27792928
30 36 3476900
38 40 312010517
28 30 702828977
11 46 439862672
24 36 210519170
25 34 771621435
1 4 839952808
14 18 627627084
20 32 679257491
13 39 894541576
40 42 121863957
18 39 883492488
32 33 534993934
4 38 657899793
1 42 783240894
9 37 511573265
12 13 806180075
9 31 33549916
17 45 41326746
17 29 11542880
3 23 894639314
6 7 817031305
14 42 750529206
17 26 23519172
13 15 223794270
41 50 504871155
4 27 869579512
33 46 500876941
25 33 188884886
11 44 846858497
2 40 402018508
32 46 316392628
9 40 887048246
2 3 422240337
7 26 823355129
3 45 885253609
18 46 921980233
1 3 157619267
13 47 851976005
6 44 807328838
33 49 99199186
13 18 126461204
11 45 553079986
10 35 225868493
14 41 491147580
29 37 419123354
32 40 136191453
15 49 953881021
31 37 85458523
8 16 509163744
1 12 514937277
27 36 184357148
48 50 949218617
6 38 961943299
13 44 523114853
37 38 581997599
6 40 786504831
18 47 443609086
29 49 188313298
47 49 786582391
16 38 447237270
37 44 425143316
18 29 646254428
2 43 164217476
16 27 607662044
15 18 198075656
12 23 920314923
9 41 412033181
15 36 724409217
34 41 228277216
35 45 700797670
2 13 722354458
16 39 371249968
35 50 531920020
26 30 540473824
31 45 91540493
5 15 81757209
10 22 276172519
2 38 748224495
10 15 312240937
31 49 966287564
1 22 183518562
20 47 892749394
3 14 461168730
17 28 674560924
5 29 717199031
5 19 352237111
6 39 567693797
1 6 310549735
23 41 988083046
2 23 123148929
2 15 691251003
4 32 301340050
6 34 932917772
3 31 112846218
1 49 110483786
2 18 460508003
15 37 670768972
13 45 594586793
13 29 675448710
6 42 673899997
7 13 349539013
14 50 537233933
4 17 454656888
11 15 869362976
3 10 698807225
10 26 227396175
18 44 49934392
17 47 62514452
43 50 283333471
26 37 785559926
13 25 107010803
13 43 245368660
4 9 451841676
22 48 762233826
7 35 814135872
20 23 224970829
27 28 167303633
16 34 933424045
13 32 609988428
9 14 769733157
22 32 352847980
1 17 403886583
2 10 230898258
9 25 90667238
30 40 641761704
26 47 613081688
6 48 974811443
7 29 379068631
14 35 550922151
24 28 258976207
9 45 429952629
4 22 381249258
36 50 98668148
43 48 924249485
5 33 675009379
9 12 722484930
40 45 543628323
39 46 283156081
6 28 445288899
12 49 141274659
7 40 955083186
21 26 540855811
15 30 465323045
14 28 914096802
37 43 61226896
27 38 233819569
36 37 509536394
26 40 793468489
1 47 634774832
4 10 169377467
4 44 116733317
5 43 190157920
3 33 870750261
32 43 287404570
15 22 552170022
39 50 108122464
1 21 35551926
41 48 142180539
19 23 421419066
24 32 369636517
7 32 934383051
6 23 531374540
15 31 71041263
1 38 904640337
27 33 747593704
19 25 868116656
22 39 670912903
7 18 377205010
1 26 384104926
10 36 562735025
