50 15 39
0 14 704914272 42 87757899 90626908 38 21 25 288371180 9 990276154 20 48 5 1
999994175 2 784551077 24
999990588 12 40 746147907 12 28 11 234249629 1 9 6 25 573176217 120848762
300495210 13 80012111 44 35 387261192 544659883 10 631400062 34 426628486 631354078 148600137 38 11
999991086 16 8 313026815 10 48 812341648 145135857 46 49 249198603 676129685 428431837 29 42 36 567770880 44
999992677 8 231980617 120365111 47 520661982 923433593 679328955 114632254 38
145269375 6 737553358 18 35 47 24 158345325
999993289 11 808073759 767343770 6 15 984098359 32 679950185 20 41 912749112 19
560572757 0
999992606 7 349395146 408933928 351268502 125316697 10577562 41120780 237985259
696005300 15 25 36 276458920 749247837 970006981 23 32 884515031 14 38 919049416 11 407661699 40 954293941
999991142 8 588275548 29 211340895 989886961 44 170308093 5 616631715
999995846 4 25 28868774 745847236 45
740350092 11 824979232 243800340 2 14 21 18 198047104 802807121 479867429 639209727 210422652
999994592 8 963119178 326691873 29319681 11 49 649580361 6 17
868197692 12 534967871 758940084 547451182 851799288 50 43502734 8 634465862 27 532473811 914316676 33
999993207 0
999994529 7 514134713 25 248805644 545008934 484414732 23 31
999995310 10 629713502 109597845 764428993 25 890407344 21 22162386 16 143060574 5
999998119 2 379811526 19
999997993 12 576592337 827452376 4 520247973 25536535 654952320 797139994 40717726 228589100 452327524 23 214954955
866282254 15 50 354239690 32 915651255 984907219 406495387 721242275 939186051 475569776 688846579 906992899 893553717 327639815 76334027 42
999994252 16 239917618 13558538 48 49 20 18 274193835 4 486401475 835728581 774729490 509150785 10 411242015 12 11
999990652 5 346641662 60876041 31 875882254 666965178
999994019 14 6 808406418 50 11 9 350849276 35 23 31 877419364 428379623 10 230886493 27
999993413 3 43209552 323893710 42
313247287 2 22548184 48
999991366 1 35
999997525 9 14 7 491651419 16 34 752700826 50 2 144436242
355117446 9 40 133854964 16 3 816567939 7 338489017 42 113463277
999993441 3 14 49 80802195
999993856 1 24
999999338 12 10 29 49 754796874 50 23 467151243 886724680 901622765 35 819443592 790403058
999997247 11 28 42 46 34 35 760859542 14219176 286569624 625448374 49 6
44255010 9 12 8 158464678 354834429 550505002 455663183 435358531 34 42
856885005 5 4 720932119 18 333378014 619420009
370190059 6 34 373360862 517335400 48340024 439561593 50
999995203 2 760173989 922185766
910506717 6 11 4 572565887 117126219 766821801 639789737
999998614 14 50 76820235 79095897 627555067 743645145 371868192 35 18 999976667 49 32 77568197 139201545 821491076
999995841 10 5 719493311 603570742 255337912 39 403708153 37 758745586 776861172 475879226
999995856 9 40 33 725426612 4127155 251983358 845576632 2 41 22104543
715832167 5 185364318 41 124190901 408882961 30
999999074 12 27 111519012 9 757175326 686999258 943840616 38 132401385 673454650 58910426 20 1
362058453 8 33 934911182 927102063 4 886713852 80768643 81689605 17
999999980 15 9 36 23 33 26 32 714377835 101520935 43 825060577 16 814571195 593069294 734112229 623822691
999994944 13 167994078 47 609345388 81893561 577812851 16 5 28 11 29 58560656 405214670 38
999992799 1 23
999993738 1 373329932
999999639 0
23 36 34206866
15 44 106186004
7 30 956640287
8 14 369970185
7 28 79898886
36 48 170314513
30 39 352347644
13 27 277033266
10 13 499883528
11 12 121071053
24 26 380575261
10 26 703022215
13 45 77903013
1 3 698752052
38 49 322708859
