46 821 3
0 11 30 32 427786351 47 23 784484894 812359862 35 31 6 612533141
794401206 1 828549597
999990457 4 189316546 11 21 2
999993884 5 35 23 391045654 29 33
999996054 6 348014282 677656078 60488426 750907642 45 28
999993228 5 9 26 78754578 16 449391491
999996387 14 5 943284543 244285218 299858766 58727806 11 392042039 20 111627266 59874527 622050301 38 46 43
399952486 7 516203079 628533546 297291775 14 49 711403378 699811253
999991648 7 404992836 36 22 18 763312155 34 904482860
999999394 5 35 23 703746430 893675666 17
715606642 15 35 364225023 14 633337199 775395587 110119783 23 28 39 45 27 108013875 574198962 667978761 142837193
999991113 0
999996176 2 346214953 1
999997811 15 27 729056612 9 2 26 375044637 23 21 131074549 48 49 755236023 94006482 187394796 3
28296150 4 615589740 810838126 576264771 15
112565131 0
609081587 15 363049904 425353417 45 687157225 612140814 733905211 842559261 692333437 31 50 20 462533937 340967965 47 36
999992053 15 181179250 13 666777355 35 10 4 855689557 18 1 26 126699685 299770613 31 234509818 23
430377252 4 18 115518312 3 27
999995841 11 122343001 3 48 357723737 42 41 21 4 991410743 33 28
780207385 4 45 37 8 9
999997205 13 856838341 44 498990706 645797767 58935667 43 642292575 38 14 51873445 7 725970237 9
999995710 13 971744495 46 389368331 48 587834395 98350997 25 33 391674601 140392260 491595699 47 515513010
945314264 13 301408328 286922326 310198697 932078652 49 632716349 26 27 68651631 167793479 3 20 317288700
627313751 11 373692964 146915841 415908893 850022748 996288025 662413645 184572028 15 44 94625968 14
311144888 6 19 93966618 34 758442978 375423990 40
999998440 3 776780378 36 4
999997998 2 805751791 390861839
999994666 2 13 19
996037951 2 50 121047111
999998969 11 2 43 195698032 414006997 810392133 7 3 13 350338884 897061184 46
999990336 9 5 61449494 878781161 746417389 829332635 203022994 752255064 730918085 4
999998421 8 10 34 637634322 45 42 725282174 28733099 806018247
999993843 1 21
777878605 3 32 33 10
999995908 8 47 433539282 4 938181300 738424472 119548641 39 968345277
999991050 8 16 619438426 700568945 455556851 132489469 11 783706391 544259615
249333112 5 34 42 268236237 134331232 992113039
999997723 1 43
999998390 3 73111212 672218793 41
999991141 0
999997483 5 866566220 567541099 978586308 1 134855829
999992776 7 651800002 115294897 251112370 18 350762929 9 48
898709449 4 519652881 17 534264978 651973527
509939546 4 1 39 17 884775140
0 6 935546239 2 50 36 982684173 497974984
22 36 360699304
24 27 502574378
23 39 929040176
6 45 859735423
2 4 588137125
14 46 113141389
2 17 132664059
1 41 23800439
32 45 47907975
23 26 659324308
27 39 704909963
22 38 866506595
1 34 149619158
3 23 177141561
2 40 516995000
3 38 25228997
12 18 490777371
21 44 824356403
6 28 559873802
1 27 118677737
8 31 765675429
1 39 423864926
7 18 405033718
9 12 542088730
4 30 259528393
10 24 998824650
35 41 203431348
17 42 946982172
18 43 78389408
36 43 222075464
7 14 85670879
24 43 178111414
19 42 775107835
1 21 848782146
41 44 391592344
2 25 188025266
36 37 904311711
36 46 55607258
31 44 912071907
28 39 467319825
13 20 504141728
6 8 841071359
27 44 36508422
4 19 913139931
2 43 617209965
20 28 267831292
33 35 382519855
16 30 131845443
3 36 300926872
12 27 197642028
29 37 653120174
2 29 702303339
15 22 850073836
1 19 424326369
11 35 60639287
12 33 491295097
9 39 210307018
7 22 977386793
11 32 825452688
25 30 66745972
17 34 878258470
24 37 850576198
9 40 633036319
14 23 123438716
14 42 520598284
21 32 478998756
4 12 706748036
16 36 436183045
8 34 644245394
3 12 876516668
28 43 604671957
9 19 974698398
2 6 552694571
14 30 914310765
8 40 547644618
23 38 378358966
18 25 20666702
9 44 539197762
25 36 916389507
18 46 440182561
14 28 983717219
12 28 315738951
44 45 952999762
9 17 804836180
6 33 464947760
4 16 7162539
6 30 901680964
8 12 737115042
3 29 638978830
7 16 537555496
20 42 190031598
20 44 465042885
8 25 997365977
3 31 864401319
18 39 371909826
7 41 55775977
9 33 76281548
8 13 751125002
2 31 975953273
12 16 331559168
7 27 89830381
1 43 215553452
5 42 25615345
3 11 150919581
28 36 161643355
12 34 556250325
5 11 309422242
11 15 562373252
7 21 730566559
43 44 925576404
9 29 583874801
22 43 310619781
13 34 57900010
5 36 394470361
26 31 322738667
17 21 32303370
21 43 917267585
8 19 109113094
28 40 905558018
18 36 312509807
12 41 653540455
25 33 418876324
12 39 742569693
14 29 122267265
3 42 260540497
5 32 428128987
12 44 586745104
40 43 357087997
6 9 505526253
19 34 236047451
20 34 330104236
22 42 945866670
8 43 221240345
1 44 895287452
8 11 872561493
24 25 46516086
36 38 781590094
11 30 194097346
15 41 299158336
28 31 702328740
28 29 69240982
35 45 109146832
9 25 574239197
31 33 858180253
6 35 70309536
23 35 613063072
2 30 67611228
3 35 352818294
19 21 171458559
27 30 415649934
7 43 13452060
7 42 422638350
12 22 780074779
11 22 171718290
33 38 785616657
21 37 343964649
11 27 857021107
25 40 68392778
37 42 919346308
25 37 216058456
2 37 873317086
11 21 95102318
2 28 240567619
13 24 82296236
19 45 401059061
18 22 308562581
7 11 812628539
18 30 62069624
12 25 200452977
2 32 524452783
21 28 960351293
42 46 398476327
7 31 174045264
24 41 953665407
10 27 245958487
15 21 788080118
20 45 998845389
14 37 765236588
5 10 36135751
16 19 356471888
33 43 197995344
28 41 704222282
1 15 248751750
17 46 455843551
25 32 79817
17 41 140307063
16 22 701230117
4 28 482836212
19 29 5652494
3 16 821183302
4 34 458741832
16 27 75919255
17 18 197478559
4 26 254549282
4 11 541205016
8 33 670809119
7 24 276055637
7 45 602340593
11 39 993839656
14 40 826528464
6 42 890996828
33 39 659383284
10 36 505618915
24 40 172535027
27 37 283753817
29 39 320431443
18 32 308014452
17 45 905115571
3 17 942539242
4 25 739107318
2 13 623202374
2 39 75460968
31 35 489980539
1 37 276581748
29 36 588502055
8 41 182772369
20 39 922462088
17 27 776758530
12 42 689407851
5 44 644385114
18 44 795528236
6 13 420690019
25 27 66199957
4 8 609035696
1 5 190503146
29 41 344999808
12 30 463092152
4 45 565479880
13 26 803295039
13 21 289409235
19 26 797688189
35 38 576328678
9 43 166853607
20 46 853263983
5 38 154897115
22 25 681939476
7 23 167498356
33 44 906484389
30 43 280951436
34 43 242437511
14 31 568695801
19 46 137676451
20 27 712930796
7 40 984860642
7 33 397734309
13 25 465571982
8 42 598967831
3 19 620605477
6 23 100020570
2 18 622082893
3 28 824034907
3 30 57859386
25 42 259168215
32 46 77747926
18 26 184896561
10 11 864090582
3 37 760139105
26 39 785380313
25 29 557439713
15 42 546844790
38 45 749543533
10 23 3112870
21 33 906833783
2 27 966849151
8 21 950104157
2 36 114288388
3 6 597987116
38 39 470705028
5 37 989007898
39 41 102307683
10 34 868638389
7 29 927496819
5 15 820681647
23 40 659396450
24 28 40667140
23 29 185811732
30 40 71174362
23 44 843754739
20 43 665159298
5 45 984862496
1 2 104568636
3 43 94435220
7 28 123815007
34 35 412227432
11 45 113593201
4 7 139243713
21 31 333449729
12 37 168558138
11 16 337166717
14 34 237285438
12 31 886712178
3 14 20560880
12 20 464538121
6 36 935894683
34 42 379952210
12 36 449993576
4 24 724940764
31 46 187076596
5 24 962085394
31 39 666611377
21 46 113839141
19 36 615459239
7 35 577628324
11 37 306452948
2 45 317004667
6 37 145145248
2 8 966835553
14 39 14119734
21 27 735054448
9 28 118620147
18 21 575804297
6 16 599527502
8 18 965558868
11 14 854533533
14 36 90940829
3 20 560871911
33 45 32032702
27 40 357101542
33 37 665381229
13 29 524456064
31 32 207292874
30 36 38619090
30 41 687823789
15 28 163051155
25 44 855269591
4 33 390401245
6 19 850285022
6 21 436851651
19 37 481565547
2 26 301037207
30 45 517562796
18 34 629802696
3 25 743272970
20 22 11772873
4 37 502975078
5 18 96072796
23 33 58346599
23 42 589429082
11 12 39947059
5 25 874081327
26 45 34151537
23 32 31323240
32 35 959444020
9 14 257829503
5 13 464592776
1 26 866032293
10 39 125808530
26 34 384267419
23 24 187771929
6 25 982768400
16 35 784785579
16 40 253531309
32 34 66049431
8 29 294335267
26 37 447956978
1 7 706245842
28 35 285415515
33 46 71577775
12 46 58260322
29 35 390901805
1 30 888273986
6 17 357525020
23 30 457801789
32 39 735680365
10 15 990349081
22 29 41353426
14 17 502322662
18 40 470783187
24 31 990361476
19 40 379401285
14 43 786051398
19 24 772943318
11 43 675732558
9 41 21359150
2 15 173928370
5 23 256845975
10 25 521711403
26 28 781317574
23 34 208679784
38 44 330119611
16 33 940479406
6 14 826679874
9 16 666357770
19 27 863690511
4 39 767614216
1 42 947554050
8 27 33771624
13 38 477648877
5 30 417534812
19 43 296013411
14 35 911268980
18 20 358698239
39 43 19746731
10 33 117526276
15 17 362046454
16 29 132488081
9 20 819118921
34 37 597844277
23 46 961663717
27 41 847228640
2 16 409659285
17 23 135459897
1 36 220312760
3 41 5451440
10 12 964633150
6 12 934343455
27 46 706840587
43 45 13915214
28 32 138090209
18 38 660046534
12 21 431603726
5 35 802662520
13 23 604218919
26 40 588715689
9 45 567074287
30 37 147676918
11 31 935759720
8 14 125197183
4 15 601278290
17 25 498952754
2 24 137146176
28 37 146846272
16 31 578854254
2 10 275606782
12 29 997235678
22 44 69597476
2 23 728187928
4 6 532078402
7 30 125283143
24 29 750805832
1 38 261771121
10 45 374123705
9 36 886652267
8 37 58636023
16 38 482485861
13 18 906358348
40 46 990884985
20 31 316135150
8 10 771515160
11 42 991716403
1 17 527395246
1 22 902622945
28 45 786090225
18 28 293022723
18 33 113044491
9 11 308763500
8 38 647344008
8 36 424862802
33 42 34724443
20 36 874443182
13 37 41087601
4 18 136842339
22 31 391555204
32 44 159260878
24 32 44719420
11 38 489370256
23 36 64807510
8 35 385246894
8 30 531727249
30 33 467303804
12 19 427130875
35 43 872103701
2 38 311470859
19 20 313503859
2 11 632981679
15 38 863405604
29 45 673781273
21 42 263590919
12 32 158258134
17 30 933439543
21 35 278861779
13 19 480124922
2 21 519835702
4 29 47083373
1 29 396157783
22 40 548851041
3 46 142970832
3 40 750279890
31 45 422953947
18 23 653153343
15 32 104247141
34 38 435037607
21 39 74355943
37 46 400913945
7 39 826513024
17 24 288107981
10 17 462195988
5 39 301560442
2 5 486121069
3 13 886110991
22 37 715547343
15 33 410600212
5 21 560949475
20 41 17992567
20 33 77180201
17 38 892355398
22 45 892737558
29 40 517004810
37 39 731054233
34 41 199707577
6 44 104788592
31 41 515458411
25 35 108564811
36 41 401532620
31 42 18179018
27 42 181997433
13 28 427638344
1 23 444760885
4 9 605994097
7 15 972491239
1 6 133899360
10 35 422150694
27 43 897272345
29 33 846246770
18 41 562106960
2 7 38410185
28 34 238802606
24 39 938912833
17 20 223403799
16 25 794569646
23 31 333121765
15 18 975309176
2 33 274197426
12 14 749347926
15 23 882823511
21 29 268398523
31 34 144234856
9 46 600908844
26 46 334737422
5 34 522350129
12 13 198142662
2 35 268772635
31 36 967145260
33 41 636829035
16 39 400647271
45 46 432131873
37 45 112998462
16 43 347045495
1 31 680027460
3 10 119903761
15 35 523265287
38 41 137122896
15 19 783884202
24 36 561523694
4 40 37703703
35 44 867982355
1 4 497150487
19 30 377824335
6 11 196956808
32 41 507361155
1 8 298568400
24 42 36405816
3 33 51966779
16 34 651279101
21 24 332361081
16 21 999877911
5 17 864517848
25 41 375642862
24 46 727548897
22 27 619540024
5 14 873556729
6 32 558648019
12 40 329310071
5 12 687519312
13 42 951125721
9 37 828903659
26 41 986889844
17 22 366293686
16 41 248760784
23 37 623367211
8 44 493788350
3 21 289264583
6 24 612762280
22 23 859224598
21 34 307106703
3 44 663112831
31 38 523836054
21 30 403886997
38 46 10749554
19 25 84445705
10 14 138803125
13 45 916602099
4 22 778658837
12 15 17065942
7 32 5501273
24 34 313574187
19 35 116194625
17 32 562628523
6 20 120262565
6 38 774300784
16 44 605650444
7 26 460549049
10 38 511690815
18 42 835148973
15 36 808358704
10 44 336831995
38 42 685460392
20 37 72854796
1 45 388846228
7 10 196571551
30 44 582870240
25 38 598669825
30 39 965500858
8 46 280538120
5 46 435667818
39 42 218165393
3 34 344768869
20 38 875837462
31 40 248183190
37 43 378900051
11 17 335613814
10 26 3703721
6 41 821682489
1 12 337709784
22 30 871511956
15 39 309908919
12 17 896943423
37 44 5963412
16 46 69877090
11 23 653240406
16 32 193856786
19 41 104412224
13 22 255152944
6 10 395085336
26 29 543752470
17 31 412394378
9 13 194750135
23 41 752956840
29 32 50205670
34 36 79477691
5 26 329980661
10 18 81132525
18 31 150481705
7 12 794401067
8 39 226113818
8 16 430936405
4 20 24079974
4 32 958596256
3 7 368114665
6 34 635085402
30 31 832699682
21 36 643749770
4 31 168610581
15 16 43882439
10 16 192405936
17 36 140533876
11 20 217779443
11 19 601827031
9 18 161278687
26 38 441136292
17 37 696385921
4 5 807363107
27 35 259937677
35 39 704731515
3 27 824673657
29 46 392435827
4 14 92329398
29 30 537339506
2 34 137924909
26 32 479756229
7 9 409614777
29 44 852717440
2 14 546989207
15 37 995655365
12 24 703288919
4 13 948176748
26 35 13897057
14 45 825173437
14 38 226531920
9 38 754403425
21 38 574754570
9 21 561095266
13 43 888057551
31 43 928023945
20 30 384689418
1 11 208829655
17 28 880586628
34 44 274214765
11 46 221124268
17 26 988360078
18 45 411694490
13 14 29120729
8 45 397109383
20 29 551942630
4 35 89231819
38 40 379879582
4 27 305701657
27 28 183586707
25 46 891925969
29 38 72258018
41 42 371907176
14 44 923435932
4 10 47667470
8 20 385102341
41 45 25069882
28 46 898237627
22 39 15031947
25 28 714872268
7 34 339201576
10 32 740815335
2 42 425677302
9 15 797452486
14 16 914186114
32 36 777654518
5 29 797682547
19 31 787760172
10 30 688549263
3 4 127116228
15 27 466395855
25 26 710041172
4 42 590713690
3 9 928230106
40 41 93186210
29 43 575436021
27 34 762433621
4 36 565853883
7 17 141978975
10 22 772006233
6 27 49378264
4 21 567309874
7 38 957122340
28 44 721683235
28 33 623815204
1 28 86921037
37 40 66050734
32 38 581676794
25 31 110273711
7 20 967542763
2 41 858041976
36 39 340880408
20 35 711746490
13 33 513619222
16 20 975073363
1 20 762406905
17 19 392835259
41 43 576545140
22 41 242335879
20 21 848145552
7 25 999544188
8 17 956362139
23 25 584545149
5 19 574875696
5 8 605494887
13 41 750795130
6 26 937913593
13 15 789045161
14 21 850926179
9 34 208418250
16 42 145838892
30 42 555483871
42 43 5574636
3 24 888631749
15 31 135290087
9 24 966577947
25 43 524360240
2 19 905461900
7 13 18528073
11 26 656240598
11 33 727788757
9 32 940076172
24 38 203743968
13 17 20395134
18 29 736818418
6 43 585702391
17 35 904671241
35 36 273847812
22 26 978247974
8 9 863189093
30 34 604289563
27 33 953405038
14 22 457739828
29 31 90071542
13 27 44237236
33 36 100290858
16 18 710896922
2 3 142761044
34 39 474521064
7 8 674343739
11 28 97002264
13 36 799029495
22 32 106265093
14 15 469468436
9 22 87873217
31 37 903083829
22 28 867457271
22 46 673328933
11 36 272904859
16 17 653981349
10 20 67261670
2 46 941684437
26 43 352188290
32 40 545315832
12 35 100118009
19 23 743081539
10 42 184738402
21 26 903826480
10 29 467504690
11 29 80549263
3 15 558468796
1 32 100057036
8 23 545154661
5 7 456155868
30 38 94335499
15 26 987717965
13 32 569442126
2 44 792272110
24 35 866364233
13 16 600856120
15 20 262280214
11 44 16118865
37 41 738565042
36 45 738022108
28 38 145756611
20 24 613963988
39 45 654720813
10 40 835184176
6 31 192439696
34 46 722967696
32 43 106509962
9 30 300888713
10 37 492604414
