50 102 13
0 14 14 390762475 137447255 41 21 48 18 3 97627604 4 8 19 160515770 490262
999994014 4 20 55533895 46 16
999994151 7 26 828234409 28 19 948851968 23 40
999993642 4 16 11 1 109948208
999994189 12 42 48 1 2 41 545962528 265898286 384571953 46 26 223476561 35
999993224 2 486892229 886433483
999997083 9 19 30 44 15 603147282 353465932 383601004 25 29
999999939 13 13 9 16 113861213 20 17 59239076 18 270613260 12 48 125841693 45
757166013 6 41 44 49 682049296 516223340 430063589
925555475 6 260968403 7 38 754225840 34 300714358
999994547 14 48 3 955666037 33 18 20 72787429 951361891 642386542 2 24 4 35 44
999998830 14 42 34 37 19 30480518 39 53904481 86750657 419931764 9 450467747 20 677775939 18689861
337117783 6 14 765915765 22 26 9 23
200081281 5 104001743 23 556639200 41 890379847
999992044 2 23 49
999991843 8 44 50 751637740 165649997 49 656751455 27 6
999997248 8 22 39 17 850837735 885391191 658333371 862197962 729656331
999997918 14 803831253 46 40 531805359 609785783 3 883670433 24 34 538870286 474082518 30 20 362926133
12068591 1 12
999999052 16 243074405 10 33 26 25 435579155 356817812 980726261 44 188408587 21 60040131 28 218549609 99980970 34
278499377 8 40 25 843885059 536777913 4 12 913622710 19538169
45239256 4 17822584 265080214 11 2
65806237 7 30 607863625 1 129047606 792145576 459216799 223631075
614173593 15 50631168 542653269 41 16 17 751605099 46 691580756 215672049 34 783373626 977613428 11 846821192 103959877
400344904 6 961709561 8 45 105283957 41 705574246
90392141 2 13 800338660
999991797 9 38 782233044 45 17 35 56444583 798062690 11690182 431223696
490116456 8 43 166825264 175652873 101990469 463462775 68598643 19 6
999994672 12 156950518 34 744053421 10 19667525 44 47 8 453773612 31 82567500 181233462
378113251 15 16 328076931 18 25 704702027 3 50 15 675371383 12 19 387482051 191579074 21 172686860
999990657 15 918709636 285846686 30 720799490 47 49 425628021 813716241 46 15 19 374419808 43 95395645 32
999998898 9 33 989851321 230722599 183727940 5 36 49 990634006 3
999995456 0
999995365 12 799616813 123875931 31 647351071 266986060 1 7 9 13 10 641910974 24
829170271 10 910292230 37 765138137 976201760 708610499 7 905356114 50 4 35
999992978 15 39 11 44 224483124 27 265210473 1 907555873 43 863200283 22 301550950 259041341 18 447893461
999998389 14 625712897 25 552657263 764126975 517103662 41 395333989 26 309343617 12 39 910169005 413269870 379548732
999993783 3 30 281095819 15
999996009 10 38 35 382214253 4 13 607526 8 834046425 100143552 14
231456942 10 519735927 988277216 17 565477960 16 162035661 675265178 38 7 750362439
105048526 8 40 19 725915637 447358709 850440897 30318385 4 28
999993471 16 891711844 745320287 35 50 114742108 36 11 18 47 368396444 38266657 977033959 27 15 644849462 753417791
375271828 8 321398389 17 204068141 338248604 912840342 46 399304826 190243057
999994925 16 312662364 23 367292222 46 91345717 10 140235327 819638511 432026701 48 9 37 30 50 47 343223777
999991800 3 616303518 783395649 764555554
455977415 11 863499432 134447388 4773481 296591482 999222891 471167537 17 530924313 784501421 19 379003695
291721924 4 544726722 658359991 16 877246540
999993145 15 8 2806916 27 41 426519360 373374208 18881047 84913456 805202118 166358270 403511505 10 15 109619308 48
999995106 7 18 232154542 5 411111076 22 33 413861249
0 5 33 24 36 47 42
29 31 39111953
23 36 556690539
25 36 918750419
1 36 193630463
19 26 987331556
15 29 544768580
47 48 274029546
9 47 409160762
14 21 496411989
4 35 575300
5 17 88880433
3 28 503036840
12 20 794540770
5 45 559631975
37 39 42353223
19 45 87060515
3 26 84878716
5 32 19900032
2 3 681515114
6 8 807926617
26 44 257688937
11 22 790346136
7 17 493576441
19 47 297874046
10 11 884151399
18 35 27043898
10 25 275096575
38 42 287324677
1 37 617992900
13 22 481557176
3 9 276105082
7 30 299360352
37 46 917401446
47 50 217129284
16 42 237823582
35 43 972795932
36 47 82783800
18 50 879747351
10 40 667681668
23 45 123897724
29 46 328587093
27 41 229897600
11 48 533538710
29 43 525837362
8 20 216695278
24 37 664394082
15 19 281044930
15 21 853784157
21 47 135531168
23 43 502395638
7 38 801002043
29 38 573899970
16 41 943366340
20 23 17695137
32 33 483785069
1 13 15397425
32 44 145050833
12 25 121088532
25 46 615033652
9 48 830121150
26 40 506836782
23 27 324529289
17 39 163302368
41 42 838844438
2 25 954259588
9 46 229737340
10 32 373980699
5 33 196596528
22 23 109800981
14 31 633427750
28 34 208400876
32 34 110990914
9 35 599152902
33 48 32041250
13 20 879005337
23 26 45915483
15 35 914226686
36 42 878756533
19 30 106307271
4 7 81395292
2 6 763873748
22 45 520861191
22 40 114769939
4 15 160234188
13 48 636782086
36 44 670673320
6 31 295003463
3 8 51151021
6 48 13743677
34 38 960859269
25 26 502903726
1 12 836140187
45 47 82252225
34 43 347175816
10 47 137530392
10 30 101642704
41 49 592220089
12 19 891774937
28 38 44994316
5 39 636593650
14 33 698187413
17 35 231992066
