100000 1000 3 9
29897 52761
29897 51189
29897 88487
29897 49055
29897 28313
29897 90998
29897 60919
29897 61528
29897 19462
52761 51189
52761 88487
52761 49055
52761 28313
52761 90998
52761 60919
52761 61528
52761 19462
51189 88487
51189 49055
51189 28313
51189 90998
51189 60919
51189 61528
51189 19462
88487 49055
88487 28313
88487 90998
88487 60919
88487 61528
88487 19462
49055 28313
49055 90998
49055 60919
49055 61528
49055 19462
28313 90998
28313 60919
28313 61528
28313 19462
90998 60919
90998 61528
90998 19462
60919 61528
60919 19462
61528 19462
82121 48584
82121 20363
82121 24603
82121 62577
82121 45655
82121 43962
82121 96582
48584 20363
48584 24603
48584 62577
48584 45655
48584 43962
48584 13943
20363 24603
20363 62577
20363 45655
20363 43962
24603 62577
24603 45655
24603 43962
62577 45655
62577 43962
45655 43962
45655 48085
16072 66221
16072 61679
16072 85913
66221 61679
66221 85913
61679 85913
78212 43826
66857 21555
83027 44179
68449 29762
56551 64580
84866 31890
45466 70321
29089 51309
35546 6967
38495 73853
46194 4668
14063 87355
73122 80789
37869 87184
41829 77290
23333 59970
39910 25800
79164 48196
71737 17789
47033 77510
83052 52599
71120 17114
51913 85936
62188 41885
36123 51679
35972 68566
28894 55943
94667 31112
87764 71343
73124 5722
12907 44065
63659 33497
41045 15480
45882 33693
6160 54377
14761 35552
64324 42236
62223 2628
24264 86727
55168 91758
99048 61806
39686 27875
51903 63491
11085 78621
79294 35419
145 75036
90851 12953
62199 68997
51653 88049
25932 756
38473 91374
95808 67075
27162 51313
78677 5410
56065 59510
1520 39608
29957 86058
59742 18561
24881 39458
34664 43312
66049 38160
46552 33662
70283 72813
35405 49292
14002 99614
82005 88530
46849 12324
3618 71078
24577 97912
47064 35853
89222 39907
8805 2540
28321 40192
99701 877
1236 32047
95995 30604
10395 70743
41573 47638
58922 3235
31173 38893
31042 54799
90827 83758
26156 50188
51290 45928
48937 99597
36778 4320
42800 27463
19859 45622
92805 43236
64966 63987
7392 91412
2609 96732
44117 90705
86834 8256
81019 56816
2542 61873
64385 2906
30382 38432
30382 72712
20624 53924
42341 44806
14648 93033
64462 61269
38840 69110
10647 1906
54740 62565
48515 34526
2918 17816
99844 28520
48386 21746
48386 40357
79464 46310
1023 84115
41362 52477
8000 28139
73020 71080
1021 72812
62663 11490
62960 97837
52770 27314
8098 44178
10280 27248
6315 83126
29157 91911
81379 52909
96229 35440
87816 71684
51736 66230
71884 64311
29850 27831
15822 76816
20833 46749
94938 51749
21643 47574
19280 92653
42930 44953
90218 97508
48979 53440
54049 8696
65507 78135
61788 68624
62182 39855
98329 63128
77547 41371
18718 93987
54507 10804
14109 56043
34703 50248
10275 29219
84548 42253
28901 29420
67031 129
3160 65640
44323 12475
8140 45914
40763 23519
29466 29699
59364 13739
83781 25107
73101 15107
24194 22103
85074 37135
37653 3180
46011 51410
55701 58134
93779 90127
36810 1242
66323 1167
45371 55262
87676 1147
67811 51960
64246 4387
72397 30032
35163 17248
20182 62799
85692 67701
51067 88089
32725 35543
62803 29353
51692 27458
84701 47946
47559 19279
77534 75767
41508 79667
12503 162
4791 5375
8090 84258
79891 75500
17135 32488
3805 29090
63169 83690
98342 96522
8094 28468
19450 91891
60271 6990
2899 73786
94598 35579
9595 73476
31512 78105
39964 33878
77296 21614
73538 85586
95512 41084
86419 65294
81480 34091
3361 88926
79842 54928
16233 75578
49495 12928
62277 66865
63486 55080
73288 39848
75741 868
74948 28290
1749 87889
33070 10374
52038 87854
11384 86427
12266 84875
95423 38416
79973 84248
99933 9357
32902 5875
32902 30721
15146 92601
1448 24813
23334 60124
35337 6760
46745 12947
69741 23813
42484 58684
89510 97401
1105 68740
85719 35234
27520 17597
91436 56134
41880 97085
99792 84262
6641 33574
57428 92518
24728 79046
78383 17222
72144 93897
13686 17314
4741 20655
12575 9067
44974 97015
8809 19236
97210 96866
79238 41831
96111 39304
44200 73711
58248 84661
62041 61084
43075 91554
91034 90196
85101 93752
16426 50626
59477 31039
40778 45240
13910 20553
67168 95874
64991 7630
62676 61174
69967 62672
5217 84226
79042 80321
61995 35388
64323 59168
81814 43572
97319 15486
24589 42420
88981 11397
88981 82449
56061 63080
38412 78875
40436 62186
88660 5029
86320 86090
23925 73858
89644 3692
47954 71298
33419 19914
14157 18643
57188 1172
86330 6297
51470 99061
55739 18612
87128 28089
74519 18394
74511 58763
13502 90719
5519 18281
55645 4147
49731 89230
67439 44967
88673 91053
28427 11526
49262 33035
78516 49256
43127 36235
88844 90707
18544 60639
58099 92397
18164 2509
64003 30154
46359 37017
64320 46891
83965 51079
92199 23291
18881 69571
93834 52600
18144 36488
17215 11024
30770 67661
57716 99501
49642 98328
78997 31617
53170 20445
90480 34350
80041 34307
56209 91478
5004 32754
28504 59774
13816 97116
28650 72420
73837 76177
35951 2503
63744 50079
60989 33776
90134 6752
66616 83008
66616 17787
82242 3930
16622 95533
99379 78204
41051 86586
68703 69237
90418 62656
8309 60225
26277 96870
8807 61002
48550 31257
77049 27681
40986 75445
99770 94783
94278 1197
86772 13822
18990 5137
75554 75835
20656 89208
25026 2107
5069 45922
77783 3575
74949 84067
34897 17563
66804 66972
71891 52774
84918 8572
37754 35255
87057 42154
76237 40042
25324 7688
89516 37328
13178 92668
17183 42269
46043 83427
59377 925
62262 46661
61774 13845
83889 18210
41423 30258
64183 29980
34266 33267
78559 50713
64704 77655
17831 31790
26436 96541
89391 62559
2788 28767
91249 84105
11657 87561
69613 20290
74787 39928
45844 63769
10010 15813
96211 12762
17310 51076
53360 73365
35362 1835
13409 96545
70335 97664
78827 65619
94597 48962
59526 23501
24813 56840
15040 37382
51191 42440
75651 85548
52351 73748
61298 41519
85201 86908
39216 62797
20361 58032
87762 15883
83365 93806
63410 236
96663 52285
49419 6924
4134 6951
98703 59531
11437 6762
32905 71461
82339 77520
6739 36780
67079 29494
68402 38677
51717 70259
12945 99124
11809 9268
25348 51701
52609 70117
83168 12435
15379 28582
29270 16085
4449 65045
6393 27498
61967 90291
47759 18225
31121 86731
84323 90889
82963 67534
92909 12756
44199 46207
39220 94461
25726 43423
37173 65240
47386 6154
3956 69190
32493 74765
64896 50805
23320 14029
31318 74480
51709 96449
53785 94717
80359 31533
24492 24228
89900 24588
62520 37096
84447 3102
56614 5119
48211 95603
43778 72867
36242 47914
155 55143
4919 9790
29365 67816
96918 86084
40359 1917
90556 78664
87696 18063
84424 79942
91448 71880
86513 64384
59347 60321
49686 60226
27429 9103
37978 57507
22308 11764
57475 87706
51980 2887
37693 97845
67911 34624
68533 47160
46018 59108
4656 24172
96786 52090
9497 67080
47535 30746
94793 32807
48868 51090
37386 23761
70757 71777
28992 46583
27968 72216
67232 25709
58349 43303
65316 19839
18806 64367
85449 56656
21777 51962
15646 2922
95519 70459
98144 73536
64652 12222
34970 33691
63260 30317
6874 75924
94049 56663
77797 11940
32735 77840
39736 82123
16451 84933
30347 83363
27864 46428
13890 62462
51978 48057
60648 92296
9188 68410
831 70051
76098 8998
44343 77991
90876 2383
68690 72495
51668 13096
74071 34421
54194 23038
27017 69528
27017 785
83183 50188
69470 8702
16788 18444
41545 18550
23046 75037
83409 29678
79906 8991
100000 22884
36728 94322
70255 72977
24259 2387
79553 10263
40311 9250
37145 19024
65509 86369
45771 7909
94338 14126
9790 39699
26672 80288
62647 87256
129 16242
29235 66454
20394 54848
35372 37374
59500 369
86531 41151
61175 44693
89309 63318
96456 68970
5621 15983
60888 18357
60267 79863
42502 96612
9386 9032
21513 65987
9057 25363
2468 85564
89914 65650
2526 25869
41600 43084
6561 30994
93332 80009
75364 59324
78108 37432
20042 26131
62109 85881
81189 95734
30208 80163
25291 75584
65236 47560
70628 5272
98932 31604
48056 21352
3559 23464
19460 88233
11993 6099
54158 17250
67122 22181
34697 14464
52041 99187
95781 32187
41019 28022
36161 13391
45902 52177
10194 46223
36979 30094
68999 24180
28030 30312
53319 31442
81192 46066
9694 85303
74389 19095
37289 38409
52532 68930
3145 90042
39054 33680
272 58559
17536 49723
15137 37161
89447 45727
29989 23825
13312 74576
76601 67066
49975 63764
31591 42033
46810 58904
50893 36934
54208 52525
20430 2053
4841 2869
21690 17890
95883 57824
50944 4807
46523 16539
1910 6514
93453 4839
31784 51989
34761 95210
87092 89026
71115 11684
31107 99506
20005 30401
22604 60463
30114 34573
20803 53227
75008 52615
94991 24057
82009 67251
12665 82413
72082 40741
40913 70198
26236 64690
26623 59764
59239 58792
65858 13843
56616 84399
59030 94707
89023 15223
44332 36937
91379 40910
31240 56321
12978 71962
39030 1196
59693 12448
20039 29759
47101 52325
79213 82239
99018 2220
77099 83499
79743 2433
4208 72343
69429 37424
65339 61447
84936 26904
4169 41252
65550 36063
98594 86214
56 8452
85209 54336
87872 37316
90155 84845
52610 50626
27420 4809
77871 37986
44976 42288
56894 59225
86591 75840
797 82520
2890 29567
3528 61510
83178 21224
4316 25421
17546 29080
59079 28911
67326 26255
85536 98364
75524 12289
46345 13853
4337 83148
55934 10388
18366 78521
50485 94114
23539 30921
27957 69901
34688 6289
70765 81282
76817 81807
8370 31892
32856 31964
73564 73403
9553 69631
9553 62049
62168 27647
51278 89416
14021 73108
34982 63159
9231 9201
51271 66378
89179 30592
95124 78015
15859 1452
5666 10622
52627 76357
62445 92974
42577 33097
51436 64064
33874 39073
52101 84180
2582 6800
96147 15539
41425 65657
35396 16340
73383 2932
23486 61237
7568 72794
32390 14095
74588 76071
62267 65464
82925 87529
8635 5595
8089 4582
55215 35563
19853 6089
62878 51040
79718 35408
95009 29472
80476 1145
79957 89712
74282 50748
49180 5766
16850 49207
39072 20488
87878 24217
99676 69990
86067 30562
76338 313
95304 95592
37672 35630
42892 51468
55191 56319
66751 4485
32973 1102
62413 41215
81304 14139
92765 51620
98192 3622
18509 90732
32186 32048
70230 16149
4049 76462
92738 25703
80027 97635
27841 85061
86606 28367
50317 65933
57491 91758
37088 56309
89521 71872
44224 81636
78232 30713
87785 73915
42572 97544
26188 273
71750 73536
93118 52235
20665 60205
88354 78582
26477 39655
20988 64328
47366 62498
22603 90149
49765 32654
982 87276
87687 73184
47655 3321
47910 51335
75424 33102
41043 196
7739 9492
16676 72540
96652 4054
79745 8410
77354 79356
65594 14363
86154 49954
77707 13515
1136 76477
53480 94578
38385 29279
28837 26383
97349 36396
77507 79934
23766 95978
9428 14960
41644 40064
76572 78244
27065 88058
62343 80952
3230 17006
31075 17833
89509 41894
26912 53863
75365 78994
88687 72558
95391 5005
67399 51714
96338 67407
73945 74936
42113 32420
90228 57652
62222 91628
71227 74287
55360 16913
77176 11432
48581 16732
43352 10472
76226 53301
40398 44457
18323 24362
27133 2520
13109 57938
71805 88155
71279 93081
44405 38151
62012 88744
5746 38366
82615 48390
58759 5522
55365 26538
15733 70536
74947 58404
47519 86924
77466 27044
70607 14244
28093 71022
72794 90771
62673 11746
58045 45832
49570 65588
46199 96798
86755 76165
60832 73199
13378 33331
47912 4974
75798 51532
22746 77121
49005 61512
26537 63251
74740 61326
38037 96478
70291 999
47419 68199
22754 34124
7176 59842
67409 53430
56657 1225
19049 55785
28623 17697
23680 62288
94652 31555
66494 53102
85769 37902
3614 29941
66443 77938
86559 78764
86908 77210
48537 61567
86837 70468
35112 67833
23702 56369
50191 12197
30367 72919
75720 21296
19120 81759
63572 60265
78709 47613
75182 74627
2761 76519
95545 73359
79221 36674
12624 76238
24031 56426
91155 28383
11817 33873
46642 31571
76183 86465
76707 82912
53725 60981
22623 30665
54718 98823
99038 27011
61279 71310
18250 21296
13635 117
23425 49597
82410 29777
97662 12659
96180 27620
50910 4709
94646 34263
80465 36791
93813 629
86995 16407
46521 49999
33061 53201
55475 76376
87702 41001
82825 65069
71675 44097
1570 56532
90467 11052
12378 30146
3174 978
63531 14595
27322 95788
79493 96787
72171 28629
15275 59552
50883 29943
68763 27618
12819 84267
70852 55435
4814 87004
1609 19212
6443 25550
94221 55332
