88888 777 3 9
3793 69363
3793 2268
3793 86086
3793 58539
3793 2369
3793 9737
3793 42601
3793 2355
3793 38284
69363 2268
69363 86086
69363 58539
69363 2369
69363 9737
69363 42601
69363 2355
69363 38284
2268 86086
2268 58539
2268 2369
2268 9737
2268 42601
2268 2355
2268 38284
86086 58539
86086 2369
86086 9737
86086 42601
86086 2355
86086 38284
58539 2369
58539 9737
58539 42601
58539 2355
58539 38284
2369 9737
2369 42601
2369 2355
2369 38284
9737 42601
9737 2355
9737 38284
42601 2355
42601 38284
2355 38284
28810 75244
28810 50312
28810 8219
28810 84647
28810 16308
28810 29950
75244 50312
75244 8219
75244 84647
75244 16308
75244 29950
50312 8219
50312 84647
50312 16308
50312 29950
8219 84647
8219 16308
8219 29950
84647 16308
84647 29950
16308 29950
46818 31044
46818 79713
46818 61946
31044 79713
31044 61946
79713 61946
39424 15717
3851 44079
54339 56318
32050 82927
6806 13006
16858 43056
828 11475
828 82787
45951 38056
17571 25596
82113 78306
77053 3140
42889 14070
63349 61085
88111 42441
6271 81093
26192 84832
74958 86891
65307 966
56705 67632
51938 70811
36511 87389
78250 16545
35841 61740
51835 50276
45407 2943
38477 35392
66515 25944
20680 16650
52640 19033
63825 19238
30821 15245
64268 58579
69788 49414
71883 10441
20966 64295
57000 63274
54851 17885
44623 61843
50555 74506
73270 36819
85707 80087
32026 39652
15074 24618
42908 81031
88579 3588
28267 42228
56082 52835
32528 68482
33101 22126
16065 71444
52144 70559
2780 88426
56148 26628
35367 12767
52311 10238
49688 82195
53233 44679
21759 6689
62429 44863
11645 35924
88564 32317
77413 67741
29014 46448
50205 11655
16508 46870
45662 84191
24533 13788
68545 46241
21866 86765
63241 58640
38334 22272
23773 15370
23773 67420
23592 85380
29455 9842
53484 6105
36746 2831
31407 73541
81750 82749
75089 26731
85488 80364
55891 25189
24198 62957
49112 33422
38099 88217
16734 78739
11736 5314
66991 35288
9614 11979
68940 46231
39720 69721
15933 65103
6473 13190
42881 30913
25055 10880
39963 66614
8776 55368
78617 70631
51030 2143
66326 27123
78949 82671
4431 29311
22613 41969
37279 60165
22065 76819
6992 46008
21959 80251
16616 9023
24405 10848
33481 5899
15565 58932
43398 61521
70877 46541
73237 76254
3859 27789
61503 34993
27964 45184
86784 58410
64903 80824
1752 72033
50157 1447
82367 43167
77453 65604
47534 62096
49392 64427
20818 26427
86381 86486
1835 36123
11393 23843
7027 65410
53322 41388
29000 82285
2047 14463
27891 10898
72641 8815
1764 4343
73698 76535
22232 75897
19038 26895
57695 6200
34900 83488
29940 45081
56359 19864
42948 71139
40698 80278
69249 43734
27726 77359
4126 61926
83337 53290
82575 27111
73988 15508
6704 59126
3868 50101
22625 3652
26495 12756
45605 49088
82379 86767
30095 10486
22989 65917
4883 34219
4692 44382
71948 17474
74614 7775
76917 3178
37898 20827
28794 29836
73841 71851
3571 20167
30286 11332
74804 64886
63818 12879
73978 47790
33358 15820
6224 11539
40678 33253
2414 32336
26961 5519
28247 87244
4197 20534
19650 55892
71198 80102
58204 37719
37919 35053
14759 2051
57231 51112
60224 52505
67765 29833
62687 15567
78159 35830
41214 34358
64277 49287
27747 34254
88234 2172
55642 81599
66781 65503
62217 20389
49866 2544
30073 18265
11292 17885
86282 41481
88042 7242
25998 57127
21576 44524
16135 2155
75225 23838
17289 85976
57246 42076
20847 825
50544 64647
46195 77611
10328 82816
43401 30927
37627 70972
67611 5241
36620 29641
21796 69211
17686 66850
31599 50009
12545 978
54746 61312
72534 4120
59449 54893
47252 43922
78485 72988
60878 83976
68026 44632
82755 18727
14383 66662
67750 87488
51570 47693
50798 9288
39601 33001
10578 46206
5134 81983
58764 49308
52397 35327
36515 65903
6308 43077
64032 22341
15791 4297
15381 27477
42243 61973
87265 33349
42057 70013
63273 82504
20630 46734
40642 25288
64838 63158
77953 27204
83598 2266
88449 36073
51386 46953
54814 74523
46762 13719
79232 48688
6670 1411
21057 29589
8941 71570
12353 59060
88138 57542
18193 54922
54519 11817
37710 8388
49710 23685
46654 86319
47710 31817
63925 48610
78540 48882
54759 25413
61014 36145
55621 57065
36923 70304
79709 33946
28525 30193
55478 5835
63173 13323
30250 45778
84472 32250
88599 33469
49276 14192
23029 49301
78542 65476
66143 34314
54367 34975
38780 31378
65606 69513
39128 53957
54039 42563
71006 72199
27233 39081
56851 71392
81982 32190
18813 84525
8866 66094
22317 76868
39657 71470
21184 40599
11150 63210
35858 56114
58449 33705
13168 47372
55628 53611
2929 59263
68992 20329
61645 13526
66238 60196
62573 83195
36285 9465
23819 6007
15614 37206
63619 78066
36932 75814
58729 839
69853 9191
5203 5383
39727 56817
76177 72342
23210 9801
31552 51444
38282 26616
30405 50779
83585 59102
65516 36168
21551 65265
42017 40802
68970 81878
85879 47307
22917 13296
85051 38409
8710 60961
6672 71388
86322 49768
2942 73849
55773 80811
48551 15579
33628 49177
11374 43954
49795 68400
51420 41914
19854 86601
37487 29318
24407 84948
36936 68501
51754 88335
15248 71876
36662 71764
45758 59247
28664 32964
16805 33366
64418 66369
33967 4061
76254 69126
19825 62187
29130 83041
38384 79825
46652 26291
12527 65072
9017 57409
27164 1072
15399 2220
19974 6561
60709 12819
64411 3278
72267 71587
24898 40688
34859 61194
44779 8192
34542 25686
19387 47080
86985 22267
86014 51276
35430 85331
74417 44933
33262 17791
8572 20193
7167 10608
11141 46112
48770 83331
12667 42757
39734 62572
72292 66546
19192 78932
19045 15081
17069 48864
52556 4644
8966 35705
80322 66345
37365 64645
47828 27049
36039 37327
29197 11402
55339 11936
57670 55631
5218 34527
40021 69560
78730 53855
84493 11149
25277 18248
64631 11157
8521 28483
26330 63726
61936 21678
86486 28350
44995 71909
77775 26569
79282 27719
38631 13829
42913 50877
31025 64980
72104 42388
52980 10336
78154 56943
3242 37037
72750 11296
63595 26894
15027 73191
3936 26580
14629 66207
77088 37443
6414 65126
35081 20380
67101 13352
83079 78576
49050 12320
81171 47639
26507 24252
33813 65212
32704 6721
85406 75983
21134 44756
1387 43181
27466 26252
65249 42534
82502 1748
70758 40870
39557 10302
69437 69761
78280 32380
15470 65793
68129 37320
36140 39409
78190 3842
49854 79279
29217 83475
49391 1418
74135 4791
3113 7284
39030 23781
9659 74711
36602 58777
31030 54520
1103 19681
11176 32748
14980 37189
86169 62325
80108 17452
58308 34018
45743 58353
25088 23692
58177 4901
11422 36296
66315 4647
11433 30079
40604 26113
74212 10175
73738 67509
9007 21723
52508 9065
42775 37506
83297 71330
21261 60214
12493 17570
67226 43108
69362 17056
50748 7388
40511 5349
884 86577
80033 24292
83643 25384
1549 6076
75872 7382
87306 19556
7695 76438
72328 22937
48926 73525
41832 13575
66543 12425
14513 22462
6828 75515
87031 16357
34595 33719
86801 7699
63183 67008
84019 13360
34398 22302
13150 44671
30593 15123
61591 38123
78928 17517
4956 39722
69218 76150
5654 53839
83500 2198
61993 39631
1354 68197
26543 63090
44821 79348
63752 25349
17909 61372
41357 22442
73157 26681
5865 79500
13568 33267
73193 18376
88526 10713
64130 68708
68559 43854
83805 82454
64231 61063
55367 2495
4055 35958
78874 31957
13703 68656
13408 3513
34567 76318
71862 84715
53548 28012
37152 54687
39660 5850
6837 18876
21485 65338
46599 76390
15846 17104
35939 14152
49512 5571
35336 81405
63768 74178
60247 29275
37068 63204
79721 65513
71175 54560
9730 7941
25901 73684
48111 83156
77812 40112
38346 29912
1735 36137
64664 40035
28291 27696
30219 57107
5225 45162
81882 21052
25931 42945
12404 56792
44875 1913
10750 23163
65833 64111
20824 85245
2872 62882
53673 48241
67870 61704
43559 82568
68564 57745
7906 16702
32069 52870
64328 26941
9361 73205
37026 37811
2182 81812
86032 78264
17078 31178
49829 88443
12453 80472
68012 1143
29362 65564
6162 43460
73603 15943
28786 72991
45285 1958
45285 8005
59260 88282
82336 16433
22284 56566
71402 63572
87098 82781
55413 49686
5084 63622
66094 6865
65807 30364
47519 80522
52362 36022
7747 62392
48033 55700
39562 34495
44131 80845
72877 34725
14490 10872
46640 27624
71769 23559
85083 58109
57824 76870
67177 65354
40649 32751
64681 61873
18109 86876
23117 38211
66141 3655
18049 12054
41450 13785
65138 81190
53024 38424
75685 75858
73446 5443
16359 22079
55960 60222
56256 26271
47381 84371
25453 45234
17967 55758
57598 83737
14738 66772
54167 31130
31369 85023
50015 77016
75228 61867
6077 84416
75348 20822
81732 13704
74034 24792
15986 27316
38446 11619
29646 33459
67145 27281
77800 66817
14823 52665
15393 22310
62410 25805
13860 40095
80630 38369
61899 5726
536 13939
61695 17389
64641 68231
12590 35726
16859 44766
87236 47700
47627 61741
18080 55058
78539 16981
87409 67523
88542 46616
33348 11434
3658 85373
48626 64150
61051 40357
58975 45233
87727 64467
339 13347
63884 1086
35640 79998
51066 59786
79123 47769
63536 19927
32480 1077
73665 53044
23606 76433
77520 22901
48429 76152
68847 4148
35857 39871
55850 54929
22868 63665
83813 25085
66246 82381
40132 84076
34502 30360
60576 45003
45343 52502
84934 28814
38528 85248
77510 55656
72585 48245
24222 13637
40137 24065
15970 34405
36126 75218
49646 80594
82208 13580
49430 63499
57932 75079
33006 77975
22419 47108
32552 50858
86825 49768
82591 40368
33668 1093
2409 42807
67464 25064
17411 78672
58343 75476
92 18867
63205 56231
28814 58206
33160 31515
