500 1000 4 0
432 193
432 129
432 377
432 131
432 28
432 163
266 111
266 389
266 58
304 129
304 82
304 343
428 395
428 306
428 149
439 411
439 32
439 28
172 424
172 119
172 198
172 209
172 273
427 63
427 258
427 366
106 144
106 242
106 36
106 404
106 354
106 420
106 299
106 12
248 303
248 322
248 309
248 214
74 82
74 369
74 187
108 379
108 5
108 28
108 60
108 58
411 251
411 296
411 82
411 209
465 86
465 198
455 488
455 474
455 183
144 349
144 94
144 34
144 184
144 283
144 100
144 223
164 44
164 69
491 469
491 395
491 71
491 115
269 359
269 452
269 104
269 341
269 280
269 244
26 228
26 494
26 189
26 423
26 107
95 425
95 68
95 192
95 345
95 318
399 29
399 146
399 339
44 143
44 464
44 158
44 70
44 156
211 436
211 259
211 353
211 311
211 147
211 298
224 135
224 9
224 328
224 276
224 14
338 187
338 487
416 347
416 308
416 351
416 131
416 287
416 324
436 233
436 344
30 67
30 5
349 259
349 188
349 174
349 410
349 330
349 496
349 153
375 83
375 207
78 227
46 296
46 323
46 275
46 468
270 316
270 64
270 325
270 192
270 487
270 390
270 157
242 301
242 185
242 434
242 109
242 54
202 126
202 72
202 89
202 479
202 293
202 272
23 196
23 327
23 127
132 341
132 93
132 272
11 425
11 259
11 257
11 76
11 81
11 60
233 43
233 92
233 481
233 185
460 213
75 122
75 464
75 154
75 317
234 321
234 255
193 325
193 423
193 492
193 376
193 54
441 37
441 141
441 275
441 337
425 311
425 159
130 297
130 228
130 291
94 417
94 261
94 431
94 438
94 62
94 440
94 41
453 166
453 311
453 350
453 6
453 260
152 296
152 165
152 210
152 68
177 372
177 374
177 289
475 402
475 205
475 89
475 377
469 56
469 64
469 231
469 291
83 466
83 137
83 344
362 360
454 126
259 302
259 99
259 19
129 320
129 141
8 176
8 290
8 318
43 87
43 488
43 220
43 49
43 120
43 10
43 98
43 289
316 142
135 483
135 404
135 143
135 380
179 381
179 223
111 9
111 47
111 5
111 285
111 313
134 126
134 471
134 237
134 489
315 466
315 290
315 498
315 148
407 254
407 247
297 91
297 128
297 344
297 163
39 199
39 294
335 296
335 403
335 121
335 280
335 175
335 40
335 268
194 92
194 140
194 313
194 268
122 86
122 379
122 385
122 322
122 376
25 56
25 380
251 77
251 286
251 58
36 256
36 463
36 240
77 478
77 170
77 52
246 260
246 356
284 196
302 87
302 139
302 189
302 495
302 14
302 236
302 60
302 223
347 17
56 394
56 154
56 218
2 333
2 320
2 153
424 318
424 146
424 457
29 310
29 415
29 241
419 417
419 93
419 364
419 258
63 165
63 169
63 34
63 291
63 128
63 71
63 461
63 486
63 360
48 381
48 397
48 354
48 244
9 191
9 169
9 410
296 452
3 261
3 133
3 336
206 420
206 398
480 310
480 89
480 430
480 93
480 114
480 312
88 68
88 47
88 451
88 61
105 98
226 294
226 440
226 208
226 421
226 376
17 123
17 109
38 386
38 486
87 150
87 421
212 149
212 342
217 367
217 85
50 262
24 93
24 156
24 40
18 133
18 141
18 213
18 146
18 339
196 228
196 494
196 252
483 403
191 353
191 494
191 183
402 256
402 151
402 377
402 175
402 281
57 60
57 324
328 207
328 47
367 204
367 54
197 450
327 34
327 252
327 389
327 443
327 322
327 109
327 40
257 348
257 422
257 265
257 51
257 319
126 207
126 318
126 339
303 477
277 488
277 299
55 265
55 218
55 330
55 268
97 67
97 20
97 384
97 186
97 356
32 71
32 451
32 268
66 263
308 250
308 365
371 176
371 333
371 413
371 240
371 157
403 381
403 221
403 305
403 380
82 210
82 121
82 329
82 19
82 352
82 398
82 324
470 359
470 139
470 323
470 189
470 154
470 70
470 157
353 388
353 157
417 422
417 430
417 146
417 314
368 404
368 61
368 392
359 156
72 437
72 380
86 90
459 301
459 120
459 350
254 200
254 457
426 62
426 449
379 167
379 307
379 274
321 471
321 150
321 241
321 305
418 133
418 221
418 461
418 495
418 216
418 340
116 139
116 133
116 84
116 149
176 467
176 393
176 363
176 294
176 271
176 214
404 488
404 162
404 420
404 160
404 274
165 143
165 396
488 34
452 170
452 449
452 326
452 314
452 392
228 255
228 320
228 115
228 70
228 413
228 283
119 280
119 213
119 376
117 267
117 457
117 100
64 357
64 486
471 31
471 442
471 54
471 292
467 6
467 279
104 306
104 240
104 279
393 472
393 397
393 60
381 500
381 4
381 360
363 41
341 162
341 314
169 16
169 280
169 37
169 307
474 140
255 180
255 314
357 79
357 70
485 128
485 147
485 305
485 281
485 222
466 414
466 241
466 283
16 73
166 370
166 219
166 58
205 294
199 51
199 456
199 260
199 279
301 311
301 79
301 264
301 413
301 383
34 323
34 329
34 279
207 154
207 408
207 326
484 317
372 250
372 285
372 324
372 356
198 373
198 396
31 310
31 499
31 260
91 473
13 53
13 356
167 138
167 329
167 225
391 99
395 310
395 184
395 137
395 216
395 240
395 245
92 293
92 434
92 457
444 101
444 430
444 19
444 409
310 195
310 300
310 276
310 6
310 219
310 232
59 494
59 262
59 408
59 448
80 461
143 65
143 289
462 42
462 272
422 123
422 200
35 329
35 190
35 243
35 161
209 294
209 377
209 390
209 232
267 128
267 96
267 373
286 188
286 136
286 495
68 137
68 352
442 89
442 369
442 222
195 161
334 85
334 420
138 331
101 229
101 354
101 146
101 245
139 103
192 252
192 22
192 431
192 378
192 236
192 245
192 157
433 482
433 271
433 339
433 360
188 174
188 458
188 236
499 49
499 486
499 350
499 41
67 155
494 84
494 37
494 307
494 184
494 409
494 163
140 6
262 392
33 421
400 397
400 260
180 493
180 161
288 215
288 62
288 409
288 7
150 214
181 93
181 162
446 154
446 275
446 298
311 89
239 355
239 413
239 186
252 131
252 125
252 155
89 238
89 250
89 160
89 4
89 69
323 249
203 429
203 481
203 245
306 370
306 184
389 151
389 287
389 314
231 171
231 201
238 477
238 153
238 392
282 79
282 265
282 244
22 290
22 496
142 317
431 440
431 52
133 186
133 279
127 383
291 112
291 271
291 376
291 159
121 482
121 174
121 458
121 230
397 320
397 247
397 409
345 408
345 227
189 52
490 229
490 45
490 408
490 336
85 294
85 337
85 336
278 373
280 76
280 243
280 214
482 27
388 160
388 322
37 1
37 373
37 245
435 487
320 307
320 497
320 361
430 236
300 190
151 380
423 476
355 437
355 394
355 272
355 204
463 340
295 260
295 376
295 12
370 62
265 61
76 294
307 118
307 4
141 445
141 183
141 131
141 113
141 208
141 326
318 331
318 125
318 489
437 383
235 27
235 5
414 220
136 65
136 283
229 218
229 449
229 376
378 162
378 147
174 170
47 385
47 330
47 12
215 222
215 360
429 366
394 113
394 175
103 344
364 154
364 285
162 386
162 168
162 440
415 497
415 271
415 385
415 240
415 125
415 314
158 183
458 28
458 12
51 373
220 1
220 243
386 73
386 383
386 58
386 157
20 285
20 382
241 468
241 149
241 185
331 500
331 390
497 186
99 187
99 58
406 154
406 493
406 383
71 352
123 96
123 263
49 486
49 137
49 468
479 19
120 250
120 450
250 65
250 219
213 190
213 276
332 382
184 275
445 275
445 500
369 351
369 163
294 314
1 322
420 272
329 451
329 243
329 468
329 148
438 344
438 60
271 382
271 287
478 382
275 376
275 155
10 125
62 253
62 468
62 157
65 473
365 493
365 344
365 208
160 476
160 344
160 376
5 487
5 125
5 340
253 392
293 413
293 382
293 243
293 113
183 102
147 408
147 360
410 312
61 222
305 317
305 178
170 225
170 336
408 312
285 70
285 312
171 107
171 385
131 243
131 352
137 70
137 21
70 7
366 243
413 201
283 100
283 356
247 373
473 81
473 244
382 383
382 227
493 243
493 468
493 98
243 146
243 500
146 161
218 41
218 434
218 405
218 263
90 421
42 185
42 232
468 161
468 314
440 245
225 477
225 489
225 12
225 15
113 4
113 405
113 376
274 330
274 222
274 223
481 268
476 208
102 392
495 156
298 153
185 477
185 376
287 201
344 330
330 390
110 324
384 125
373 457
4 12
4 40
156 336
449 163
449 161
322 159
114 263
114 15
448 100
309 236
14 447
14 496
434 161
208 161
208 21
208 69
216 279
312 392
263 390
398 40
236 204
161 232
161 214
421 268
186 109
21 227
390 319
396 376
496 324
289 222
279 244
204 153
148 361
489 356
178 314
319 314
109 232
232 360
40 155
