500 1000 3 0
174 191
174 170
174 216
174 272
110 254
110 93
110 228
110 265
395 31
395 475
395 302
395 245
395 189
467 303
467 32
467 22
467 378
467 407
467 335
155 334
155 354
155 224
155 309
374 18
374 179
374 352
13 57
13 344
13 470
13 123
162 107
162 17
162 346
381 368
381 197
381 30
381 211
381 428
381 111
95 282
95 368
95 217
95 62
95 101
95 485
95 59
95 143
100 411
100 472
100 420
205 341
205 472
130 262
130 339
130 206
345 454
345 51
345 198
345 70
345 226
246 350
321 483
321 229
321 168
321 21
126 23
126 178
126 40
394 82
394 121
394 35
394 383
394 434
394 215
28 221
28 79
28 488
28 405
28 116
28 257
14 208
444 209
444 75
66 85
66 456
66 257
66 185
446 483
446 157
446 159
446 139
446 43
446 373
221 480
221 87
221 462
221 421
221 168
286 83
286 479
298 456
298 464
298 116
298 414
279 368
279 482
279 23
279 19
279 233
279 416
173 101
173 133
173 372
386 415
386 37
386 233
386 71
386 265
396 293
396 291
396 219
396 67
396 495
396 464
396 81
396 288
396 123
377 17
466 290
466 484
466 477
466 149
466 260
466 252
334 80
334 294
334 300
334 475
334 361
334 54
334 430
334 371
218 430
218 422
368 294
368 479
368 131
483 31
483 32
483 266
483 404
483 178
324 59
324 68
324 421
324 277
451 322
451 178
451 426
452 336
452 273
452 361
452 493
452 409
250 445
250 68
250 187
250 241
250 228
217 170
217 164
217 357
140 492
140 27
310 152
310 358
310 143
382 330
382 438
382 275
337 469
337 305
337 485
337 87
337 94
337 358
337 240
337 407
411 37
18 231
18 347
18 33
157 202
157 338
157 184
46 194
46 260
46 24
46 245
293 107
293 26
293 348
62 82
62 145
62 336
62 200
307 175
307 478
307 390
307 264
307 188
134 339
134 38
80 63
80 438
80 144
80 271
80 425
80 276
80 249
80 349
244 194
244 24
244 430
197 462
197 390
197 148
231 330
231 387
231 118
231 364
231 22
231 92
469 177
232 306
232 176
232 493
350 490
350 477
350 87
350 495
350 76
350 371
402 354
402 326
402 499
402 486
402 292
303 10
303 480
303 198
303 255
303 268
303 428
320 314
320 3
320 327
320 295
290 473
290 487
290 256
290 117
314 79
314 141
291 63
15 340
15 262
15 439
15 358
85 201
85 233
85 178
331 20
331 301
331 99
10 89
10 325
415 141
415 299
415 8
415 30
415 123
341 149
341 445
341 336
341 256
341 284
341 265
306 202
306 328
306 408
306 313
306 349
238 229
238 471
238 139
238 148
194 263
194 56
194 379
468 465
330 125
330 355
31 161
44 82
44 267
44 391
57 318
57 275
57 220
186 29
305 262
305 99
305 230
305 58
305 494
305 407
305 371
63 491
63 209
63 72
101 3
101 447
101 166
101 258
101 430
101 366
125 89
125 68
125 223
125 247
125 19
125 214
125 429
125 442
20 236
20 187
20 147
20 184
20 325
332 473
332 12
332 41
332 450
359 274
359 380
359 392
359 277
359 494
219 485
219 30
219 190
175 315
175 262
175 94
175 308
175 215
270 121
270 230
270 459
270 60
270 399
83 166
2 12
2 94
2 393
2 117
2 268
2 42
2 156
34 254
387 228
387 116
274 78
274 318
500 135
500 96
500 198
236 370
78 19
78 70
78 409
78 142
78 425
78 335
473 224
473 358
473 71
473 240
487 158
487 41
487 43
107 50
89 17
89 77
367 74
367 242
424 213
424 229
424 93
424 40
424 84
369 400
369 119
369 54
369 73
485 122
485 422
1 16
79 263
239 6
12 178
141 482
141 427
141 196
141 69
141 230
480 30
59 288
59 111
59 169
433 380
433 241
433 84
438 37
438 117
438 385
438 52
106 237
106 160
106 358
37 26
37 266
37 497
37 228
37 33
388 499
388 399
388 215
388 9
82 68
82 413
82 308
82 38
82 471
354 317
354 262
354 297
259 356
259 163
259 201
259 280
259 457
490 486
490 129
490 164
490 472
400 56
400 39
400 168
400 417
400 60
152 340
152 448
152 304
152 115
152 275
152 203
248 361
248 58
248 378
482 158
482 131
300 182
300 70
300 61
300 498
26 462
26 165
26 143
177 445
177 413
177 91
48 465
67 287
67 397
67 383
67 156
437 25
437 60
340 223
340 41
484 233
3 145
3 344
3 181
477 456
477 363
56 151
149 237
149 53
207 308
207 11
207 183
261 492
261 313
32 191
32 151
492 427
492 158
492 366
445 462
445 338
445 414
124 327
124 234
124 252
132 475
132 449
132 496
112 362
112 147
112 227
150 179
150 426
478 68
478 393
478 249
478 297
478 371
68 481
68 474
68 61
68 195
145 376
145 137
145 108
145 384
356 64
356 196
356 93
356 6
454 19
454 180
454 441
29 96
29 208
29 128
29 53
17 488
27 449
50 159
50 54
301 407
465 249
465 156
119 224
119 86
119 8
64 266
64 491
64 222
64 422
104 159
104 448
104 39
376 315
376 171
376 8
376 77
376 439
87 460
87 206
87 58
87 166
461 127
461 55
461 264
5 161
5 426
36 405
36 329
36 422
317 418
317 213
317 280
266 96
266 98
326 401
326 390
326 476
326 200
326 169
187 237
187 344
187 346
187 292
380 471
380 257
135 496
423 495
423 267
423 362
423 143
427 70
427 121
427 55
427 420
315 176
315 211
315 440
455 22
455 429
455 264
283 198
223 336
223 271
223 61
224 213
224 227
196 172
196 414
196 148
413 75
191 209
199 267
199 491
199 178
199 297
254 281
254 385
495 308
495 183
251 431
251 408
251 497
251 406
251 471
251 139
251 43
281 202
281 41
281 144
281 123
262 96
262 458
262 55
237 21
237 441
260 412
260 419
260 98
260 136
431 462
431 171
447 456
447 379
447 8
201 474
201 403
201 425
202 116
202 52
299 361
299 352
96 385
96 120
347 160
412 370
412 233
412 154
253 408
253 280
253 180
158 102
158 371
23 233
23 45
462 45
462 142
462 47
462 417
462 137
462 351
462 407
159 88
159 171
159 304
159 81
159 220
456 243
456 339
456 116
287 49
287 147
88 361
327 234
327 271
327 366
448 458
448 216
448 72
448 148
328 192
328 450
338 22
338 277
267 192
267 105
51 81
51 25
285 133
285 210
491 123
344 117
344 390
344 131
309 322
309 406
309 123
418 361
94 430
113 264
165 208
182 428
336 41
336 351
499 166
499 90
408 41
408 215
86 364
86 70
86 65
208 171
208 222
198 213
198 211
198 430
213 216
213 439
213 425
41 243
41 493
41 363
41 442
391 171
391 9
316 117
316 275
316 192
316 103
316 172
316 73
316 440
370 365
370 118
370 308
370 99
370 403
170 91
170 292
486 22
486 203
486 139
486 289
392 38
392 426
233 255
365 398
475 180
243 460
343 275
343 137
343 227
375 102
375 390
416 364
416 55
122 429
122 111
122 399
432 92
355 363
421 471
421 498
118 99
302 9
154 160
154 406
154 136
154 319
171 269
171 123
171 58
171 180
171 313
256 35
252 393
252 147
252 435
151 70
151 372
151 156
45 98
45 240
144 441
364 77
39 399
361 33
361 226
361 131
295 379
295 91
295 450
295 289
393 178
393 410
393 240
76 489
76 258
76 426
117 449
117 164
117 434
304 38
304 6
304 146
436 312
436 123
308 176
308 425
379 91
115 404
296 184
479 404
479 292
339 417
229 230
229 108
129 405
129 383
398 297
481 210
54 61
54 289
488 390
209 389
245 77
245 11
245 16
245 407
385 33
397 75
255 180
280 417
280 472
8 404
8 459
8 257
8 325
8 434
241 242
405 121
405 164
138 275
138 409
269 440
275 493
275 235
275 403
214 460
214 358
214 4
214 53
81 133
22 30
22 128
22 441
22 442
216 430
30 33
30 215
153 471
153 414
268 403
419 352
419 227
91 493
91 204
77 313
292 188
474 176
474 353
470 363
470 98
99 429
99 121
99 235
42 409
449 193
75 439
75 426
75 440
75 210
329 422
460 459
460 417
460 498
93 133
284 121
429 428
429 289
168 349
69 333
69 109
69 242
147 472
476 352
133 61
133 442
38 212
38 105
178 272
21 323
409 498
121 52
228 120
228 210
92 7
92 222
142 172
353 407
333 371
25 426
471 426
471 53
489 61
288 43
288 371
47 156
230 184
230 366
6 65
6 72
61 439
116 111
116 420
459 139
184 139
184 410
109 323
109 52
312 11
137 430
257 136
98 349
123 204
55 108
278 111
278 349
278 289
11 457
136 90
180 200
211 323
211 366
72 407
358 53
358 9
242 105
426 9
323 114
33 210
227 222
227 422
185 357
185 9
111 188
220 425
220 7
52 435
430 156
442 210
40 183
425 9
496 240
496 457
181 272
7 440
373 420
71 183
105 249
204 349
434 265
222 265
399 9
143 131
265 498
188 389
