1000 10000 10 500
250 645
250 501
250 469
250 873
250 551
250 40
250 803
250 885
250 511
250 987
250 216
250 692
250 130
250 340
250 234
250 712
250 399
250 423
250 647
250 346
592 288
592 972
592 843
592 14
592 680
592 838
592 270
592 792
592 690
592 378
592 914
592 460
592 624
592 170
592 601
592 764
592 831
592 264
592 20
592 382
592 339
592 567
592 105
592 969
592 552
160 986
160 97
160 40
160 301
160 76
160 181
160 736
160 756
160 939
160 943
160 746
160 743
160 533
160 931
160 531
160 704
160 348
160 224
160 204
160 438
160 508
160 102
288 855
288 645
288 371
288 194
288 521
288 997
288 749
288 432
288 276
288 4
288 586
288 710
288 386
288 55
288 186
288 60
288 789
288 359
288 485
288 993
288 667
288 534
288 213
288 679
288 79
288 996
288 330
288 229
288 35
288 992
288 530
288 898
619 706
619 846
619 857
619 919
619 866
619 152
619 331
619 44
619 450
619 282
619 268
619 448
619 155
619 110
619 612
619 730
619 176
619 426
619 263
619 99
619 53
706 529
706 422
706 589
706 929
706 51
706 207
706 935
706 890
706 344
706 719
706 435
706 726
706 462
706 32
706 7
706 263
706 543
555 97
555 371
555 838
555 546
555 518
555 318
555 908
555 447
555 243
555 255
555 931
555 817
555 608
555 679
555 819
513 471
513 40
513 301
513 376
513 431
513 527
513 756
513 162
513 661
513 499
513 197
513 131
513 780
513 899
513 878
513 283
513 96
855 833
855 701
855 668
855 203
855 51
855 506
855 945
855 808
855 347
855 400
855 101
855 171
855 861
855 747
855 155
855 423
855 626
855 67
855 408
855 845
855 649
855 111
855 254
855 714
855 372
986 633
986 781
986 337
986 398
986 452
986 624
986 198
986 948
986 542
986 516
986 622
986 832
986 725
986 990
986 215
986 974
697 713
697 148
697 275
697 522
697 117
697 277
697 327
697 174
697 791
697 682
697 228
697 607
697 559
697 68
697 109
697 652
697 283
697 543
697 495
37 696
37 463
37 403
37 946
37 59
37 871
37 793
37 940
37 9
37 384
37 939
37 499
37 664
37 673
37 626
37 367
37 438
37 797
37 530
37 470
37 102
967 896
967 381
967 799
967 221
967 455
967 585
967 103
967 865
967 676
967 121
967 614
967 516
967 200
967 863
967 725
967 992
967 356
967 530
967 643
192 782
192 991
192 557
192 547
192 169
192 357
192 108
192 502
192 116
192 756
192 447
192 389
192 129
192 475
192 959
192 229
192 202
192 157
192 718
980 97
980 613
980 471
980 802
980 734
980 365
980 707
980 395
980 655
980 889
980 548
980 349
980 327
980 732
980 983
980 429
980 373
980 473
980 125
980 245
980 1
980 335
980 355
980 851
980 457
980 206
980 424
980 102
645 896
645 482
645 739
645 597
645 852
645 118
645 790
645 308
645 653
645 719
645 499
645 103
645 853
645 535
645 753
645 146
645 153
645 845
645 567
645 656
645 242
97 223
97 666
97 75
97 802
97 370
97 828
97 655
97 169
97 653
97 431
97 464
97 775
97 11
97 976
97 745
97 56
97 481
97 863
97 324
97 224
97 407
97 876
97 814
97 199
97 459
580 937
580 384
580 777
580 98
580 776
580 928
580 956
580 869
580 728
580 23
580 155
580 648
580 483
580 363
595 460
595 420
595 241
595 694
595 578
595 60
595 558
595 262
595 993
595 125
595 582
595 540
595 483
595 649
595 426
595 329
595 969
696 870
696 773
696 518
696 305
696 337
696 707
696 216
696 74
696 865
696 135
696 183
696 848
696 682
696 264
696 949
696 975
696 472
696 832
696 845
696 759
696 122
870 632
870 118
870 320
870 987
870 806
870 515
870 793
870 624
870 699
870 419
870 135
870 101
870 11
870 397
870 33
870 720
870 671
870 190
870 35
870 988
995 537
995 458
995 75
995 754
995 414
995 401
995 218
995 312
995 214
995 1000
995 472
995 408
995 18
995 100
995 363
15 226
15 565
15 857
15 524
15 551
15 365
15 432
15 515
15 771
15 569
15 289
512 584
512 929
512 762
512 546
512 64
512 935
512 655
512 163
512 721
512 293
512 22
512 607
512 958
512 28
512 704
512 647
512 35
512 876
512 819
512 750
512 670
782 143
782 287
782 471
782 444
782 837
782 225
782 890
782 940
782 161
782 431
782 883
782 889
782 420
782 853
782 197
782 660
782 998
782 427
782 861
782 145
782 1
782 443
782 895
782 348
782 96
713 632
713 253
713 584
713 739
713 873
713 521
713 40
713 918
713 374
713 715
713 726
713 865
713 664
713 475
713 492
713 587
713 69
713 443
713 553
713 725
713 309
713 602
433 414
433 802
433 511
433 169
433 222
433 658
433 61
433 170
433 637
433 902
433 510
433 67
433 317
433 820
433 224
433 315
433 709
433 122
57 633
57 191
57 225
57 328
57 432
57 908
57 519
57 948
57 975
57 205
529 89
529 724
529 538
529 118
529 365
529 635
529 384
529 764
529 751
529 682
529 758
529 120
529 67
529 36
529 725
529 652
529 394
529 215
128 784
128 717
128 436
128 521
128 76
128 690
128 306
128 563
128 901
128 491
128 922
128 861
128 823
128 783
128 959
128 56
128 659
128 418
128 438
128 252
128 500
128 897
128 826
143 226
143 963
143 632
143 668
143 203
143 591
143 688
143 274
143 292
143 676
143 746
143 78
143 448
143 172
143 348
226 528
226 635
226 879
226 22
226 875
226 525
226 950
226 443
226 622
226 36
226 709
610 632
610 520
610 538
610 547
610 353
610 298
610 123
610 435
610 732
610 103
610 462
610 427
610 492
610 476
610 999
610 255
610 949
610 841
610 989
610 49
610 232
610 767
610 449
610 283
610 898
610 897
81 537
81 919
81 301
81 927
81 412
81 151
81 983
81 345
81 831
81 708
81 267
81 646
81 260
81 862
81 297
81 1
81 814
81 488
81 299
193 441
193 843
193 924
193 769
193 313
193 946
193 856
193 337
193 439
193 284
193 699
193 312
193 388
193 260
193 812
193 805
193 743
193 950
193 392
193 862
193 562
193 443
193 418
193 200
193 639
193 798
193 644
193 572
193 892
193 761
193 988
193 96
193 242
565 609
565 655
565 884
565 174
565 17
565 928
565 255
565 402
565 534
565 813
565 96
565 750
565 319
168 451
168 748
168 463
168 261
168 987
168 216
168 908
168 493
168 454
168 808
168 492
168 868
168 607
168 950
168 693
168 7
168 442
168 87
168 900
8 352
8 158
8 496
8 545
8 320
8 907
8 564
8 653
8 357
8 248
8 58
8 772
8 243
8 650
8 780
8 758
8 382
8 820
8 309
8 413
8 941
8 199
8 71
896 833
896 843
896 918
896 905
896 687
896 631
896 221
896 719
896 156
896 17
896 345
896 664
896 388
896 686
896 16
896 977
896 622
896 77
896 79
896 700
549 625
549 597
549 666
549 960
549 365
549 827
549 468
549 93
549 65
549 389
549 775
549 272
549 691
549 281
549 747
549 66
549 86
549 139
549 205
549 891
549 508
549 199
381 972
381 258
381 158
381 913
381 124
381 344
381 130
381 104
381 347
381 590
381 677
381 63
381 491
381 861
381 388
381 598
381 184
381 204
381 600
381 898
417 249
417 45
417 824
417 83
417 307
417 719
417 218
417 563
417 943
417 831
417 484
417 142
417 112
417 77
417 639
417 581
417 18
417 508
417 291
417 893
417 988
846 857
846 991
846 287
846 613
846 641
846 937
846 528
846 227
846 742
846 318
846 401
846 623
846 653
846 236
846 777
846 429
846 943
846 188
846 295
846 125
846 761
846 215
846 217
235 605
235 773
235 305
235 251
235 964
235 186
235 237
235 948
235 95
235 485
235 392
235 667
235 531
235 355
235 36
235 206
235 897
711 14
711 73
711 668
711 962
711 597
711 523
711 973
711 395
711 72
711 322
711 879
711 563
711 131
711 578
711 789
711 999
711 267
711 628
711 989
711 323
711 483
711 20
711 560
711 826
441 905
441 538
441 913
441 277
441 246
441 439
441 806
441 298
441 276
441 889
441 156
441 499
441 256
441 201
441 738
441 60
441 70
441 146
441 646
441 958
441 752
441 167
441 355
441 336
441 560
441 286
778 302
778 668
778 822
778 334
778 524
778 593
778 223
778 486
778 337
778 361
778 808
778 468
778 256
778 141
778 304
778 90
778 798
778 20
778 644
778 291
778 259
857 89
857 748
857 960
857 45
857 440
857 788
857 275
857 216
857 871
857 361
857 454
857 984
857 795
857 144
857 140
857 138
857 406
857 492
857 753
857 101
857 282
857 575
857 606
857 1
857 886
857 136
857 618
857 285
849 34
849 194
849 593
849 742
849 261
849 615
849 130
849 322
849 154
849 293
849 738
849 689
849 801
849 568
849 771
849 832
849 627
849 909
849 932
849 309
849 600
849 952
972 209
972 517
972 695
972 432
972 169
972 808
972 611
972 222
972 108
972 133
972 676
972 532
972 614
972 678
972 399
972 874
972 111
422 609
422 6
422 754
422 829
422 468
422 314
422 676
422 197
422 689
422 780
422 965
422 77
422 596
422 845
422 265
422 550
422 709
422 24
422 316
784 537
784 919
784 866
784 331
784 890
784 604
784 994
784 93
784 958
784 1
991 48
991 352
991 13
991 793
991 493
991 994
991 182
991 154
991 368
991 840
991 694
991 43
991 121
991 999
991 16
991 981
991 348
991 105
991 149
991 826
991 372
779 249
779 486
779 908
779 541
779 400
779 764
779 474
779 558
779 596
779 442
779 969
833 616
833 511
833 916
833 308
833 130
833 108
833 507
833 859
833 601
833 939
833 464
833 389
833 865
833 230
833 448
833 172
833 10
833 159
833 932
833 348
833 263
833 233
833 683
963 837
963 571
963 754
963 724
963 599
963 91
963 547
963 733
963 398
963 385
963 332
963 787
963 32
963 961
963 234
963 323
963 245
963 912
963 863
633 414
633 486
633 440
633 894
633 914
633 169
633 809
633 731
633 151
633 292
633 63
633 373
633 636
633 639
633 930
633 767
191 148
191 625
191 873
191 465
191 466
191 638
191 47
191 703
191 161
191 88
191 182
191 673
191 578
191 230
191 949
191 219
191 415
191 399
701 609
701 34
701 521
701 638
701 792
701 938
701 657
701 31
701 955
701 624
701 487
701 859
701 787
701 702
701 708
701 141
701 783
701 369
701 891
701 411
701 109
701 898
701 102
287 325
287 45
287 486
287 935
287 792
287 378
287 790
287 404
287 282
287 189
287 752
287 648
287 608
287 514
287 41
287 797
287 285
148 471
148 688
148 518
148 935
148 246
148 454
148 455
148 942
148 238
148 881
148 19
148 982
148 86
148 671
148 510
148 874
148 18
148 105
148 96
148 99
244 538
244 76
244 62
244 113
244 108
244 322
244 834
244 256
244 63
244 241
244 840
244 753
244 689
244 776
244 976
244 720
244 951
244 640
613 609
613 964
613 420
613 621
613 780
613 800
613 28
613 951
613 975
613 56
613 355
613 685
613 252
613 394
451 520
451 380
451 856
451 21
451 239
451 502
451 732
451 492
451 11
451 234
451 112
451 16
451 757
451 346
968 524
968 147
968 273
968 420
968 453
968 66
968 415
968 362
968 205
968 317
968 957
968 252
968 819
968 974
479 873
479 275
479 337
479 765
479 328
479 221
479 9
479 623
479 910
479 831
479 295
479 359
479 672
479 172
479 489
479 572
609 579
609 866
609 736
609 236
609 827
609 412
609 280
609 173
609 922
609 405
609 66
609 189
609 757
609 622
609 570
609 449
609 654
609 618
609 543
609 750
89 482
89 837
89 496
89 630
89 92
89 964
89 116
89 677
89 865
89 101
89 649
89 446
89 291
89 797
127 642
127 150
127 463
127 792
127 118
127 554
127 790
127 130
127 360
127 447
127 661
127 943
127 738
127 55
127 928
127 86
127 704
127 364
127 553
127 930
127 446
127 356
127 286
127 952
127 215
127 821
127 24
48 705
48 748
48 194
48 51
48 223
48 919
48 734
48 808
48 623
48 889
48 428
48 637
48 691
48 558
48 405
48 112
48 29
48 886
48 265
48 570
843 625
843 6
843 486
843 828
843 721
843 429
843 708
843 740
843 553
843 730
14 960
14 630
14 185
14 385
14 723
14 198
14 7
14 421
14 335
14 339
14 224
605 668
605 466
605 523
605 885
605 239
605 910
605 452
605 662
605 60
605 646
605 979
605 56
605 659
605 652
781 482
781 290
781 158
781 13
781 866
781 663
781 885
781 872
781 867
781 293
781 406
781 859
781 868
781 69
781 198
781 791
781 682
781 255
781 561
781 950
781 1
781 639
781 408
781 136
781 247
781 438
705 258
705 158
705 365
705 914
705 506
705 181
705 853
705 998
705 835
705 747
705 553
705 494
705 572
705 759
705 41
705 229
705 177
705 552
705 71
589 211
589 716
589 412
589 140
589 634
589 445
589 590
589 775
589 577
589 43
589 478
589 956
589 903
589 659
589 120
589 965
589 845
589 247
589 291
589 526
632 918
632 858
632 181
632 736
632 460
632 586
632 151
632 637
632 243
632 492
632 682
632 281
632 267
632 110
632 903
632 399
632 120
632 335
632 187
632 79
632 232
632 377
632 814
537 925
537 471
537 719
537 416
537 27
537 182
537 173
537 634
537 664
537 577
537 753
537 19
537 336
642 343
642 334
642 520
642 544
642 724
642 946
642 358
642 830
642 916
642 161
642 137
642 98
642 662
642 772
642 82
642 575
642 861
642 234
642 525
642 326
642 700
642 643
73 937
73 754
73 207
73 523
73 973
73 353
73 624
73 116
73 548
73 675
73 475
73 598
73 562
73 399
73 581
73 560
73 324
73 679
73 434
73 941
73 71
343 490
343 703
343 222
343 872
343 387
343 137
343 867
343 675
343 532
343 840
343 743
343 3
343 504
343 86
343 335
343 581
343 49
343 317
343 100
343 283
343 819
343 718
625 158
625 370
625 687
625 275
625 707
625 144
625 487
625 151
625 146
625 728
625 993
625 12
625 854
625 560
625 820
625 457
625 679
625 79
625 210
625 488
748 414
748 76
748 518
748 83
748 665
748 112
748 257
748 958
748 622
748 659
748 355
748 737
748 315
748 242
300 551
300 498
300 380
300 298
300 883
300 776
300 789
300 758
300 978
300 606
300 120
300 685
300 640
300 649
302 517
302 350
302 45
302 181
302 72
302 431
302 452
302 872
302 966
302 65
302 188
302 46
302 561
302 895
302 336
302 725
302 254
302 252
302 526
668 937
668 954
668 39
668 185
668 269
668 507
668 662
668 491
668 587
668 198
668 582
668 477
668 596
668 891
668 42
668 330
668 674
668 217
253 641
253 108
253 850
253 133
253 116
253 922
253 146
253 359
253 405
253 189
253 7
253 120
253 90
253 640
253 122
253 556
253 126
822 925
822 528
822 194
822 51
822 207
822 331
822 9
822 412
822 634
822 22
822 568
822 164
822 566
375 641
375 334
375 227
375 380
375 185
375 692
375 721
375 44
375 123
375 133
375 435
375 327
375 11
375 281
375 979
375 982
375 909
375 38
375 204
375 759
375 674
375 797
375 394
371 739
371 275
371 663
371 460
371 850
371 966
371 716
371 293
371 450
371 928
371 230
371 702
371 682
371 975
371 832
371 418
371 679
371 247
371 411
371 654
371 231
249 962
249 591
249 496
249 687
249 118
249 163
249 166
249 699
249 280
249 519
249 429
249 485
249 628
249 978
249 920
249 947
249 550
249 600
249 233
584 641
584 51
584 824
584 251
584 710
584 723
584 1000
584 397
584 978
584 145
584 362
584 167
584 382
584 990
584 446
584 714
203 629
203 680
203 463
203 546
203 749
203 604
203 360
203 404
203 447
203 492
203 453
203 770
203 264
203 805
203 800
203 66
203 525
203 164
203 330
203 729
203 552
641 40
641 815
641 997
641 277
641 246
641 251
641 733
641 806
641 185
641 503
641 829
641 238
641 58
641 585
641 30
641 282
641 961
641 999
641 574
641 120
641 798
641 860
641 408
641 603
641 572
641 759
258 6
258 498
258 688
258 946
258 914
258 786
258 62
258 908
258 454
258 9
258 50
258 236
258 964
258 360
258 266
258 764
258 368
258 103
258 881
258 230
258 478
258 780
258 25
258 704
258 737
258 348
258 263
258 53
334 825
334 907
334 216
334 169
334 868
334 478
334 219
334 594
334 402
334 709
334 351
334 459
520 444
520 919
520 91
520 736
520 624
520 368
520 865
520 429
520 135
520 535
520 297
520 832
520 187
520 175
520 566
520 974
520 718
34 946
34 703
34 310
34 662
34 103
34 755
34 587
34 69
34 951
34 323
34 77
34 863
34 205
34 761
34 80
34 459
629 739
629 905
629 76
629 631
629 803
629 938
629 616
629 181
629 503
629 269
629 653
629 266
629 428
629 902
629 101
629 979
629 947
629 757
629 540
629 442
629 111
629 505
629 674
629 52
629 319
583 366
583 546
583 498
583 913
583 275
583 398
583 615
583 74
583 883
583 327
583 65
583 70
583 868
583 354
583 112
583 338
583 415
583 720
583 364
583 379
583 53
929 501
929 21
929 308
929 318
929 707
929 163
929 88
929 123
929 766
929 214
929 273
929 453
929 575
929 948
929 478
929 66
929 574
929 704
929 20
929 87
929 608
929 348
929 725
929 206
796 576
796 374
796 83
796 269
796 527
796 445
796 675
796 197
796 484
796 708
796 234
796 949
796 29
796 392
796 862
796 854
796 730
796 882
796 603
796 508
796 291
796 526
796 497
937 528
937 325
937 276
937 385
937 165
937 1000
937 902
937 121
937 712
937 489
937 68
937 581
937 224
937 617
937 424
937 602
937 390
937 379
937 215
937 974
482 773
482 680
482 185
482 460
482 503
482 44
482 108
482 827
482 879
482 162
482 461
482 841
482 164
482 864
482 543
925 414
925 301
925 885
925 945
925 527
925 293
925 11
925 25
925 172
925 863
925 534
925 763
925 369
925 202
925 390
925 53
209 321
209 490
209 690
209 707
209 216
209 50
209 298
209 236
209 161
209 527
209 406
209 676
209 817
209 2
209 494
209 215
209 199
209 543
209 217
209 430
150 905
150 225
150 885
150 318
150 163
150 756
150 400
150 661
150 292
150 902
150 437
150 751
150 240
150 886
150 434
150 202
150 957
150 552
528 579
528 275
528 856
528 337
528 62
528 793
528 716
528 404
528 660
528 354
528 415
528 975
528 132
528 996
528 509
528 356
528 654
528 893
528 500
528 988
528 319
311 918
311 511
311 26
311 515
311 130
311 123
311 133
311 879
311 853
311 69
311 607
311 722
311 2
311 335
311 798
311 626
311 20
311 617
311 514
311 177
311 342
739 762
739 521
739 913
739 734
739 736
739 173
739 389
739 188
739 69
739 743
739 542
739 7
739 667
739 886
739 210
739 54
739 383
739 122
739 80
194 638
194 271
194 804
194 182
194 726
194 420
194 85
194 63
194 373
194 43
194 747
194 947
194 959
194 639
194 408
194 206
194 508
194 309
194 600
194 252
227 114
227 440
227 261
227 308
227 435
227 17
227 129
227 708
227 504
227 582
227 704
227 410
227 330
227 411
227 342
773 825
773 378
773 907
773 786
773 276
773 384
773 93
773 22
773 473
773 689
773 789
773 672
773 219
773 86
773 56
773 10
773 559
773 212
773 38
773 36
773 348
773 286
773 217
773 71
290 366
290 522
290 74
290 850
290 716
290 766
290 293
290 634
290 420
290 201
290 142
290 296
290 959
290 516
290 184
290 730
290 136
290 426
290 109
290 729
290 199
290 259
290 495
517 76
517 547
517 180
517 165
517 359
517 405
517 267
517 979
517 730
517 426
517 122
717 890
717 320
717 27
717 400
717 295
717 728
717 862
717 931
717 651
717 90
717 10
717 68
717 990
717 122
717 670
436 623
436 503
436 412
436 340
436 268
436 607
436 640
436 442
436 206
436 992
436 714
436 470
471 666
471 114
471 790
471 655
471 615
471 503
471 455
471 276
471 850
471 140
471 61
471 764
471 865
471 345
471 272
471 183
471 340
471 282
471 478
471 125
471 25
471 678
471 443
471 596
471 900
962 806
962 615
962 940
962 419
962 65
962 686
962 189
962 607
962 862
962 886
962 402
962 67
962 644
962 202
962 215
962 102
366 321
366 913
366 839
366 113
366 883
366 248
366 266
366 661
366 776
366 340
366 791
366 23
366 155
366 864
366 187
366 744
366 508
366 952
366 988
458 378
458 547
458 871
458 940
458 727
458 72
458 154
458 776
458 391
458 832
458 229
458 811
444 579
444 207
444 792
444 21
444 515
444 269
444 653
444 298
444 455
444 984
444 197
444 775
444 237
444 758
444 125
444 25
444 636
444 931
444 569
444 177
444 876
444 814
444 683
597 799
597 663
597 271
597 26
597 385
597 883
597 188
597 854
597 430
597 718
762 799
762 271
762 938
762 113
762 147
762 306
762 214
762 881
762 474
762 621
762 237
762 812
762 805
762 752
762 68
762 382
762 882
762 934
762 299
837 666
837 270
837 692
837 306
837 241
837 646
837 801
837 975
837 594
837 77
837 279
837 346
837 497
837 80
680 924
680 321
680 261
680 615
680 994
680 384
680 154
680 665
680 230
680 297
680 540
680 844
680 570
680 952
924 124
924 493
924 306
924 539
924 292
924 373
924 789
924 875
924 999
924 626
924 644
924 941
924 552
924 430
576 905
576 538
576 973
576 966
576 487
576 293
576 312
576 675
576 661
576 420
576 474
576 801
576 920
576 640
576 36
576 324
524 953
524 754
524 328
524 151
524 63
524 125
524 562
524 640
524 761
524 424
769 894
769 331
769 830
769 308
769 103
769 450
769 43
769 835
769 780
769 415
769 423
769 965
769 446
769 683
769 99
6 350
6 873
6 913
6 690
6 604
6 306
6 93
6 447
6 135
6 427
6 473
6 492
6 145
6 505
6 569
6 508
6 811
6 424
6 618
6 497
6 495
51 370
51 490
51 21
51 515
51 306
51 182
51 867
51 853
51 637
51 19
51 7
51 760
51 854
51 278
51 167
51 206
593 984
593 27
593 586
593 548
593 787
593 776
593 405
593 568
593 23
593 187
953 328
953 877
953 412
953 419
953 170
953 420
953 853
953 746
953 650
953 391
953 812
953 189
953 7
953 145
953 667
953 981
953 990
953 122
953 957
953 96
223 350
223 275
223 272
223 55
223 578
223 758
223 155
223 951
223 757
223 912
223 409
223 205
223 737
223 644
223 315
223 898
666 818
666 307
666 452
666 266
666 214
666 694
666 19
666 340
666 230
666 686
666 899
666 228
666 950
666 862
666 164
666 903
666 442
666 608
666 329
666 904
666 215
341 960
341 927
341 623
341 984
341 435
341 710
341 400
341 865
341 831
341 535
341 684
341 640
341 36
341 42
341 413
341 709
341 52
695 114
695 393
695 180
695 940
695 883
695 590
695 429
695 146
695 686
695 979
695 120
695 559
695 410
695 68
695 212
695 930
695 367
695 204
695 279
695 411
695 430
735 858
735 365
735 50
735 731
735 166
735 452
735 582
735 409
735 212
735 205
735 336
735 229
735 674
735 126
735 372
352 506
352 564
352 615
352 985
352 405
352 281
352 747
352 989
352 667
352 864
352 639
352 649
352 80
501 544
501 824
501 321
501 638
501 804
501 137
501 835
501 107
501 86
501 722
501 603
501 744
463 337
463 985
463 137
463 404
463 867
463 801
463 33
463 951
463 704
463 442
463 176
463 644
463 514
463 811
463 911
463 446
463 351
463 208
463 220
838 523
838 616
838 118
838 916
838 395
838 293
838 340
838 282
838 805
838 745
838 979
838 832
838 423
838 508
838 424
838 286
838 643
579 873
579 742
579 858
579 47
579 856
579 547
579 554
579 395
579 248
579 834
579 5
579 861
579 747
579 667
579 139
579 494
579 570
579 109
579 430
469 521
469 13
469 152
469 432
469 921
469 467
469 280
469 429
469 532
469 1000
469 840
469 201
469 78
469 267
469 956
469 38
469 210
469 424
571 591
571 688
571 885
571 927
571 830
571 692
571 108
571 467
571 624
571 116
571 174
571 673
571 738
571 129
571 5
571 453
571 70
571 461
571 747
571 338
571 760
571 947
571 685
571 176
571 132
571 990
571 252
571 99
571 242
325 954
325 786
325 808
325 692
325 727
325 44
325 519
325 273
325 787
325 971
325 682
325 780
325 745
325 842
325 878
325 210
325 550
325 767
325 893
350 225
350 313
350 275
350 284
350 657
350 736
350 306
350 467
350 173
350 810
350 539
350 764
350 368
350 746
350 183
350 650
350 794
350 78
350 665
350 281
350 614
350 29
350 712
350 874
350 442
350 317
350 550
350 319
873 754
873 521
873 13
873 152
873 440
873 884
873 634
873 295
873 461
873 268
873 323
873 553
873 38
873 49
873 996
873 346
465 858
465 345
465 19
465 146
465 999
465 219
465 720
465 324
465 157
465 53
465 208
919 365
919 731
919 473
919 79
919 54
919 100
158 825
158 238
158 135
158 476
158 478
158 588
158 956
158 397
158 743
158 525
158 823
158 949
158 338
158 77
158 737
158 709
75 538
75 313
75 486
75 251
75 353
75 541
75 964
75 777
75 138
75 65
75 214
75 256
75 86
75 594
75 210
75 286
75 566
546 45
546 378
546 398
546 62
546 635
546 940
546 611
546 385
546 416
546 429
546 243
546 573
546 492
546 922
546 425
546 112
546 612
546 383
546 449
546 718
754 703
754 26
754 236
754 507
754 875
754 931
754 959
754 42
754 550
754 811
754 567
521 496
521 518
521 793
521 921
521 154
521 859
521 22
521 789
521 69
521 899
521 758
521 3
521 415
521 399
521 120
521 67
521 514
521 497
521 974
551 547
551 130
551 104
551 699
551 349
551 65
551 939
551 620
551 60
551 922
551 388
551 614
551 442
551 49
551 204
551 990
40 802
40 207
40 271
40 506
40 727
40 985
40 480
40 473
40 751
40 965
40 909
40 68
40 608
40 54
40 446
40 126
544 13
544 225
544 894
544 119
544 635
544 721
544 741
544 272
544 55
544 587
544 928
544 961
544 956
544 743
544 912
544 900
544 495
498 365
498 308
498 707
498 810
498 859
498 188
498 295
498 776
498 628
498 533
498 774
498 684
498 596
498 639
498 581
498 111
498 41
498 898
498 126
960 211
960 954
960 830
960 506
960 721
960 994
960 966
960 25
960 456
960 205
960 213
960 457
960 204
960 917
960 683
13 440
13 506
13 166
13 879
13 412
13 601
13 665
13 237
13 801
13 936
13 342
13 319
13 670
742 913
742 638
742 307
742 624
742 397
742 504
742 107
742 333
742 836
742 494
742 247
742 105
742 157
742 897
742 24
742 208
742 259
414 178
414 538
414 124
414 395
414 657
414 515
414 615
414 808
414 721
414 92
414 385
414 404
414 248
414 165
414 340
414 125
414 56
414 594
414 326
414 483
414 18
403 885
403 344
403 294
403 19
403 146
403 405
403 212
403 317
403 572
403 811
403 102
799 117
799 703
799 123
799 467
799 85
799 998
799 474
799 453
799 437
799 976
799 861
799 936
799 800
799 172
799 622
799 336
799 934
799 220
799 217
64 852
64 687
64 698
64 91
64 113
64 50
64 921
64 431
64 218
64 151
64 810
64 447
64 420
64 373
64 770
64 29
64 979
64 303
64 472
64 903
64 981
64 612
64 179
64 811
64 952
64 941
64 552
923 284
923 88
923 719
923 27
923 681
923 831
923 775
923 453
923 485
923 977
923 993
923 155
923 931
923 785
923 205
923 895
923 396
923 286
45 808
45 721
45 455
45 387
45 966
45 416
45 162
45 406
45 859
45 840
45 492
45 875
45 702
45 267
45 607
45 693
45 832
45 315
45 761
45 709
45 497
852 724
852 663
852 39
852 216
852 454
852 401
852 692
852 306
852 527
852 865
852 660
852 573
852 776
852 575
852 33
852 574
852 141
852 720
852 18
852 42
852 811
852 413
852 917
852 729
852 670
114 76
114 858
114 907
114 398
114 113
114 74
114 137
114 349
114 970
114 673
114 702
114 812
114 245
114 832
114 364
114 229
114 259
724 918
724 905
724 913
724 690
724 547
724 26
724 340
724 476
724 437
724 11
724 614
724 425
724 758
724 338
724 3
724 752
724 771
724 339
724 505
724 342
918 152
918 604
918 395
918 809
918 130
918 503
918 88
918 850
918 467
918 243
918 979
918 989
918 951
918 864
918 648
918 531
918 627
918 540
918 159
918 483
918 20
918 136
918 821
301 591
301 328
301 432
301 395
301 933
301 460
301 527
301 360
301 699
301 349
301 464
301 292
301 752
301 887
301 408
301 570
301 100
301 602
301 654
380 910
380 44
380 123
380 154
380 585
380 368
380 214
380 428
380 637
380 196
380 354
380 561
380 260
380 397
380 415
380 145
380 704
557 954
557 687
557 117
557 460
557 829
557 791
557 686
557 672
557 728
557 745
557 979
557 993
557 423
557 860
557 683
905 47
905 284
905 398
905 72
905 373
905 391
905 888
905 355
905 153
905 930
905 317
905 315
905 652
905 974
824 825
824 946
824 935
824 515
824 615
824 810
824 389
824 577
824 272
824 388
824 142
824 899
824 448
824 888
824 25
824 864
824 659
824 200
824 878
824 876
824 683
178 541
178 195
178 93
178 738
178 902
178 478
178 397
178 989
178 164
178 959
178 245
178 516
178 608
178 891
178 996
178 330
178 446
178 263
178 600
591 690
591 284
591 50
591 731
591 161
591 699
591 827
591 27
591 182
591 406
591 588
591 979
591 982
591 125
591 920
591 562
591 505
591 566
591 351
591 208
270 997
270 545
270 806
270 945
270 586
270 532
270 63
270 241
270 183
270 650
270 971
270 628
270 7
270 86
270 477
270 213
270 500
270 242
211 275
211 460
211 721
211 699
211 877
211 312
211 601
211 135
211 131
211 492
211 587
211 948
211 172
211 333
211 367
211 679
211 876
211 897
211 656
211 319
954 856
954 940
954 108
954 661
954 107
954 882
954 497
538 275
538 616
538 9
538 293
538 214
538 256
538 241
538 587
538 461
538 106
538 672
538 29
538 219
538 651
538 965
538 348
538 286
538 934
538 974
538 430
225 271
225 344
225 527
225 387
225 716
225 151
225 154
225 103
225 373
225 30
225 448
225 725
225 96
313 946
313 663
313 305
313 987
313 294
313 985
313 467
313 883
313 182
313 98
313 214
313 491
313 3
313 219
313 145
313 516
313 704
313 639
313 534
313 87
313 369
313 570
313 990
313 508
313 449
313 813
313 944
313 643
321 830
321 527
321 889
321 548
321 723
321 637
321 473
321 60
321 708
321 382
321 990
321 761
321 530
486 440
486 523
486 277
486 731
486 357
486 719
486 134
486 507
486 585
486 63
486 738
486 461
486 484
486 607
486 472
486 912
486 315
486 157
866 703
866 736
866 719
866 218
866 880
866 487
866 661
866 901
866 420
866 998
866 43
866 950
866 421
866 651
866 336
866 990
866 24
599 653
599 161
599 880
599 634
599 723
599 906
599 747
599 525
599 297
599 20
599 819
599 900
599 372
802 997
802 690
802 635
802 452
802 795
802 634
802 568
802 989
802 887
802 878
802 952
802 500
913 76
913 803
913 547
913 908
913 384
913 138
913 94
913 902
913 868
913 425
913 125
913 411
913 904
913 53
913 71
370 275
370 523
370 768
370 830
370 703
370 185
370 884
370 847
370 347
370 970
370 82
370 660
370 186
370 682
370 614
370 415
370 443
370 640
370 67
370 377
370 470
370 670
76 987
76 515
76 92
76 431
76 527
76 322
76 429
76 16
76 693
76 947
76 12
76 396
496 856
496 935
496 768
496 108
496 360
496 94
496 853
496 197
496 776
496 561
496 800
496 947
496 172
496 408
496 279
496 990
496 53
393 119
393 910
393 994
393 889
393 140
393 162
393 636
393 864
393 671
393 364
393 402
393 930
393 509
825 616
825 973
825 59
825 308
825 185
825 658
825 906
825 201
825 323
825 851
825 744
825 346
688 914
688 115
688 499
688 340
688 461
688 791
688 899
688 805
688 947
688 297
688 38
688 767
466 83
466 248
466 889
466 17
466 354
466 646
466 189
466 12
466 10
466 224
466 725
466 315
466 122
946 169
946 83
946 74
946 984
946 273
946 165
946 794
946 425
946 303
946 297
946 516
946 505
946 247
946 411
946 500
946 379
946 351
687 955
687 274
687 601
687 256
687 345
687 532
687 201
687 753
687 19
687 453
687 628
687 392
687 931
687 622
687 483
687 891
687 190
687 508
687 543
687 934
638 358
638 914
638 507
638 787
638 676
638 165
638 578
638 476
638 948
638 672
638 989
638 959
638 560
638 567
638 530
631 378
631 830
631 554
631 615
631 108
631 756
631 273
631 197
631 753
631 667
631 832
631 594
631 700
631 430
152 734
152 349
152 983
152 853
152 186
152 812
152 823
152 542
152 979
152 164
152 785
152 886
152 206
152 41
152 497
152 299
518 305
518 378
518 545
518 515
518 850
518 360
518 98
518 445
518 539
518 881
518 85
518 637
518 862
518 582
518 596
518 674
518 566
815 374
815 284
815 699
815 274
815 173
815 332
815 861
815 142
815 29
815 704
815 874
815 335
815 737
815 339
815 644
815 229
440 871
440 180
440 9
440 719
440 218
440 764
440 103
440 677
440 473
440 976
440 121
440 936
440 561
440 485
440 958
440 141
440 12
440 304
440 79
440 199
207 786
207 185
207 236
207 72
207 585
207 708
207 780
207 418
207 536
207 68
207 79
207 122
207 351
828 166
828 445
828 764
828 901
828 577
828 475
828 922
828 11
828 993
828 110
828 832
828 52
788 337
788 907
788 964
788 416
788 314
788 238
788 312
788 577
788 578
788 43
788 69
788 232
788 109
788 600
788 356
788 488
803 365
803 736
803 101
803 32
803 478
803 525
803 534
803 845
803 210
803 424
803 52
275 604
275 274
275 738
275 745
275 989
275 164
275 56
275 139
275 212
275 494
275 136
275 319
858 522
858 59
858 830
858 62
858 83
858 502
858 976
858 415
858 886
858 684
858 79
858 315
858 556
858 683
663 506
663 790
663 955
663 884
663 984
663 416
663 368
663 532
663 738
663 129
663 789
663 237
663 189
663 415
663 1
663 567
663 897
663 242
894 439
894 140
894 406
894 17
894 475
894 650
894 993
894 418
894 355
894 570
894 126
894 900
47 871
47 908
47 502
47 137
47 865
47 1000
47 101
47 437
47 268
47 296
47 338
47 415
47 516
47 505
47 35
305 765
305 395
305 108
305 238
305 575
305 95
305 56
305 685
305 71
271 997
271 39
271 916
271 169
271 829
271 807
271 389
271 1000
271 474
271 484
271 561
271 542
271 771
271 785
271 90
271 184
271 153
271 891
271 603
271 315
271 149
271 316
997 707
997 353
997 966
997 134
997 243
997 268
997 758
997 745
997 667
997 477
997 704
997 10
997 159
997 79
997 263
997 904
997 714
997 459
997 102
698 180
698 113
698 921
698 766
698 676
698 577
698 476
698 391
698 561
698 264
698 362
698 317
698 100
698 233
698 709
698 316
358 707
358 910
358 527
358 404
358 889
358 880
358 182
358 834
358 58
358 373
358 977
358 77
358 184
358 409
358 626
358 483
358 367
358 54
358 157
358 53
734 927
734 611
734 322
734 195
734 715
734 400
734 807
734 775
734 282
734 659
734 536
734 878
734 904
734 729
734 934
734 208
523 786
523 624
523 883
523 487
523 273
523 165
523 669
523 558
523 999
523 110
523 77
523 990
523 80
856 692
856 611
856 416
856 27
856 723
856 841
856 172
856 369
856 413
856 233
856 797
337 890
337 361
337 162
337 906
337 453
337 848
337 672
337 260
337 805
337 598
337 874
337 355
337 489
337 761
337 100
337 876
337 175
91 21
91 357
91 161
91 404
91 829
91 983
91 103
91 746
91 317
91 572
91 567
91 988
91 488
522 547
522 185
522 795
522 416
522 660
522 188
522 282
522 956
522 1
522 622
522 909
522 396
522 457
522 992
522 957
522 96
522 826
935 615
935 50
935 4
935 385
935 134
935 563
935 787
935 340
935 43
935 621
935 281
935 542
935 771
935 540
935 449
935 177
117 251
117 655
117 586
117 129
117 405
117 672
117 303
117 12
117 477
117 594
117 659
117 456
117 639
117 206
117 816
117 897
117 208
277 490
277 118
277 830
277 907
277 916
277 21
277 658
277 859
277 332
277 983
277 902
277 196
277 264
277 606
277 553
277 167
277 77
277 190
277 100
277 656
277 53
792 829
792 726
792 445
792 368
792 464
792 85
792 476
792 708
792 425
792 66
792 659
792 730
792 382
792 339
792 811
792 309
792 761
792 53
938 890
938 871
938 92
938 881
938 676
938 982
938 77
938 560
938 457
938 54
938 291
938 893
885 365
885 945
885 850
885 312
885 368
885 197
885 573
885 476
885 949
885 930
885 836
885 132
885 265
885 957
885 500
885 71
331 927
331 880
331 314
331 710
331 98
331 397
331 141
331 494
331 100
768 251
768 765
768 31
768 527
768 883
768 27
768 499
768 201
768 373
768 453
768 106
768 196
768 405
768 267
768 533
768 333
768 685
768 204
768 105
246 973
246 710
246 587
246 11
246 448
246 993
246 582
246 874
246 200
246 842
246 814
246 552
804 827
804 715
804 787
804 532
804 948
804 686
804 747
804 28
804 730
804 930
804 813
804 215
490 945
490 298
490 883
490 675
490 462
490 491
490 476
490 107
490 798
490 430
490 670
839 216
839 872
839 964
839 404
839 829
839 810
839 312
839 295
839 476
839 928
839 405
839 743
839 947
839 402
839 540
839 639
839 640
839 348
839 111
839 377
251 690
251 185
251 269
251 276
251 694
251 142
251 949
251 607
251 841
251 887
251 536
251 252
251 96
616 284
616 635
616 182
616 710
616 103
616 533
616 477
616 423
616 456
616 184
616 508
616 424
616 259
616 319
927 384
927 138
927 751
927 948
927 646
927 628
927 823
927 164
927 364
927 559
927 798
927 483
927 434
927 505
927 84
927 813
927 543
374 74
374 269
374 541
374 332
374 46
374 948
374 928
374 869
374 812
374 257
374 562
374 224
374 407
818 180
818 31
818 9
818 276
818 585
818 55
818 694
818 282
818 861
818 801
818 362
818 596
818 283
818 957
818 941
818 285
690 630
690 31
690 376
690 72
690 827
690 93
690 332
690 295
690 101
690 70
690 448
690 2
690 864
690 297
690 811
690 413
690 600
378 554
378 454
378 933
378 44
378 548
378 93
378 677
378 558
378 425
378 303
378 667
378 49
378 550
378 552
118 547
118 554
118 795
118 103
118 673
118 812
118 582
118 903
118 536
118 679
118 567
118 285
118 217
511 361
511 104
511 416
511 116
511 677
511 901
511 241
511 255
511 771
511 531
511 488
511 729
511 900
511 299
119 506
119 786
119 307
119 387
119 879
119 756
119 881
119 243
119 472
119 516
119 481
119 644
973 834
973 61
973 453
973 682
973 281
973 28
973 56
973 851
973 38
973 136
973 291
973 813
973 126
545 806
545 26
545 539
545 922
545 354
545 572
545 285
39 502
39 563
39 677
39 60
39 11
39 614
39 477
39 409
39 54
39 767
39 394
59 365
59 294
59 731
59 872
59 312
59 82
59 22
59 201
59 578
59 69
59 485
59 743
59 752
59 915
59 28
59 774
59 172
59 324
59 329
59 449
59 379
59 900
890 945
890 541
890 699
890 829
890 879
890 428
890 69
890 348
890 289
890 109
890 242
890 319
439 749
439 261
439 806
439 92
439 699
439 162
439 943
439 30
439 922
439 338
439 28
439 164
439 725
439 761
439 299
365 506
365 124
365 361
365 269
365 527
365 847
365 419
365 585
365 427
365 46
365 32
365 791
365 800
365 958
365 864
365 443
365 886
830 328
830 604
830 460
830 50
830 387
830 699
830 658
830 939
830 241
830 998
830 196
830 23
830 926
830 627
830 184
830 187
830 944
914 733
914 585
914 764
914 787
914 427
914 272
914 129
914 282
914 415
914 481
914 42
284 4
284 174
284 661
284 214
284 807
284 998
284 708
284 956
284 903
284 603
284 100
284 600
749 274
749 681
749 726
749 998
749 535
749 558
749 397
749 704
749 200
749 556
749 80
749 459
320 181
320 503
320 72
320 877
320 906
320 234
320 145
320 107
320 172
320 975
320 408
320 204
320 179
320 430
506 50
506 922
506 672
506 926
506 297
506 671
506 510
506 912
506 874
506 18
506 679
506 644
506 52
547 908
547 454
547 147
547 966
547 61
547 981
547 184
547 382
547 291
547 424
907 945
907 137
907 314
907 170
907 332
907 776
907 751
907 702
907 949
907 145
907 864
907 798
907 860
907 411
907 309
907 709
907 177
703 658
703 280
703 834
703 677
703 787
703 738
703 743
703 926
703 598
703 594
703 640
703 714
916 361
916 635
916 431
916 877
916 586
916 140
916 349
916 450
916 429
916 676
916 740
916 841
916 141
916 107
916 212
916 187
916 820
916 709
916 957
916 208
261 360
261 710
261 634
261 273
261 999
261 23
261 594
261 229
261 767
261 600
554 307
554 74
554 412
554 266
554 677
554 121
554 598
554 982
554 67
554 339
790 615
790 4
790 85
790 428
790 121
790 800
790 232
790 424
790 24
733 398
733 92
733 195
733 658
733 879
733 462
733 241
733 228
733 132
733 413
733 102
786 307
786 353
786 182
786 710
786 274
786 667
786 456
786 639
786 438
786 157
786 24
786 934
786 372
124 460
124 563
124 1000
124 268
124 976
124 823
124 296
124 297
124 176
124 844
124 608
124 177
124 821
987 460
987 692
987 50
987 884
987 416
987 134
987 182
987 154
987 859
987 676
987 420
987 791
987 257
987 598
987 167
987 639
987 324
987 530
987 208
765 455
765 108
765 850
765 467
765 723
765 840
765 573
765 647
765 944
21 933
21 401
21 166
21 88
21 108
21 519
21 764
21 292
21 755
21 338
21 760
21 145
21 932
21 560
21 18
21 42
21 505
21 99
310 955
310 719
310 801
310 504
310 720
310 582
310 409
310 860
310 581
310 647
310 426
310 315
310 289
310 957
310 988
310 342
310 351
328 292
328 201
328 575
328 801
328 425
328 29
328 993
328 531
328 704
328 213
328 54
328 819
328 217
432 398
432 130
432 306
432 406
432 499
432 689
432 230
432 3
432 392
432 423
432 909
432 167
432 213
432 122
308 361
308 793
308 72
308 795
308 787
308 345
308 292
308 755
308 373
308 23
308 950
308 28
308 245
308 184
308 845
308 36
308 190
308 744
308 974
318 163
318 945
318 435
318 103
318 464
318 273
318 582
318 912
318 627
318 639
318 409
318 42
318 497
707 604
707 74
707 910
707 273
707 240
707 260
707 3
707 947
707 54
707 35
707 819
707 969
707 99
564 611
564 541
564 95
564 542
564 915
564 785
564 909
564 205
564 679
564 446
564 233
564 714
564 556
181 156
181 487
181 867
181 548
181 772
181 464
181 388
181 281
181 978
181 125
181 336
181 679
181 876
398 221
398 736
398 9
398 611
398 431
398 137
398 829
398 715
398 445
398 201
398 70
398 296
398 958
398 477
398 364
398 536
398 559
398 205
398 54
398 217
604 395
604 180
604 130
604 624
604 134
604 487
604 196
604 558
604 95
604 999
604 588
604 16
604 817
604 763
604 891
604 509
604 413
604 126
604 259
395 806
395 163
395 623
395 387
395 586
395 154
395 726
395 673
395 637
395 359
395 504
395 510
395 167
395 442
395 87
395 41
395 377
395 413
395 286
395 231
395 285
395 974
655 9
655 716
655 681
655 810
655 585
655 993
655 145
655 817
655 783
655 594
655 409
655 534
655 377
655 363
221 910
221 116
221 400
221 772
221 661
221 129
221 60
221 864
221 509
221 122
221 683
216 808
216 72
216 699
216 404
216 70
216 268
216 975
216 596
216 489
216 608
216 79
216 893
657 806
657 515
657 133
657 182
657 673
657 171
657 476
657 575
657 612
657 200
657 438
657 80
657 342
806 831
806 340
806 691
806 621
806 646
806 335
806 684
806 184
806 205
806 895
806 508
806 394
62 88
62 123
62 144
62 681
62 741
62 865
62 755
62 491
62 691
62 971
62 125
62 323
62 959
62 278
871 83
871 401
871 611
871 357
871 332
871 243
871 791
871 392
871 915
871 888
871 510
871 176
871 603
871 254
871 526
871 231
871 814
871 934
361 113
361 611
361 850
361 129
361 78
361 262
361 219
361 931
361 785
361 278
361 410
361 367
361 744
361 509
361 446
361 122
361 813
26 161
26 385
26 419
26 327
26 445
26 464
26 68
26 449
26 283
26 149
635 460
635 104
635 72
635 135
635 60
635 101
635 720
635 760
635 817
635 110
635 120
635 200
635 820
635 816
635 252
635 157
635 99
630 615
630 601
630 901
630 998
630 427
630 373
630 620
630 558
630 961
630 720
630 612
630 483
630 600
630 488
630 900
630 99
630 495
180 269
180 298
180 88
180 452
180 487
180 238
180 347
180 17
180 943
180 971
180 95
180 882
180 367
180 204
180 570
180 526
180 897
180 556
515 169
515 83
515 27
515 787
515 650
515 171
515 219
515 86
515 172
515 87
515 233
515 656
793 22
793 775
793 237
793 10
793 489
793 820
793 990
793 346
793 342
793 900
793 208
793 670
185 113
185 966
185 539
185 332
185 94
185 491
185 201
185 135
185 621
185 848
185 12
185 297
185 423
185 763
185 438
185 35
908 74
908 455
908 404
908 248
908 340
908 240
908 805
908 257
908 145
908 845
908 679
908 569
908 876
113 468
113 473
113 198
113 999
113 596
113 153
113 534
113 426
113 797
115 454
115 147
115 719
115 151
115 214
115 1000
115 492
115 776
115 805
115 712
115 145
115 651
115 423
115 886
115 326
115 895
115 560
115 41
115 974
493 994
493 563
493 445
493 450
493 1000
493 922
493 669
493 388
493 234
493 29
493 912
493 930
493 41
493 291
493 904
493 944
454 4
454 699
454 983
454 131
454 30
454 558
454 928
454 959
454 159
454 718
169 92
169 104
169 984
169 877
169 349
169 675
169 197
169 397
169 2
169 68
169 159
169 882
163 829
163 327
163 420
163 753
163 106
163 976
163 956
163 338
163 392
163 888
163 200
163 842
163 434
163 279
163 84
163 309
933 276
933 867
933 373
933 237
933 77
933 410
933 489
933 685
933 442
933 845
933 608
933 190
933 383
933 283
933 618
31 727
31 269
31 151
31 867
31 672
31 425
31 264
31 7
31 951
31 874
31 842
31 254
31 814
31 826
31 670
376 601
376 256
376 787
376 753
376 282
376 268
376 667
376 627
376 442
376 356
376 876
376 252
376 988
945 344
945 883
945 879
945 462
945 373
945 669
945 106
945 835
945 728
344 966
344 673
344 922
344 928
344 861
344 887
344 323
344 409
344 891
344 569
344 105
615 419
615 5
615 492
615 728
615 823
615 262
615 12
615 981
615 540
615 232
615 952
615 495
940 462
940 186
940 588
940 219
940 245
940 685
940 763
940 41
940 229
940 80
940 944
736 130
736 236
736 532
736 243
736 295
736 28
736 136
736 969
83 151
83 590
83 165
83 831
83 738
83 961
83 66
83 704
83 617
83 897
401 921
401 985
401 928
401 504
401 959
401 912
401 489
401 674
401 363
401 175
294 140
294 406
294 948
294 801
294 951
294 722
294 975
294 912
294 854
294 335
294 409
294 617
294 811
294 992
294 96
294 199
294 470
955 624
955 116
955 386
955 154
955 174
955 266
955 46
955 172
955 761
955 543
460 222
460 548
460 103
460 273
460 295
460 475
460 535
460 751
460 770
460 338
460 399
460 854
460 67
460 205
460 179
460 570
460 550
460 917
460 816
460 813
460 215
460 99
809 154
809 93
809 174
809 273
809 794
809 835
809 869
809 636
809 516
809 10
809 483
809 369
809 177
808 236
808 166
808 144
808 681
808 373
808 475
808 747
808 267
808 915
808 920
808 120
808 508
808 674
808 430
692 274
692 859
692 480
692 840
692 800
692 958
692 574
692 415
692 636
692 874
692 909
692 167
692 67
692 534
692 190
692 390
692 900
692 470
692 750
307 92
307 298
307 387
307 966
307 435
307 93
307 831
307 650
307 770
307 155
307 86
307 553
307 434
307 530
307 259
727 558
727 405
727 267
727 812
727 745
727 648
727 874
727 647
727 317
727 346
9 541
9 140
9 162
9 354
9 672
9 989
9 862
9 581
9 483
9 426
9 700
9 767
623 92
623 452
623 387
623 879
623 810
623 831
623 791
623 861
623 542
623 125
623 164
623 323
623 90
623 159
623 38
623 18
623 654
623 175
74 611
74 658
74 810
74 174
74 19
74 281
74 740
74 678
74 514
130 431
130 889
130 43
130 69
130 722
130 582
130 120
130 863
130 489
130 153
130 494
130 652
50 502
50 507
50 274
50 238
50 723
50 103
50 230
50 525
50 23
50 399
50 886
50 863
50 206
50 149
921 154
921 162
921 174
921 464
921 999
921 219
921 903
921 622
921 363
721 156
721 726
721 327
721 131
721 535
721 789
721 145
721 912
721 120
721 684
721 49
721 930
611 964
611 7
611 720
611 636
611 333
611 335
611 842
611 895
611 426
611 683
611 259
731 716
731 507
731 182
731 280
731 590
731 673
731 32
731 958
731 12
731 912
731 18
731 530
731 316
239 133
239 699
239 416
239 218
239 69
239 869
239 110
239 531
239 481
239 434
239 111
239 315
239 767
239 670
503 541
503 847
503 137
503 404
503 462
503 340
503 780
503 16
503 667
503 612
503 596
503 679
503 210
503 759
503 254
503 729
147 541
147 195
147 764
147 568
147 693
147 965
147 684
147 895
147 570
147 543
910 847
910 883
910 61
910 476
910 801
910 559
910 409
910 408
910 205
910 434
910 369
910 759
910 811
910 893
910 252
910 500
910 718
353 222
353 966
353 491
353 46
353 474
353 817
353 423
353 383
353 941
353 379
884 708
884 747
884 651
884 110
884 531
884 832
884 886
884 36
884 377
884 446
884 652
884 488
92 669
92 516
92 730
92 317
92 567
92 714
92 543
269 677
269 776
269 1
269 617
269 289
269 109
269 105
653 385
653 810
653 480
653 694
653 862
653 489
653 798
653 254
653 761
653 952
653 488
298 104
298 985
298 467
298 810
298 94
298 691
298 69
298 976
298 230
298 936
298 392
298 783
298 981
298 483
298 42
298 570
298 509
298 767
298 356
298 876
298 556
298 71
455 880
455 881
455 282
455 587
455 146
455 354
455 281
455 296
455 841
455 862
455 774
455 362
455 36
455 18
455 363
455 175
455 670
104 480
104 702
104 478
104 176
104 891
104 283
104 299
357 964
357 327
357 391
357 461
357 32
357 145
357 785
357 456
357 324
357 330
276 853
276 268
276 575
276 574
276 141
276 262
276 392
276 542
276 975
276 111
276 530
222 387
222 699
222 867
222 406
222 243
222 476
222 770
222 141
222 421
222 608
222 763
222 179
222 550
222 656
222 683
984 994
984 467
984 829
984 532
984 650
984 155
984 844
984 339
984 190
984 100
984 816
984 952
236 867
236 170
236 901
236 676
236 587
236 665
236 281
236 812
236 978
236 581
236 87
236 109
236 654
4 386
4 214
4 474
4 578
4 354
4 745
4 125
4 783
4 671
4 550
4 105
4 122
4 543
4 220
72 347
72 746
72 171
72 11
72 976
72 255
72 823
72 920
72 886
72 100
72 252
161 847
161 883
161 906
161 391
161 237
161 928
161 812
161 758
161 745
161 504
161 678
161 581
161 224
161 190
161 990
161 413
161 351
994 719
994 563
994 943
994 264
994 949
994 862
994 56
994 110
994 407
994 157
994 821
44 93
44 214
44 450
44 55
44 171
44 947
44 651
44 481
44 996
44 744
44 84
44 550
166 108
166 129
166 186
166 121
166 607
166 540
166 483
166 213
166 369
166 570
166 911
166 674
166 208
166 552
88 877
88 156
88 480
88 272
88 573
88 785
88 443
88 704
88 652
88 500
88 821
385 27
385 715
385 970
385 853
385 478
385 255
385 485
385 574
385 200
385 685
385 581
385 438
385 744
385 84
385 291
385 286
108 942
108 601
108 691
108 704
108 863
108 79
108 52
108 363
123 751
123 121
123 869
123 16
123 926
123 199
850 872
850 658
850 590
850 492
850 789
850 568
850 712
850 141
850 704
850 410
850 851
850 842
850 396
850 342
850 718
502 699
502 777
502 677
502 197
502 848
502 405
502 770
502 862
502 421
502 77
502 969
502 459
985 154
985 170
985 620
985 196
985 405
985 141
985 684
985 136
985 247
985 759
985 797
985 566
985 643
431 948
431 189
431 317
431 377
431 379
306 829
306 419
306 349
306 775
306 30
306 405
306 835
306 23
306 607
306 125
306 12
306 903
306 283
452 447
452 461
452 758
452 888
452 297
452 516
452 912
452 854
452 355
452 570
452 289
452 252
452 285
872 810
872 661
872 94
872 672
872 542
872 2
872 903
872 536
872 730
467 389
467 188
467 578
467 848
467 899
467 817
467 421
467 909
467 845
467 457
467 811
795 810
795 61
795 171
795 672
795 993
795 125
795 423
795 893
624 314
624 429
624 686
624 747
624 949
624 607
624 472
624 481
624 278
624 811
624 488
624 430
384 541
384 507
384 650
384 751
384 665
384 478
384 785
384 516
384 362
384 798
384 212
384 581
384 396
384 570
384 811
384 52
384 526
384 897
384 394
384 220
719 964
719 103
719 575
719 899
719 958
719 887
719 626
719 67
719 505
719 309
719 797
719 80
719 683
719 102
719 316
719 750
541 507
541 831
541 5
541 186
541 43
541 922
541 69
541 575
541 558
541 281
541 780
541 648
541 981
541 626
541 581
133 30
133 186
133 622
133 603
527 889
527 741
527 464
527 789
527 7
527 184
527 608
527 457
527 136
527 600
527 674
527 177
527 122
527 893
387 248
387 447
387 272
387 665
387 303
387 326
387 153
387 438
387 109
387 215
387 821
387 99
964 710
964 865
964 738
964 340
964 106
964 614
964 264
964 887
964 659
964 842
964 265
964 514
964 329
964 291
360 314
360 429
360 11
360 112
360 3
360 892
360 600
360 372
847 134
847 165
847 794
847 141
847 303
847 783
847 678
847 408
847 990
847 572
847 602
847 199
322 272
322 751
322 354
322 949
322 145
322 678
322 909
322 254
322 819
322 826
966 699
966 756
966 373
966 295
966 665
966 800
966 296
966 338
966 510
966 903
966 333
966 153
966 377
966 709
966 199
699 715
699 507
699 539
699 853
699 637
699 427
699 535
699 60
699 621
699 142
699 805
699 421
699 56
699 863
699 560
699 339
699 190
699 177
699 495
137 134
137 634
137 661
137 998
137 240
137 179
137 286
137 470
137 53
137 285
137 718
716 491
716 958
716 993
716 304
716 582
716 278
716 860
716 442
883 354
883 257
883 504
883 785
883 229
883 761
883 813
883 351
883 974
404 314
404 151
404 450
404 55
404 171
404 7
404 981
404 335
404 988
404 99
827 939
827 943
827 230
827 95
827 234
827 326
827 111
827 957
827 897
827 319
416 134
416 156
416 43
416 959
416 932
416 952
195 347
195 831
195 620
195 776
195 484
195 646
195 16
195 982
195 931
195 678
195 489
195 860
195 941
195 285
134 859
134 677
134 664
134 200
134 685
134 534
134 932
134 279
134 911
134 944
829 601
829 32
829 141
829 125
829 245
829 483
829 569
829 759
829 363
877 491
877 5
877 461
877 484
877 835
877 801
877 899
877 823
877 926
877 920
877 110
877 326
877 647
877 210
877 767
877 709
248 266
248 970
248 165
248 186
248 78
248 686
248 533
248 189
248 574
248 421
248 651
248 456
248 569
248 346
248 957
116 349
116 94
116 22
116 85
116 129
116 485
116 757
116 863
116 640
116 49
116 339
116 654
116 394
116 566
116 372
27 218
27 794
27 587
27 453
27 66
27 326
27 725
27 898
27 53
586 548
586 58
586 30
586 587
586 437
586 976
586 478
586 219
586 981
586 200
586 685
586 67
586 369
586 992
586 96
586 618
586 552
586 259
777 772
777 906
777 22
777 607
777 598
777 932
777 336
777 494
777 654
777 566
777 826
777 220
435 732
435 450
435 881
435 30
435 69
435 760
435 893
435 813
435 821
435 470
435 459
658 766
658 775
658 578
658 961
658 708
658 421
658 684
658 489
658 572
658 96
879 386
879 867
879 519
879 662
879 243
879 961
879 771
879 931
879 678
879 553
879 494
879 330
879 567
879 363
879 821
879 944
879 71
715 154
715 675
715 292
715 755
715 922
715 669
715 198
715 949
715 415
715 562
715 909
715 759
715 449
715 356
218 662
218 775
218 391
218 791
218 112
218 10
218 851
218 860
218 132
218 990
218 567
218 652
412 140
412 810
412 691
412 636
412 996
412 346
412 552
507 889
507 487
507 349
507 30
507 875
507 805
507 745
507 28
507 472
507 333
507 408
507 324
507 878
507 111
507 488
507 319
468 131
468 812
468 743
468 667
468 783
468 1
468 139
468 38
468 408
468 175
889 93
889 577
889 5
889 69
889 106
889 848
889 999
889 219
889 383
889 446
889 674
144 280
144 970
144 499
144 101
144 478
144 956
144 743
144 959
144 362
144 965
144 87
144 767
144 952
880 312
880 103
880 94
880 292
880 272
880 295
880 789
880 621
880 228
880 977
880 25
880 864
880 704
880 409
880 159
880 508
314 998
314 573
314 484
314 982
314 915
314 355
314 640
314 763
314 80
314 821
182 312
182 775
182 129
182 474
182 405
182 3
182 627
182 854
182 820
182 679
182 369
182 900
182 149
156 662
156 577
156 183
156 388
156 234
156 296
156 817
156 418
156 581
156 895
156 911
156 470
487 971
487 936
487 800
487 262
487 392
487 145
487 627
487 536
487 68
487 205
487 367
487 617
487 157
487 944
419 840
419 672
419 926
419 758
419 979
419 120
419 559
419 639
419 254
419 291
419 714
419 430
280 78
280 234
280 993
280 915
280 362
280 423
280 409
280 213
280 434
280 550
280 767
151 710
151 445
151 675
151 585
151 637
151 848
151 234
151 720
151 25
151 757
151 594
151 200
151 67
151 763
151 84
151 718
710 447
710 373
710 473
710 578
710 936
710 240
710 740
710 232
710 674
710 900
386 266
386 480
386 780
386 672
386 977
386 926
386 979
386 912
386 700
386 814
140 266
140 69
140 561
140 606
140 505
140 377
140 35
140 157
140 220
274 273
274 998
274 573
274 198
274 628
274 472
274 481
274 930
274 505
274 556
274 656
867 46
867 971
867 268
867 485
867 125
867 651
867 536
867 685
867 608
867 289
867 377
867 652
867 893
867 941
756 772
756 135
756 43
756 875
756 70
756 484
756 861
756 240
756 949
756 392
756 760
756 920
756 86
756 612
756 377
756 356
756 674
756 813
756 556
756 215
681 577
681 753
681 961
681 95
681 780
681 219
681 582
681 845
681 679
681 644
681 283
681 351
681 208
173 859
173 427
173 101
173 948
173 646
173 234
173 977
173 950
173 888
173 2
173 562
173 339
173 54
173 446
173 346
173 157
173 126
766 675
766 427
766 60
766 228
766 16
766 774
766 402
766 684
766 819
766 543
548 865
548 82
548 491
548 272
548 230
548 531
548 640
548 442
548 329
548 53
548 826
154 266
154 970
154 484
154 558
154 561
154 525
154 410
154 489
154 911
154 567
154 286
154 530
942 138
942 61
942 881
942 1000
942 30
942 171
942 69
942 112
942 257
942 832
942 442
942 367
942 878
942 224
942 996
942 811
942 233
942 283
942 99
942 670
138 590
138 682
138 234
138 774
138 606
138 903
138 184
138 410
138 798
138 382
138 654
834 563
834 772
834 746
834 5
834 11
834 835
834 864
834 903
834 49
834 878
834 570
834 286
834 900
93 98
93 901
93 578
93 682
93 801
93 397
93 841
93 720
93 540
93 153
93 408
93 36
93 187
93 763
741 787
741 94
741 478
741 812
741 823
741 649
741 336
741 570
741 761
741 904
741 941
98 406
98 539
98 273
98 943
98 853
98 1000
98 405
98 712
98 760
98 947
98 704
98 842
98 992
98 177
98 974
726 332
726 17
726 865
726 899
726 771
726 640
726 860
726 176
726 265
726 674
726 122
726 654
726 934
162 939
162 585
162 661
162 676
162 673
162 5
162 598
162 399
162 212
162 187
162 233
162 876
563 103
563 427
563 30
563 437
563 861
563 693
563 542
563 760
563 107
563 421
563 423
563 409
563 763
563 383
563 709
563 797
563 556
563 618
810 174
810 881
810 30
810 391
810 999
810 25
810 179
810 992
810 814
810 683
810 71
349 983
349 1000
349 577
349 588
349 752
349 863
349 489
349 860
349 336
349 210
349 514
349 342
293 268
293 267
293 485
293 262
293 771
293 667
293 622
293 659
293 265
293 315
293 570
293 109
293 177
406 266
406 464
406 664
406 142
406 823
406 745
406 752
406 297
406 622
406 639
406 567
406 177
406 602
859 939
859 970
859 943
859 241
859 16
859 582
859 407
859 941
859 199
327 669
327 971
327 121
327 791
327 848
327 23
327 184
327 560
327 315
327 508
327 254
61 273
61 1000
61 11
61 665
61 672
61 125
61 49
61 208
732 791
732 823
732 542
732 612
732 874
732 90
732 153
732 407
732 363
732 215
732 220
238 865
238 691
238 558
238 12
238 172
238 477
238 886
238 874
238 286
238 618
238 643
634 519
634 58
634 427
634 922
634 743
634 982
634 245
634 355
634 540
634 79
634 449
634 80
634 217
634 430
170 662
170 577
170 780
170 607
170 448
170 959
170 56
170 423
170 409
170 644
170 233
170 52
170 543
170 285
174 373
174 78
174 478
174 801
174 899
174 958
174 141
174 606
174 730
174 382
174 176
174 18
174 324
174 41
174 263
174 974
266 702
266 961
266 614
266 561
266 950
266 262
266 752
266 636
266 851
266 409
266 153
266 457
266 654
266 893
266 126
266 199
266 285
266 299
480 694
480 902
480 691
480 751
480 868
480 976
480 558
480 758
480 172
480 975
480 912
480 647
480 187
480 457
480 204
480 289
480 556
480 342
480 543
65 753
65 669
65 106
65 405
65 525
65 979
65 443
65 456
65 136
65 617
65 105
519 345
519 282
519 575
519 106
519 835
519 936
519 29
519 745
519 684
519 54
519 217
447 939
447 256
447 578
447 976
447 743
447 139
447 247
447 892
447 652
447 356
447 876
445 95
445 835
445 397
445 628
445 730
445 763
445 363
445 342
445 900
58 429
58 976
58 240
58 628
58 926
58 219
58 12
58 622
58 364
58 279
58 603
58 41
58 100
58 356
58 917
58 934
662 939
662 165
662 78
662 926
662 7
662 720
662 145
662 410
662 324
662 891
662 179
662 570
662 329
662 390
662 654
662 208
312 281
312 999
312 7
312 297
312 606
312 685
312 763
312 570
312 543
675 400
675 661
675 101
675 961
675 805
675 931
675 1
675 364
675 38
675 265
675 41
675 215
539 601
539 397
539 562
539 421
539 443
539 442
539 396
539 844
539 79
539 42
539 567
601 585
601 464
601 881
601 197
601 775
601 461
601 861
601 142
601 805
601 574
601 975
601 410
601 67
601 109
347 282
347 868
347 237
347 95
347 142
347 950
347 947
347 844
347 434
347 315
347 202
347 567
347 263
400 775
400 999
400 693
400 297
400 516
400 335
400 798
400 640
400 100
400 652
400 819
939 131
939 492
939 23
939 636
939 626
939 49
939 836
939 339
939 179
939 377
939 346
939 897
939 643
332 17
332 787
332 676
332 746
332 578
332 861
332 949
332 219
332 421
332 245
332 536
332 514
332 329
332 897
585 764
585 738
585 461
585 682
585 267
585 2
585 457
585 763
585 96
585 24
970 637
970 694
970 956
970 780
970 397
970 926
970 712
970 421
970 559
970 67
970 367
970 602
970 898
970 969
772 22
772 135
772 689
772 19
772 391
772 425
772 504
772 887
772 785
772 409
772 737
772 497
772 729
723 420
723 55
723 186
723 476
723 740
723 497
723 656
764 831
764 183
764 976
764 421
764 559
764 596
764 348
764 911
764 988
368 677
368 776
368 971
368 686
368 614
368 533
368 77
368 730
368 860
368 891
368 179
368 917
368 816
368 813
661 94
661 85
661 665
661 621
661 303
661 448
661 636
661 120
661 265
661 309
661 254
661 356
661 602
661 900
661 242
214 499
214 853
214 183
214 728
214 745
214 86
214 562
214 540
214 569
214 495
807 1000
807 791
807 240
807 594
807 309
807 941
17 1000
17 794
17 60
17 743
17 903
17 965
17 684
17 483
17 932
17 560
17 996
17 550
17 652
17 821
590 243
590 95
590 257
590 917
983 901
983 943
983 840
983 198
983 228
983 582
983 678
983 399
983 167
983 176
983 190
983 215
983 729
499 429
499 840
499 738
499 131
499 198
499 477
499 640
499 79
103 676
103 532
103 740
103 112
103 903
103 851
103 560
103 247
103 572
103 424
103 969
103 944
464 755
464 578
464 789
464 219
464 155
464 531
464 184
464 813
464 566
677 462
677 46
677 448
677 86
677 851
677 153
677 842
677 729
389 273
389 831
389 474
389 19
389 682
389 869
389 561
389 812
389 671
389 411
389 816
389 819
389 24
389 149
450 901
450 292
450 887
450 582
450 212
450 941
450 285
450 495
256 901
256 373
256 614
256 812
256 693
256 2
256 139
256 120
256 860
256 844
256 457
256 202
256 446
256 291
273 853
273 196
273 651
273 68
273 179
273 508
273 252
865 738
865 516
865 709
865 363
865 934
787 738
787 928
787 951
787 965
787 617
787 603
787 508
787 761
787 263
787 346
881 46
881 620
881 669
881 740
881 397
881 582
881 930
881 811
881 233
881 105
881 390
881 876
881 157
881 175
881 24
901 738
901 789
901 888
901 842
901 202
901 814
906 948
906 693
906 12
906 323
906 265
906 122
906 643
429 359
429 757
429 407
429 572
429 652
429 819
429 495
94 1000
94 295
94 789
94 669
94 928
94 533
94 950
94 606
94 832
94 540
94 932
345 776
345 70
345 461
345 237
345 805
345 86
345 536
345 725
345 505
345 656
292 491
292 262
292 164
292 594
292 213
292 820
292 254
292 643
82 621
82 588
82 542
82 10
676 453
676 70
676 69
676 682
676 3
676 920
676 722
676 785
676 516
676 481
676 36
676 132
676 187
676 348
676 315
676 700
420 243
420 55
420 720
420 155
420 722
420 864
420 56
420 678
420 854
420 737
420 356
420 215
420 969
420 372
22 693
22 125
22 783
22 975
22 418
22 20
22 737
22 279
22 505
22 54
22 876
165 85
165 131
165 636
165 364
165 932
165 617
165 424
165 126
165 217
165 718
943 241
943 875
943 745
943 606
943 965
943 90
943 356
943 80
943 53
943 643
853 971
853 747
853 66
853 950
853 745
853 399
853 851
853 860
853 190
853 700
853 283
853 876
853 319
85 875
85 760
85 722
85 18
664 575
664 281
664 240
664 712
664 594
664 212
664 205
664 382
664 213
664 407
664 459
664 217
197 63
197 295
197 800
197 783
197 423
197 845
197 882
197 729
462 976
462 740
462 947
462 481
462 213
462 819
755 60
755 720
755 472
755 399
755 394
755 24
755 495
673 775
673 926
673 574
673 648
673 200
673 640
673 737
673 132
673 508
673 904
831 60
831 28
831 851
831 798
831 18
831 232
532 614
532 296
532 155
532 107
532 326
532 67
532 84
532 911
532 797
532 53
775 131
775 753
775 971
775 198
775 861
775 800
775 693
775 303
775 627
63 620
63 575
63 281
63 561
63 607
63 448
63 832
63 449
63 363
660 391
660 926
660 25
660 931
660 981
660 684
660 407
660 759
660 53
428 573
428 575
428 32
428 107
428 851
428 730
428 38
428 759
428 900
637 295
637 760
637 56
637 481
637 212
637 438
637 329
637 100
637 449
637 821
1000 504
1000 760
1000 959
1000 1
1000 671
1000 481
1000 68
1000 442
1000 100
577 373
577 473
577 776
577 19
577 354
577 862
577 612
577 540
577 845
577 330
577 199
491 30
491 69
491 747
491 646
491 485
491 598
491 141
491 262
491 392
491 785
491 443
491 423
491 184
491 396
491 819
491 199
491 670
241 998
241 56
241 540
241 79
241 550
241 175
241 750
241 495
840 281
840 568
840 728
840 7
840 651
840 399
840 200
840 111
840 514
243 620
243 295
243 101
243 961
243 10
243 382
243 367
243 411
243 941
243 175
201 335
201 90
201 844
201 336
201 457
201 744
201 944
135 131
135 672
135 33
135 947
135 931
135 212
135 483
135 904
135 126
135 220
135 259
998 776
998 43
998 922
998 558
998 262
998 125
998 912
998 339
998 494
998 111
998 990
998 508
998 767
998 941
998 618
427 268
427 196
427 121
427 397
427 531
427 659
427 581
427 572
427 149
427 495
746 5
746 691
746 588
746 841
746 862
746 582
746 975
746 443
746 832
746 213
746 396
746 109
188 121
188 956
188 979
188 42
188 811
188 813
188 231
188 351
738 476
738 903
738 409
738 153
738 725
738 767
738 898
738 351
373 19
373 928
373 478
373 949
373 979
373 472
373 245
373 483
373 514
373 618
373 24
373 208
373 259
46 101
46 780
46 425
46 25
46 874
46 798
46 229
46 377
46 618
46 552
620 30
620 621
620 354
620 260
620 112
620 977
620 989
620 720
620 920
620 951
620 671
620 120
620 206
620 509
620 917
272 237
272 682
272 667
55 926
55 29
55 989
55 882
55 911
55 80
55 372
295 492
295 405
295 770
295 743
295 107
295 442
295 744
295 54
694 751
694 835
694 107
694 2
694 627
694 409
694 377
694 497
131 146
131 977
131 7
131 265
131 878
131 369
131 603
131 530
131 372
473 686
473 812
473 949
473 504
473 304
473 678
473 67
473 569
473 459
129 650
129 971
129 142
129 835
129 264
129 915
129 205
129 190
129 603
129 761
474 861
474 646
474 245
474 763
573 70
573 237
573 926
573 28
573 536
573 335
573 77
573 489
573 153
573 315
573 122
475 43
475 791
475 267
475 228
475 303
475 504
475 783
475 886
475 909
475 210
475 383
475 233
475 654
475 526
475 819
475 934
183 535
183 186
183 29
183 651
183 874
183 730
183 842
183 882
183 208
183 974
183 259
650 268
650 993
650 915
650 667
650 959
650 355
650 494
650 79
650 54
650 105
535 340
535 722
535 212
535 324
535 878
535 348
535 54
535 957
535 149
535 217
30 558
30 740
30 812
30 712
30 594
30 67
30 446
30 242
5 60
5 240
5 926
5 678
5 205
5 229
5 819
5 372
5 750
492 268
492 791
492 936
492 112
492 949
492 915
492 722
492 582
492 553
492 874
492 402
578 902
578 665
578 388
578 728
578 159
578 992
578 149
578 944
753 691
753 899
753 525
753 472
753 594
753 851
753 247
753 377
186 29
186 712
186 392
186 978
186 903
186 489
186 509
186 232
186 508
186 122
186 390
186 957
186 893
902 359
902 728
902 303
902 448
902 12
902 443
902 206
902 330
902 254
902 379
902 488
902 656
902 750
794 861
794 862
794 7
794 90
794 336
794 202
794 900
794 316
78 770
78 49
78 725
78 449
78 813
78 495
78 217
689 32
689 228
689 978
689 959
689 854
689 265
689 315
689 99
776 791
776 264
776 7
776 606
776 654
776 470
776 99
60 975
60 362
60 581
60 377
60 254
60 53
19 669
19 598
19 862
19 213
19 330
19 289
19 285
789 198
789 561
789 260
789 812
789 607
789 3
789 993
789 951
789 757
789 647
789 700
789 411
789 709
789 175
789 750
340 425
340 525
340 949
340 887
340 481
340 10
340 187
340 761
340 767
340 526
340 199
340 670
101 267
101 931
101 553
101 798
101 876
101 299
171 971
171 359
171 693
171 836
171 132
171 42
171 377
43 146
43 303
43 832
43 278
43 820
43 299
922 568
922 262
922 978
922 335
922 402
922 252
282 388
282 949
282 841
282 722
282 640
282 442
282 836
282 679
282 570
282 600
282 526
282 819
476 978
476 553
476 259
669 999
669 708
669 693
669 745
669 627
669 878
669 904
669 683
669 102
587 230
587 36
587 763
587 567
587 941
587 220
453 237
453 682
453 747
453 989
453 760
453 785
453 472
453 53
875 268
875 961
875 899
875 887
875 832
875 536
875 426
875 996
875 263
875 283
875 656
437 971
437 909
437 540
437 798
437 49
437 20
437 844
437 87
437 891
437 767
437 109
437 656
11 142
11 228
11 399
11 67
11 560
11 324
11 279
11 550
11 377
11 797
11 917
11 175
11 819
11 80
11 126
70 525
70 975
70 596
70 409
70 179
70 941
70 898
70 488
70 319
391 1
391 362
391 38
391 132
391 552
391 372
691 751
691 146
691 425
691 800
691 598
691 771
691 626
691 213
691 87
691 700
691 41
691 992
691 105
691 654
691 497
691 351
691 208
971 32
971 899
971 977
971 392
971 982
971 989
971 7
971 212
971 324
971 426
971 99
751 267
751 926
751 415
751 636
751 951
751 265
751 407
751 232
461 665
461 478
461 606
461 315
461 570
461 157
461 53
665 268
665 575
665 712
665 392
665 304
665 559
665 798
665 842
665 763
665 369
621 198
621 355
621 77
621 348
621 904
621 709
621 816
621 683
621 643
868 198
868 257
868 774
868 1
868 531
868 356
868 530
868 618
237 196
237 262
237 303
237 722
237 224
237 761
237 821
237 24
268 484
268 780
268 425
268 758
268 392
268 915
268 636
268 627
268 553
69 267
69 257
69 979
69 2
69 851
69 878
69 763
69 816
146 354
146 388
146 862
146 981
146 20
146 176
146 79
146 210
146 952
146 102
575 106
575 581
575 20
575 644
575 407
575 424
575 231
575 102
198 976
198 928
198 95
198 142
198 614
198 219
198 993
198 107
198 648
198 981
198 382
198 42
198 567
198 488
484 728
484 667
484 348
484 652
32 628
32 648
32 175
32 934
106 999
106 841
106 86
106 651
106 569
106 309
106 109
196 614
196 561
196 989
196 200
196 38
196 247
196 508
196 202
196 819
948 993
948 920
948 86
948 410
948 842
948 426
948 570
948 990
948 351
948 208
976 483
976 424
121 561
121 28
121 399
121 886
121 153
121 442
121 725
121 175
558 354
558 112
558 598
558 86
558 67
558 356
558 488
558 656
354 525
354 28
354 626
354 446
354 893
354 941
791 702
791 189
791 574
791 752
791 139
791 882
791 509
791 233
928 770
928 472
928 443
928 364
928 559
928 957
928 900
928 543
928 259
861 172
861 536
861 639
861 36
861 820
861 247
861 957
861 656
861 53
388 628
388 333
388 10
388 639
388 640
388 560
388 656
359 780
359 812
359 752
359 704
359 851
359 820
359 426
359 709
359 556
359 351
230 702
230 405
230 770
230 898
230 814
230 974
702 112
702 303
702 7
702 596
702 882
702 679
702 99
702 53
961 399
961 184
961 836
961 644
961 35
961 231
848 686
848 260
848 823
848 296
848 639
848 390
848 394
682 95
682 899
682 296
682 189
682 760
682 120
682 909
682 684
682 122
682 876
95 125
95 760
95 912
95 409
95 84
95 291
95 316
686 581
686 608
686 339
686 356
686 917
405 7
405 28
405 278
405 647
405 111
405 509
405 202
405 231
405 99
142 25
142 594
142 626
142 560
142 797
281 977
281 29
281 712
281 303
281 7
281 783
281 704
281 456
281 402
281 205
281 36
281 18
281 157
281 988
281 552
770 66
770 628
770 888
770 536
770 540
770 596
835 304
835 648
835 832
835 20
835 509
835 917
999 708
999 29
999 245
999 184
999 863
999 495
708 477
708 200
708 409
708 649
708 317
708 509
708 550
708 767
708 263
708 291
708 917
708 316
747 982
747 965
747 489
747 744
747 229
747 543
478 561
478 425
478 712
478 771
478 622
478 536
478 684
478 54
478 289
478 122
478 821
614 219
614 510
614 224
614 514
614 811
614 761
614 363
614 372
267 421
267 785
267 516
267 700
267 379
267 470
255 812
255 899
255 264
255 648
255 49
255 679
255 224
255 279
255 992
255 424
255 941
646 145
646 722
646 10
646 18
646 41
646 600
646 283
646 526
646 813
646 24
801 712
801 392
801 862
801 472
801 909
801 685
801 153
801 204
801 190
801 175
801 683
936 425
936 448
936 947
936 107
936 110
936 184
936 84
936 157
234 588
234 392
234 333
234 622
234 10
234 596
234 187
234 514
588 607
588 56
588 594
588 348
588 111
588 259
956 260
956 66
956 338
956 704
956 335
956 730
956 153
956 210
956 569
956 898
956 217
568 112
568 812
568 949
568 993
568 456
568 596
568 408
568 176
568 608
568 329
869 283
869 876
869 299
780 112
780 257
780 189
780 667
780 674
780 941
240 712
240 559
240 882
740 909
740 355
740 851
740 356
740 390
740 814
740 372
740 430
672 823
672 219
672 981
672 627
672 647
672 449
672 556
672 24
561 66
561 402
561 190
561 111
260 264
260 338
260 12
260 912
260 647
260 836
260 514
260 911
260 309
260 826
397 989
397 481
397 900
425 678
425 903
425 409
425 730
425 932
425 18
425 84
425 911
425 177
425 283
425 215
112 752
112 982
112 323
112 110
112 333
112 335
112 684
112 68
812 606
812 159
812 737
812 224
812 567
812 944
899 338
899 888
899 399
899 757
899 402
899 860
899 446
899 683
264 139
264 68
264 212
264 42
264 759
264 709
264 941
805 841
805 303
805 920
805 854
805 77
805 647
805 205
805 283
228 712
228 989
228 409
228 38
228 213
228 457
228 369
228 179
228 413
228 969
800 120
800 930
800 136
800 996
800 811
800 567
800 242
485 141
485 752
485 323
485 326
485 844
485 608
485 761
485 643
743 639
743 49
743 457
743 992
743 259
16 448
16 415
16 886
16 626
16 860
16 159
16 438
16 714
16 813
16 199
16 53
66 172
66 667
66 903
66 965
66 730
66 411
66 254
66 356
66 394
66 319
628 841
628 947
628 582
628 153
628 213
628 567
628 813
628 319
525 752
525 920
525 304
525 362
525 844
525 99
525 220
728 296
728 415
728 851
728 224
728 411
728 714
33 533
33 189
33 771
33 757
33 730
33 534
33 556
977 257
977 164
977 965
533 338
533 3
533 639
533 932
533 567
533 346
533 424
533 157
533 497
823 257
823 771
823 333
823 399
823 534
823 54
823 232
823 84
823 383
823 53
823 319
949 443
949 20
949 761
949 109
949 602
23 257
23 607
23 841
23 317
23 136
23 242
257 693
257 771
257 41
257 917
257 656
296 959
296 442
296 882
296 79
296 505
296 438
296 363
296 643
189 542
189 2
189 421
189 606
189 882
189 904
926 607
926 860
926 49
926 369
926 617
926 329
926 917
926 342
758 107
758 648
758 671
758 402
758 136
758 891
758 600
607 443
607 845
607 187
958 481
958 10
958 434
958 309
958 904
958 674
598 304
598 863
598 326
598 179
598 767
598 654
29 540
29 408
29 18
29 434
29 603
29 811
29 372
338 783
338 333
338 567
574 864
574 362
574 842
574 369
574 644
574 500
950 38
950 377
950 220
950 316
693 355
693 602
745 845
745 424
745 342
745 351
745 718
3 993
3 68
3 79
3 709
712 510
712 42
712 700
712 289
712 911
712 105
712 556
712 80
841 627
841 68
841 550
841 819
841 566
141 959
141 1
141 333
141 402
141 77
141 68
141 514
141 654
262 516
262 622
262 278
262 457
262 210
262 767
262 122
262 286
262 974
262 102
262 372
392 862
392 915
392 245
392 355
392 20
392 202
392 683
542 323
219 145
219 903
219 326
219 213
219 494
219 233
219 122
219 99
979 720
979 581
979 930
979 459
303 164
303 704
303 176
303 247
303 329
752 774
752 531
752 730
752 187
752 904
752 319
982 110
982 863
982 330
982 904
982 99
982 670
504 596
504 860
504 761
504 100
504 670
989 516
989 854
989 410
989 572
989 286
989 893
978 725
978 514
978 35
978 761
978 797
978 917
978 495
862 139
862 326
862 247
862 514
862 761
862 797
862 220
862 495
7 2
7 18
7 96
7 215
7 683
7 99
448 423
448 990
448 413
448 105
448 714
448 470
771 975
771 757
771 20
771 367
415 720
415 413
415 876
415 654
415 286
415 816
415 363
887 785
887 56
887 443
887 981
887 832
887 407
887 897
887 285
887 220
993 483
993 20
993 895
993 608
993 426
993 990
993 356
720 304
720 606
720 981
720 647
720 891
720 992
720 52
720 71
125 562
125 297
125 798
125 509
125 289
125 488
125 316
915 120
915 761
760 333
760 854
760 684
760 596
760 820
760 618
760 217
155 531
155 382
155 87
155 617
155 41
920 903
920 957
28 477
28 603
28 567
28 767
28 105
28 821
888 886
888 559
888 204
888 508
888 530
888 898
947 864
947 304
947 757
947 612
25 722
25 864
25 860
25 153
636 167
636 882
636 434
636 109
636 105
636 390
636 988
145 817
145 418
145 851
145 205
145 215
145 351
774 110
774 153
774 617
774 996
774 550
774 24
951 164
951 959
951 49
951 176
951 315
951 572
951 556
107 56
107 608
107 348
107 315
107 202
107 283
107 917
107 220
86 651
86 443
86 863
86 442
86 647
86 49
86 845
86 205
86 109
86 600
86 821
931 783
931 582
931 553
931 640
931 213
12 418
12 409
12 212
12 336
12 761
12 291
12 957
722 891
722 42
722 876
172 909
172 494
172 767
172 917
172 488
172 969
172 208
164 399
164 508
164 233
164 356
164 674
164 80
164 71
817 651
817 992
667 582
667 402
667 761
667 285
323 1
323 355
323 410
323 442
323 569
323 41
323 329
783 516
783 443
783 553
783 737
783 247
783 514
783 767
783 652
783 826
2 863
2 851
2 212
2 38
2 396
2 514
2 330
2 988
2 53
562 553
562 77
562 410
562 324
562 878
864 333
864 534
864 570
864 177
864 217
304 700
304 100
304 342
304 149
421 489
421 42
421 315
421 700
421 514
421 126
421 934
785 678
785 10
785 326
785 36
785 348
785 79
785 224
785 602
651 622
651 553
651 363
651 285
582 399
582 120
582 725
959 851
959 820
975 335
975 670
472 898
245 217
245 430
297 606
297 647
297 882
297 820
297 136
297 41
297 508
297 904
297 816
297 80
297 459
56 120
56 90
56 367
56 199
56 543
606 572
110 120
110 874
110 442
110 367
110 279
110 438
110 446
110 904
110 319
1 536
1 36
1 842
1 80
516 659
516 326
516 369
516 725
516 911
516 329
516 105
516 969
678 612
678 854
678 863
678 483
678 317
678 324
678 79
678 426
678 52
678 80
648 737
648 367
648 457
648 434
648 603
648 674
477 120
477 20
477 54
477 356
477 500
671 18
671 505
671 377
671 356
671 714
671 53
671 316
671 430
671 643
443 481
443 684
443 315
443 229
443 567
443 797
139 594
139 212
139 367
139 136
139 602
139 488
510 153
510 87
510 618
510 80
510 199
903 965
903 851
903 820
903 367
903 617
903 996
903 363
903 729
333 38
333 315
362 77
362 640
362 18
362 654
399 278
399 132
399 348
399 644
399 52
399 934
981 659
981 483
981 42
981 179
981 644
981 767
981 122
981 126
531 489
531 483
531 442
531 132
531 84
531 761
531 329
531 356
757 832
757 685
612 489
612 210
612 242
704 212
704 205
704 382
704 891
704 330
704 80
704 217
622 874
622 489
622 442
622 572
622 109
622 351
622 495
832 912
832 842
832 41
832 177
832 283
832 683
832 552
423 136
423 603
886 481
886 409
886 212
594 509
594 100
594 718
912 254
912 363
912 80
659 560
659 457
659 892
659 911
659 567
659 992
659 813
659 618
120 553
120 213
120 329
120 813
120 944
364 20
364 324
364 247
364 514
364 898
364 24
627 863
627 68
627 153
627 882
627 500
456 265
456 202
456 814
553 10
553 153
553 265
553 54
553 233
965 210
965 509
418 534
418 820
418 911
481 10
481 176
481 383
481 263
481 157
481 974
481 718
874 854
874 860
874 845
874 342
874 974
854 863
854 685
854 408
854 900
854 299
536 100
278 396
278 505
278 247
278 330
278 893
278 944
278 259
335 426
335 509
335 514
335 35
335 449
909 396
90 38
90 204
90 996
90 206
90 892
90 286
402 410
402 434
402 84
402 446
402 99
167 38
167 845
167 126
355 77
355 845
355 132
355 763
355 509
355 602
355 157
355 813
355 618
200 457
200 996
200 394
540 317
540 254
540 814
10 932
10 18
10 346
684 176
684 820
684 992
684 177
684 566
684 729
77 820
77 324
77 514
77 508
77 413
77 709
77 957
77 900
184 798
184 326
184 509
184 283
596 932
596 336
596 202
596 356
596 876
596 96
639 396
639 367
639 644
639 84
639 35
639 917
639 944
410 798
410 205
410 329
410 893
410 826
863 36
863 892
863 84
863 767
851 932
851 336
851 725
851 700
851 283
851 957
489 382
489 996
489 556
685 996
685 700
685 363
685 988
685 372
798 87
798 438
798 550
798 177
409 426
409 279
409 603
409 508
409 35
409 157
409 242
326 38
326 508
326 600
68 382
68 844
68 42
68 816
68 259
640 603
640 315
640 892
640 177
626 930
626 514
626 233
626 286
730 898
67 763
212 844
212 826
212 217
860 714
860 556
153 315
153 283
153 526
153 24
153 149
153 319
159 49
159 957
159 500
38 709
38 379
581 442
581 176
581 608
581 505
483 941
408 317
408 569
408 177
442 213
442 254
442 286
647 339
647 744
647 289
49 309
49 149
534 767
930 957
930 819
930 99
205 213
205 434
205 383
205 105
20 679
20 54
20 446
20 319
382 990
382 424
382 813
36 457
836 348
836 413
836 96
836 900
842 179
842 761
842 100
842 821
895 737
895 438
895 602
895 893
895 80
213 411
213 992
213 319
649 763
649 509
649 202
649 957
649 900
649 316
176 324
176 111
176 759
176 602
176 819
176 618
176 543
932 505
932 892
396 608
396 816
737 336
737 339
737 324
737 210
737 505
737 600
844 187
844 348
844 572
844 346
844 286
844 500
336 457
336 208
132 187
132 572
132 550
560 224
882 369
882 35
187 819
187 126
187 53
187 543
317 190
317 514
317 329
317 413
317 709
87 190
87 233
87 944
608 367
608 202
367 569
367 109
367 543
367 316
367 495
457 644
457 105
457 394
457 379
265 233
265 876
265 488
339 363
339 900
339 299
339 319
18 215
494 426
494 109
494 952
494 342
136 190
136 934
136 242
136 71
136 670
324 348
324 383
878 990
878 329
878 459
679 514
679 904
679 424
679 394
679 285
679 220
434 969
434 24
763 552
763 259
348 224
348 644
348 41
79 315
79 291
79 372
210 52
210 252
210 470
224 407
224 283
224 566
224 556
369 570
725 309
725 329
725 543
426 744
426 231
426 814
42 709
42 729
204 811
204 459
204 71
279 892
279 767
279 424
279 941
279 379
279 351
279 459
617 247
617 232
617 767
190 179
190 550
190 24
603 446
603 941
603 71
179 990
111 904
111 714
111 372
505 514
505 411
505 911
505 309
505 199
505 285
644 969
315 941
315 813
315 814
996 411
996 394
996 80
247 990
247 41
438 816
438 944
744 767
206 508
206 199
206 969
570 759
570 449
570 215
54 35
54 379
569 759
569 709
569 177
569 283
990 969
990 53
407 992
407 105
407 96
407 618
572 215
572 934
572 750
700 567
700 96
700 821
700 543
509 814
759 299
232 177
514 330
514 449
514 283
514 898
514 96
892 470
330 394
330 351
41 654
41 175
41 99
41 750
84 329
84 944
84 259
84 670
508 109
508 917
508 729
508 217
550 263
550 363
550 351
550 552
229 992
229 215
229 149
229 552
289 811
289 683
377 52
377 566
383 552
383 718
411 424
35 283
35 530
35 897
811 52
811 530
811 24
811 220
911 488
911 729
309 904
309 526
309 718
254 351
254 242
567 424
567 988
567 459
761 897
329 814
109 652
109 654
109 814
446 122
446 893
446 816
992 714
992 149
413 363
413 897
413 319
263 102
100 500
291 718
652 122
652 495
346 600
346 52
346 988
346 718
600 813
449 566
449 729
904 217
233 242
356 714
356 750
674 944
709 394
709 566
709 718
52 816
52 729
105 826
177 797
177 813
177 430
602 351
602 643
122 351
283 797
283 876
390 898
390 24
917 876
917 470
876 126
286 80
816 80
714 102
714 750
714 718
952 566
952 497
952 470
252 814
526 566
813 969
813 319
500 897
175 208
175 319
175 670
819 102
898 231
898 497
988 543
379 643
566 618
566 488
566 656
556 543
618 199
618 220
814 459
488 729
80 372
215 821
821 126
729 944
342 470
470 319
969 430
683 643
24 102
149 319
99 259
99 670
351 259
459 259
459 319
934 552
242 319
552 495
