10005
1489 1489
2320 2320
7788 7788
6845 6845
8593 8593
1448 1448
5515 5515
4773 4773
3334 3334
9777 9777
27 27
8442 8442
3344 3344
1030 1030
355 355
3776 3776
1117 1117
4000 4000
8654 8654
2731 2731
1202 1202
6205 6205
6414 6414
7276 7276
6124 6124
5963 5963
4756 4756
4796 4796
4454 4454
1932 1932
5431 5431
7022 7022
4252 4252
3218 3218
3867 3867
2844 2844
4666 4666
9382 9382
8697 8697
9079 9079
236 236
9803 9803
8599 8599
4660 4660
832 832
32 32
8436 8436
3028 3028
4032 4032
7089 7089
5760 5760
5234 5234
4372 4372
3252 3252
2510 2510
1574 1574
9215 9215
8345 8345
6371 6371
4748 4748
276 276
1801 1801
1769 1769
5608 5608
6098 6098
5636 5636
9531 9531
1842 1842
6096 6096
8227 8227
920 920
6333 6333
8029 8029
597 597
2071 2071
9941 9941
629 629
506 506
4047 4047
5741 5741
8674 8674
9807 9807
974 974
4124 4124
4138 4138
4563 4563
5699 5699
4431 4431
2908 2908
3148 3148
9179 9179
4263 4263
4949 4949
2027 2027
9871 9871
1046 1046
7663 7663
9402 9402
3967 3967
4838 4838
8707 8707
4887 4887
2249 2249
7815 7815
6563 6563
4320 4320
7755 7755
7192 7192
5905 5905
2880 2880
4011 4011
4578 4578
2687 2687
4986 4986
9781 9781
7904 7904
627 627
6558 6558
2334 2334
4614 4614
9706 9706
2592 2592
8878 8878
4654 4654
4619 4619
9827 9827
6779 6779
3360 3360
306 306
745 745
8198 8198
9014 9014
6711 6711
446 446
7907 7907
3273 3273
5845 5845
6740 6740
1544 1544
1749 1749
9620 9620
5555 5555
7406 7406
3385 3385
1619 1619
7187 7187
1288 1288
2247 2247
3744 3744
4702 4702
6861 6861
4529 4529
8373 8373
6817 6817
261 261
4070 4070
6644 6644
7041 7041
7430 7430
6950 6950
8865 8865
6707 6707
7042 7042
6655 6655
8232 8232
4948 4948
1006 1006
4077 4077
1687 1687
3629 3629
6905 6905
1307 1307
9185 9185
4311 4311
4692 4692
1882 1882
2576 2576
7060 7060
5208 5208
7399 7399
1761 1761
1927 1927
133 133
9965 9965
2189 2189
4203 4203
7687 7687
308 308
2711 2711
5716 5716
251 251
496 496
2757 2757
6906 6906
8729 8729
7706 7706
7913 7913
3884 3884
471 471
1541 1541
1867 1867
1778 1778
1804 1804
6178 6178
7550 7550
4766 4766
9833 9833
4609 4609
9974 9974
7232 7232
7449 7449
4200 4200
237 237
8661 8661
5244 5244
3505 3505
3942 3942
2930 2930
4892 4892
6653 6653
9725 9725
5144 5144
8229 8229
2482 2482
2049 2049
6957 6957
1266 1266
1040 1040
1919 1919
1737 1737
2582 2582
3786 3786
4595 4595
5465 5465
1043 1043
3223 3223
230 230
875 875
7832 7832
1283 1283
9186 9186
6359 6359
6562 6562
502 502
5019 5019
1805 1805
4007 4007
8961 8961
5815 5815
8900 8900
6692 6692
5539 5539
5122 5122
4920 4920
8021 8021
7171 7171
2955 2955
365 365
9291 9291
4874 4874
2103 2103
2951 2951
9740 9740
7777 7777
8416 8416
1861 1861
999 999
9726 9726
3815 3815
9910 9910
2087 2087
3001 3001
6268 6268
8649 8649
4582 4582
1286 1286
454 454
8589 8589
246 246
7348 7348
8567 8567
6938 6938
2886 2886
4767 4767
1858 1858
1986 1986
1938 1938
4813 4813
2351 2351
1228 1228
766 766
5533 5533
4179 4179
1584 1584
4388 4388
3673 3673
3445 3445
5387 5387
4477 4477
7260 7260
5296 5296
6564 6564
1339 1339
1563 1563
5213 5213
5921 5921
2849 2849
6746 6746
5589 5589
4174 4174
4093 4093
2191 2191
8058 8058
1 1
5128 5128
1122 1122
3018 3018
3474 3474
5325 5325
1785 1785
85 85
582 582
3369 3369
4474 4474
4255 4255
7893 7893
939 939
8733 8733
5153 5153
6236 6236
6375 6375
7571 7571
1587 1587
3492 3492
2806 2806
9412 9412
159 159
6980 6980
3504 3504
5393 5393
9171 9171
2641 2641
6473 6473
5377 5377
3763 3763
9491 9491
5318 5318
8316 8316
4815 4815
8182 8182
8402 8402
5397 5397
2630 2630
3954 3954
731 731
522 522
4893 4893
542 542
6754 6754
1128 1128
6917 6917
4325 4325
1085 1085
9584 9584
8896 8896
3891 3891
8995 8995
9055 9055
870 870
3578 3578
5526 5526
1120 1120
6219 6219
1999 1999
6497 6497
9982 9982
2893 2893
8298 8298
6305 6305
2154 2154
7778 7778
2780 2780
4784 4784
1731 1731
3511 3511
6385 6385
6624 6624
5132 5132
3139 3139
8832 8832
8543 8543
9917 9917
1632 1632
7438 7438
4886 4886
626 626
5756 5756
4204 4204
3096 3096
7955 7955
422 422
5095 5095
5531 5531
1483 1483
6585 6585
9503 9503
3968 3968
1656 1656
7558 7558
7827 7827
7519 7519
9289 9289
1338 1338
3904 3904
6991 6991
7549 7549
8122 8122
6901 6901
9598 9598
6664 6664
7896 7896
2308 2308
5180 5180
3860 3860
4014 4014
2750 2750
9617 9617
9297 9297
5846 5846
8650 8650
798 798
2020 2020
5259 5259
2281 2281
8605 8605
4762 4762
2061 2061
3651 3651
7497 7497
697 697
1477 1477
6095 6095
1064 1064
3894 3894
9999 9999
9134 9134
1443 1443
8120 8120
7114 7114
2119 2119
5862 5862
5009 5009
4428 4428
1041 1041
8870 8870
4870 4870
9565 9565
7738 7738
1794 1794
9293 9293
8536 8536
3814 3814
5631 5631
1895 1895
3497 3497
1471 1471
3956 3956
8968 8968
5732 5732
9705 9705
5062 5062
6796 6796
4677 4677
6139 6139
5930 5930
7199 7199
5337 5337
3043 3043
9319 9319
1198 1198
9131 9131
4825 4825
3318 3318
4345 4345
9267 9267
9722 9722
3161 3161
1061 1061
93 93
1697 1697
5954 5954
5724 5724
4671 4671
9452 9452
7195 7195
9707 9707
7678 7678
7241 7241
5438 5438
8461 8461
3382 3382
2234 2234
3138 3138
9521 9521
9243 9243
336 336
5937 5937
3364 3364
733 733
7135 7135
2494 2494
5558 5558
1532 1532
2652 2652
9903 9903
1877 1877
2373 2373
3064 3064
2938 2938
2466 2466
5840 5840
8893 8893
9269 9269
510 510
9423 9423
6463 6463
1295 1295
8179 8179
4783 4783
6734 6734
6640 6640
8165 8165
46 46
856 856
8764 8764
2271 2271
4700 4700
4084 4084
2914 2914
6225 6225
9642 9642
5525 5525
8877 8877
623 623
7402 7402
2329 2329
3687 3687
1419 1419
5874 5874
605 605
311 311
5143 5143
2194 2194
812 812
2684 2684
3490 3490
69 69
8546 8546
223 223
6710 6710
1348 1348
8644 8644
6553 6553
1715 1715
1994 1994
1252 1252
5446 5446
6078 6078
5245 5245
1670 1670
6798 6798
769 769
1626 1626
7421 7421
8172 8172
5034 5034
2186 2186
9591 9591
907 907
2791 2791
980 980
7129 7129
6065 6065
2871 2871
9814 9814
9555 9555
2940 2940
9438 9438
728 728
7227 7227
3283 3283
450 450
3779 3779
4998 4998
3523 3523
6110 6110
443 443
9601 9601
1355 1355
3192 3192
7478 7478
3203 3203
4818 4818
4898 4898
2453 2453
9852 9852
7085 7085
3122 3122
1838 1838
954 954
4102 4102
8967 8967
7019 7019
8052 8052
9859 9859
7652 7652
9587 9587
2799 2799
6523 6523
2869 2869
4328 4328
301 301
7867 7867
7852 7852
7490 7490
8310 8310
8531 8531
8845 8845
2581 2581
6008 6008
3127 3127
1985 1985
5580 5580
8330 8330
9070 9070
8703 8703
167 167
1102 1102
3883 3883
212 212
9201 9201
1935 1935
71 71
6852 6852
4006 4006
9368 9368
6439 6439
7884 7884
6969 6969
9308 9308
3290 3290
7270 7270
8254 8254
1141 1141
5838 5838
7642 7642
751 751
5762 5762
222 222
6759 6759
8889 8889
7622 7622
8744 8744
4468 4468
7030 7030
8892 8892
4249 4249
8276 8276
9995 9995
8133 8133
8488 8488
273 273
1146 1146
8559 8559
7125 7125
5152 5152
9005 9005
4642 4642
4114 4114
5973 5973
3950 3950
7404 7404
4321 4321
3282 3282
9625 9625
923 923
375 375
8213 8213
5888 5888
9847 9847
8036 8036
6876 6876
6927 6927
4605 4605
6230 6230
8000 8000
3816 3816
4717 4717
8273 8273
4962 4962
4355 4355
6477 6477
1192 1192
3359 3359
1118 1118
5306 5306
9333 9333
6147 6147
2709 2709
4732 4732
9429 9429
3412 3412
4891 4891
352 352
3787 3787
1890 1890
1498 1498
3079 3079
1344 1344
1114 1114
9213 9213
9299 9299
9120 9120
4896 4896
5528 5528
7120 7120
8712 8712
1323 1323
6471 6471
5678 5678
4026 4026
4865 4865
9038 9038
5145 5145
1249 1249
9449 9449
2370 2370
5037 5037
4180 4180
1799 1799
8450 8450
150 150
3230 3230
2236 2236
2040 2040
5807 5807
5315 5315
897 897
8230 8230
7508 7508
109 109
7528 7528
6628 6628
5005 5005
4134 4134
4826 4826
3716 3716
5457 5457
1296 1296
8468 8468
2214 2214
5323 5323
3332 3332
1251 1251
1546 1546
4581 4581
3916 3916
9618 9618
7037 7037
6794 6794
9146 9146
8266 8266
23 23
2461 2461
1385 1385
5830 5830
7776 7776
2282 2282
5138 5138
6363 6363
3470 3470
2665 2665
2990 2990
8475 8475
7878 7878
7816 7816
3269 3269
3335 3335
190 190
1736 1736
5549 5549
6592 6592
7879 7879
8138 8138
1806 1806
735 735
3133 3133
2502 2502
8851 8851
9927 9927
1648 1648
7117 7117
1029 1029
4109 4109
9581 9581
7938 7938
2963 2963
1862 1862
3076 3076
9326 9326
5332 5332
6820 6820
2315 2315
4885 4885
4698 4698
1209 1209
8154 8154
9112 9112
1400 1400
9890 9890
5739 5739
9071 9071
6036 6036
4696 4696
7209 7209
7842 7842
1420 1420
343 343
5360 5360
2425 2425
3070 3070
2476 2476
4533 4533
7179 7179
3135 3135
2471 2471
142 142
4997 4997
6626 6626
9468 9468
1407 1407
4524 4524
2862 2862
6292 6292
300 300
5150 5150
4445 4445
6550 6550
5413 5413
6229 6229
5621 5621
924 924
3908 3908
368 368
7434 7434
6407 6407
1791 1791
2794 2794
4861 4861
6349 6349
3365 3365
9485 9485
6915 6915
3261 3261
5560 5560
3807 3807
6968 6968
9143 9143
6669 6669
3259 3259
9444 9444
1819 1819
8784 8784
9934 9934
9448 9448
4196 4196
6163 6163
6724 6724
8166 8166
1133 1133
7092 7092
5600 5600
7540 7540
9962 9962
8394 8394
7451 7451
4823 4823
5821 5821
815 815
7942 7942
5305 5305
8809 8809
1944 1944
3427 3427
8912 8912
3648 3648
3249 3249
4170 4170
5655 5655
2032 2032
4104 4104
6181 6181
7308 7308
1345 1345
2328 2328
4031 4031
9511 9511
4540 4540
2201 2201
6189 6189
2080 2080
2163 2163
5661 5661
8065 8065
1482 1482
1424 1424
6006 6006
7866 7866
232 232
7208 7208
9810 9810
4738 4738
3295 3295
8721 8721
8386 8386
6052 6052
3049 3049
2556 2556
1706 1706
5081 5081
7739 7739
7888 7888
3467 3467
9084 9084
1294 1294
7498 7498
9673 9673
6913 6913
778 778
2941 2941
1522 1522
680 680
2084 2084
3004 3004
2104 2104
8090 8090
1949 1949
3415 3415
6376 6376
1758 1758
8153 8153
749 749
1558 1558
6539 6539
6802 6802
4607 4607
173 173
7912 7912
8553 8553
4234 4234
8074 8074
925 925
2810 2810
7746 7746
7839 7839
3588 3588
4686 4686
7910 7910
7608 7608
6209 6209
8591 8591
9692 9692
291 291
1773 1773
8860 8860
2240 2240
5189 5189
6314 6314
5078 5078
4420 4420
7064 7064
6636 6636
2037 2037
3865 3865
2321 2321
2210 2210
4530 4530
3087 3087
1200 1200
4162 4162
8400 8400
5087 5087
1210 1210
8099 8099
4004 4004
5877 5877
3863 3863
2993 2993
3485 3485
1583 1583
1442 1442
4435 4435
3115 3115
4761 4761
702 702
917 917
5123 5123
6492 6492
8632 8632
7160 7160
1435 1435
952 952
449 449
7045 7045
5119 5119
2728 2728
2285 2285
3518 3518
3081 3081
8451 8451
1179 1179
2455 2455
1684 1684
6121 6121
5448 5448
6248 6248
6193 6193
8110 8110
8714 8714
3623 3623
4326 4326
5204 5204
4392 4392
2774 2774
3023 3023
5289 5289
5055 5055
8136 8136
2333 2333
1943 1943
4618 4618
4770 4770
5024 5024
3068 3068
577 577
7282 7282
6602 6602
3340 3340
3402 3402
3128 3128
9588 9588
673 673
2316 2316
1168 1168
9387 9387
5940 5940
6944 6944
3940 3940
265 265
2147 2147
9411 9411
9714 9714
6000 6000
3512 3512
8479 8479
7694 7694
9819 9819
9637 9637
396 396
4589 4589
4544 4544
6245 6245
3020 3020
1145 1145
663 663
6422 6422
4274 4274
1329 1329
7096 7096
6590 6590
2497 2497
7561 7561
2529 2529
519 519
1500 1500
3873 3873
3745 3745
910 910
4665 4665
9746 9746
4423 4423
3144 3144
2112 2112
4068 4068
837 837
6813 6813
3887 3887
1552 1552
7291 7291
1752 1752
5799 5799
310 310
3977 3977
6462 6462
6732 6732
8251 8251
7791 7791
4906 4906
5919 5919
1366 1366
2467 2467
9528 9528
1886 1886
3400 3400
5957 5957
9145 9145
6455 6455
1458 1458
2288 2288
8568 8568
6459 6459
9413 9413
3667 3667
4125 4125
6499 6499
4765 4765
475 475
2305 2305
1166 1166
9805 9805
1174 1174
7152 7152
2541 2541
9619 9619
6329 6329
5506 5506
4664 4664
808 808
2215 2215
1699 1699
9953 9953
9750 9750
3157 3157
3319 3319
8317 8317
8684 8684
7523 7523
5854 5854
8096 8096
4357 4357
7063 7063
8482 8482
7098 7098
2906 2906
3995 3995
7573 7573
6291 6291
6240 6240
8456 8456
7465 7465
3391 3391
5258 5258
1084 1084
4088 4088
1586 1586
8753 8753
3473 3473
9885 9885
451 451
4504 4504
9634 9634
3609 3609
7823 7823
9029 9029
3371 3371
6424 6424
4882 4882
1466 1466
1859 1859
5481 5481
9608 9608
340 340
2579 2579
3593 3593
5414 5414
1230 1230
9884 9884
1654 1654
9687 9687
8427 8427
5045 5045
6023 6023
9512 9512
8688 8688
7180 7180
8965 8965
2161 2161
8143 8143
494 494
6665 6665
5182 5182
5567 5567
7883 7883
1990 1990
3843 3843
1098 1098
3850 3850
9325 9325
705 705
5269 5269
2982 2982
683 683
4212 4212
6339 6339
2337 2337
4977 4977
5356 5356
7594 7594
3614 3614
7637 7637
2927 2927
1757 1757
8132 8132
670 670
611 611
3313 3313
6237 6237
9574 9574
2945 2945
9307 9307
3416 3416
4043 4043
3156 3156
2740 2740
5827 5827
9504 9504
6801 6801
1204 1204
1265 1265
1013 1013
8622 8622
3602 3602
7069 7069
4466 4466
2063 2063
9148 9148
900 900
9914 9914
4515 4515
3919 3919
7351 7351
7583 7583
5668 5668
9041 9041
1974 1974
2984 2984
8614 8614
4919 4919
2290 2290
2030 2030
40 40
6525 6525
5849 5849
5868 5868
7107 7107
2650 2650
8151 8151
4742 4742
6772 6772
2889 2889
1238 1238
5116 5116
2138 2138
6931 6931
7732 7732
5303 5303
8026 8026
6161 6161
3964 3964
5202 5202
5938 5938
7757 7757
4894 4894
857 857
8003 8003
1976 1976
7650 7650
4931 4931
7844 7844
8660 8660
7073 7073
3401 3401
3845 3845
6182 6182
7369 7369
6162 6162
1297 1297
484 484
9379 9379
8228 8228
4591 4591
8190 8190
2617 2617
4350 4350
8573 8573
7390 7390
630 630
4511 4511
6447 6447
7350 7350
4606 4606
8423 8423
4999 4999
9537 9537
7346 7346
833 833
8196 8196
4418 4418
5041 5041
2675 2675
9342 9342
1222 1222
44 44
6582 6582
3598 3598
528 528
5961 5961
2905 2905
4150 4150
7514 7514
8815 8815
9579 9579
7166 7166
7283 7283
209 209
2755 2755
3507 3507
9202 9202
1418 1418
6934 6934
2034 2034
6048 6048
8847 8847
1308 1308
1545 1545
5063 5063
1965 1965
5109 5109
6186 6186
8548 8548
9786 9786
6714 6714
5587 5587
2690 2690
2911 2911
204 204
2805 2805
393 393
8449 8449
87 87
1681 1681
1203 1203
4674 4674
8494 8494
6609 6609
991 991
185 185
4622 4622
7313 7313
4547 4547
6491 6491
9937 9937
8434 8434
2632 2632
1901 1901
4621 4621
8818 8818
1527 1527
4406 4406
8193 8193
7097 7097
9522 9522
86 86
8380 8380
2326 2326
1559 1559
3240 3240
9110 9110
9245 9245
2813 2813
1671 1671
6933 6933
4883 4883
2935 2935
2633 2633
65 65
247 247
7635 7635
1262 1262
267 267
4243 4243
1312 1312
9085 9085
6849 6849
6797 6797
5695 5695
5042 5042
4972 4972
5216 5216
3351 3351
8621 8621
6687 6687
1257 1257
3191 3191
1445 1445
2436 2436
3819 3819
3116 3116
447 447
3080 3080
9846 9846
7378 7378
9720 9720
8030 8030
8826 8826
3962 3962
420 420
7911 7911
1889 1889
7217 7217
3605 3605
8010 8010
9900 9900
6619 6619
9599 9599
903 903
8956 8956
2789 2789
2988 2988
400 400
6304 6304
7886 7886
4596 4596
7830 7830
7666 7666
647 647
909 909
8590 8590
9104 9104
3326 3326
7149 7149
8823 8823
7053 7053
1775 1775
4963 4963
5753 5753
9647 9647
3762 3762
2260 2260
9546 9546
7979 7979
9958 9958
9144 9144
8913 8913
3012 3012
2949 2949
392 392
394 394
1914 1914
4988 4988
8225 8225
658 658
9249 9249
5817 5817
3539 3539
7476 7476
5719 5719
4528 4528
660 660
7749 7749
570 570
6413 6413
7820 7820
216 216
1254 1254
1158 1158
9763 9763
9985 9985
1351 1351
1107 1107
4075 4075
5380 5380
1499 1499
4470 4470
7294 7294
7566 7566
2694 2694
7952 7952
5358 5358
8279 8279
2253 2253
6445 6445
6833 6833
7972 7972
2418 2418
1361 1361
8633 8633
166 166
1931 1931
9065 9065
3226 3226
8457 8457
1301 1301
4067 4067
9848 9848
3495 3495
4052 4052
4602 4602
9206 9206
7657 7657
3675 3675
4950 4950
5824 5824
7448 7448
3981 3981
1181 1181
1433 1433
3338 3338
3435 3435
171 171
2485 2485
1374 1374
1540 1540
4542 4542
8321 8321
1683 1683
7768 7768
7856 7856
7703 7703
6480 6480
6966 6966
9981 9981
2160 2160
7250 7250
8716 8716
9341 9341
4745 4745
6243 6243
8726 8726
7425 7425
884 884
9842 9842
1215 1215
4845 4845
6620 6620
2756 2756
465 465
4940 4940
4439 4439
9313 9313
3874 3874
8503 8503
2226 2226
2656 2656
4982 4982
270 270
2636 2636
7142 7142
7520 7520
2430 2430
9524 9524
7175 7175
3804 3804
8976 8976
5900 5900
2307 2307
938 938
9043 9043
4245 4245
779 779
2355 2355
8668 8668
1995 1995
7201 7201
5287 5287
8745 8745
226 226
268 268
9136 9136
9850 9850
7836 7836
4831 4831
2710 2710
1550 1550
1973 1973
1309 1309
3980 3980
612 612
1155 1155
4416 4416
886 886
8134 8134
6723 6723
1825 1825
7176 7176
967 967
3683 3683
9532 9532
9636 9636
7811 7811
4922 4922
1507 1507
7634 7634
6228 6228
2855 2855
6770 6770
2486 2486
2704 2704
9210 9210
321 321
7536 7536
1920 1920
1871 1871
587 587
3229 3229
6930 6930
1199 1199
5140 5140
8085 8085
6695 6695
7106 7106
3417 3417
8931 8931
3394 3394
5464 5464
2613 2613
5099 5099
9371 9371
1814 1814
1099 1099
877 877
8406 8406
4811 4811
7297 7297
891 891
7516 7516
6506 6506
2291 2291
6130 6130
8426 8426
6717 6717
2733 2733
1092 1092
7874 7874
255 255
5689 5689
4979 4979
6474 6474
947 947
5649 5649
8680 8680
4951 4951
1826 1826
8050 8050
7845 7845
6 6
8372 8372
2410 2410
4817 4817
4380 4380
3411 3411
2173 2173
6672 6672
9541 9541
1678 1678
1912 1912
7336 7336
4411 4411
4083 4083
7410 7410
3363 3363
4339 4339
4177 4177
9421 9421
1891 1891
4362 4362
4408 4408
2838 2838
1089 1089
4167 4167
8869 8869
2915 2915
6713 6713
6920 6920
3301 3301
5084 5084
408 408
9198 9198
5867 5867
4003 4003
3617 3617
3228 3228
5681 5681
5530 5530
1642 1642
1171 1171
691 691
130 130
4534 4534
5030 5030
4308 4308
3955 3955
6922 6922
8670 8670
9442 9442
838 838
3608 3608
3753 3753
6904 6904
6419 6419
1751 1751
1502 1502
3238 3238
184 184
5247 5247
8415 8415
3801 3801
9554 9554
4095 4095
409 409
1195 1195
5266 5266
1101 1101
1326 1326
879 879
6131 6131
5634 5634
4834 4834
4131 4131
5382 5382
5354 5354
4970 4970
6220 6220
8963 8963
4676 4676
1052 1052
6945 6945
1095 1095
3882 3882
3676 3676
7121 7121
866 866
8088 8088
7305 7305
6502 6502
2184 2184
6745 6745
1675 1675
2594 2594
9019 9019
3695 3695
344 344
904 904
7057 7057
4812 4812
5036 5036
165 165
5 5
816 816
206 206
4681 4681
2947 2947
6855 6855
6830 6830
8616 8616
531 531
5029 5029
560 560
9698 9698
7752 7752
6199 6199
5596 5596
4496 4496
4593 4593
6973 6973
4938 4938
5872 5872
3868 3868
3073 3073
1762 1762
8904 8904
7670 7670
3007 3007
8909 8909
9566 9566
3213 3213
4668 4668
2512 2512
2522 2522
1523 1523
1137 1137
4370 4370
2830 2830
7782 7782
527 527
107 107
4457 4457
5023 5023
9060 9060
3725 3725
9616 9616
6033 6033
6689 6689
5632 5632
2983 2983
556 556
9785 9785
4746 4746
538 538
8533 8533
7753 7753
525 525
8098 8098
2044 2044
5193 5193
1689 1689
5645 5645
7795 7795
6782 6782
927 927
9558 9558
4836 4836
5340 5340
84 84
4943 4943
9797 9797
3522 3522
6881 6881
1289 1289
3591 3591
4097 4097
2924 2924
9922 9922
3462 3462
2987 2987
7674 7674
3987 3987
797 797
9180 9180
3852 3852
6442 6442
8054 8054
5962 5962
4303 4303
8981 8981
2441 2441
9839 9839
9736 9736
4336 4336
9169 9169
6034 6034
5625 5625
3839 3839
131 131
8549 8549
8293 8293
1131 1131
2010 2010
2358 2358
8806 8806
7076 7076
5601 5601
681 681
6255 6255
9453 9453
7123 7123
6493 6493
2504 2504
5447 5447
8934 8934
7444 7444
342 342
8873 8873
180 180
8608 8608
4755 4755
6180 6180
2943 2943
5003 5003
2213 2213
8842 8842
3423 3423
8195 8195
7134 7134
4555 4555
571 571
8359 8359
6172 6172
4613 4613
6703 6703
3321 3321
1079 1079
3196 3196
6526 6526
3208 3208
4348 4348
6868 6868
7894 7894
8127 8127
687 687
2648 2648
4306 4306
4709 4709
7651 7651
7599 7599
2100 2100
2549 2549
4705 4705
7734 7734
3832 3832
6355 6355
2172 2172
2190 2190
2526 2526
9450 9450
9229 9229
2771 2771
8962 8962
3503 3503
754 754
5487 5487
6712 6712
5102 5102
3433 3433
8792 8792
2995 2995
558 558
6722 6722
6346 6346
5452 5452
4543 4543
701 701
3022 3022
7722 7722
3250 3250
5456 5456
8162 8162
5160 5160
351 351
7686 7686
8157 8157
8234 8234
7994 7994
2006 2006
8274 8274
1496 1496
2760 2760
3760 3760
9287 9287
8941 8941
7193 7193
9158 9158
3014 3014
9832 9832
794 794
6776 6776
7140 7140
5187 5187
2397 2397
7841 7841
8210 8210
118 118
2170 2170
7015 7015
5574 5574
331 331
3254 3254
682 682
2018 2018
3516 3516
9996 9996
1090 1090
6601 6601
8269 8269
2587 2587
439 439
3108 3108
2952 2952
9380 9380
1379 1379
2109 2109
2393 2393
2903 2903
2128 2128
7986 7986
43 43
8395 8395
1461 1461
6604 6604
1580 1580
1132 1132
4697 4697
8233 8233
1463 1463
9030 9030
3592 3592
3225 3225
1048 1048
8187 8187
3220 3220
5866 5866
2567 2567
5804 5804
5675 5675
8757 8757
5684 5684
7055 7055
9156 9156
9344 9344
4848 4848
1284 1284
8409 8409
5970 5970
757 757
9870 9870
4932 4932
8440 8440
1449 1449
7144 7144
4215 4215
761 761
9686 9686
3245 3245
5432 5432
3989 3989
5372 5372
7510 7510
563 563
855 855
4393 4393
6869 6869
7609 7609
4228 4228
3631 3631
4663 4663
2787 2787
5086 5086
2098 2098
3494 3494
8068 8068
5907 5907
4079 4079
4346 4346
5892 5892
8561 8561
2884 2884
5976 5976
8256 8256
7861 7861
8425 8425
5118 5118
1237 1237
6372 6372
2727 2727
6544 6544
1081 1081
8469 8469
2715 2715
3554 3554
5893 5893
96 96
3960 3960
7082 7082
1490 1490
8039 8039
2506 2506
7382 7382
339 339
1067 1067
5113 5113
8302 8302
3286 3286
6137 6137
2564 2564
5640 5640
8762 8762
3525 3525
2011 2011
68 68
4171 4171
1035 1035
3862 3862
8040 8040
5669 5669
9755 9755
3795 3795
4794 4794
6297 6297
6364 6364
3911 3911
8803 8803
4251 4251
948 948
7656 7656
5979 5979
7036 7036
5428 5428
678 678
9440 9440
5077 5077
4157 4157
6224 6224
8328 8328
4121 4121
7446 7446
868 868
919 919
6661 6661
5713 5713
4036 4036
1027 1027
9624 9624
3917 3917
5851 5851
4953 4953
4866 4866
5788 5788
1923 1923
5079 5079
722 722
3345 3345
1401 1401
1573 1573
2131 2131
5730 5730
8355 8355
5136 5136
9519 9519
1072 1072
437 437
6814 6814
7229 7229
5436 5436
8920 8920
6853 6853
9353 9353
4771 4771
5297 5297
1637 1637
6572 6572
8299 8299
6716 6716
2722 2722
7222 7222
9774 9774
8698 8698
9874 9874
2772 2772
828 828
6682 6682
8856 8856
1817 1817
138 138
5478 5478
6878 6878
9103 9103
8526 8526
2313 2313
8023 8023
6457 6457
2745 2745
3872 3872
8042 8042
6588 6588
5912 5912
7420 7420
3303 3303
4285 4285
141 141
1603 1603
5137 5137
8840 8840
2555 2555
8988 8988
746 746
9237 9237
7843 7843
1008 1008
1053 1053
7981 7981
7611 7611
269 269
3163 3163
4488 4488
1688 1688
7881 7881
8474 8474
8145 8145
625 625
3424 3424
8565 8565
11 11
4476 4476
7165 7165
9840 9840
7307 7307
7075 7075
7225 7225
9630 9630
7971 7971
9945 9945
57 57
997 997
1945 1945
1924 1924
6167 6167
4175 4175
2666 2666
7855 7855
2055 2055
2218 2218
7079 7079
3759 3759
6721 6721
5643 5643
1197 1197
669 669
1037 1037
7093 7093
6279 6279
2135 2135
5328 5328
5021 5021
5386 5386
4163 4163
8046 8046
8389 8389
8025 8025
4005 4005
3489 3489
7302 7302
1646 1646
4917 4917
5101 5101
8368 8368
9500 9500
168 168
7272 7272
1680 1680
6580 6580
849 849
1987 1987
2936 2936
8087 8087
7099 7099
6132 6132
8919 8919
7471 7471
4553 4553
51 51
2554 2554
934 934
8284 8284
6035 6035
7784 7784
24 24
9031 9031
7296 7296
2536 2536
7081 7081
2387 2387
7930 7930
5453 5453
9978 9978
865 865
3540 3540
507 507
9044 9044
750 750
9427 9427
1070 1070
8222 8222
3979 3979
1854 1854
3099 3099
4489 4489
2773 2773
1635 1635
9928 9928
665 665
8547 8547
1076 1076
5383 5383
3312 3312
7466 7466
9124 9124
5257 5257
1005 1005
9632 9632
4300 4300
1756 1756
9058 9058
6449 6449
1056 1056
3036 3036
2910 2910
6135 6135
1078 1078
6681 6681
5155 5155
6608 6608
1165 1165
369 369
4909 4909
9713 9713
2525 2525
1725 1725
592 592
4683 4683
9191 9191
9716 9716
9940 9940
1275 1275
9347 9347
4110 4110
9483 9483
1766 1766
5166 5166
2518 2518
416 416
9155 9155
9732 9732
4634 4634
5933 5933
809 809
1624 1624
7043 7043
1328 1328
9221 9221
9288 9288
2776 2776
78 78
5301 5301
5500 5500
1803 1803
6972 6972
1261 1261
2072 2072
7767 7767
4426 4426
7113 7113
7597 7597
7675 7675
9363 9363
4780 4780
192 192
9779 9779
3935 3935
1003 1003
5491 5491
9868 9868
2891 2891
7115 7115
2480 2480
9935 9935
2779 2779
3377 3377
7987 7987
378 378
9757 9757
4565 4565
2181 2181
6729 6729
5826 5826
4495 4495
8105 8105
9759 9759
2686 2686
5701 5701
8294 8294
360 360
5064 5064
3074 3074
3714 3714
1412 1412
6605 6605
9606 9606
1513 1513
7618 7618
4292 4292
7918 7918
3583 3583
3357 3357
8296 8296
3339 3339
7923 7923
1555 1555
4827 4827
6888 6888
6720 6720
2932 2932
7725 7725
9407 9407
845 845
4775 4775
3556 3556
696 696
9337 9337
3187 3187
4954 4954
2792 2792
9883 9883
2571 2571
1568 1568
7660 7660
8611 8611
9864 9864
6533 6533
2498 2498
3224 3224
1359 1359
464 464
5370 5370
8189 8189
429 429
5285 5285
1274 1274
8778 8778
6535 6535
5910 5910
552 552
5871 5871
4258 4258
3739 3739
4241 4241
9212 9212
455 455
4430 4430
426 426
9066 9066
6677 6677
7870 7870
5728 5728
9115 9115
8334 8334
5672 5672
4485 4485
7601 7601
6101 6101
3965 3965
8455 8455
8344 8344
499 499
4364 4364
8897 8897
9701 9701
2768 2768
9992 9992
2403 2403
2853 2853
4091 4091
8570 8570
3733 3733
8100 8100
5246 5246
3827 3827
4360 4360
1015 1015
578 578
8617 8617
6679 6679
8411 8411
5133 5133
6755 6755
4159 4159
575 575
6730 6730
6534 6534
1346 1346
3926 3926
5583 5583
4199 4199
9096 9096
2560 2560
4691 4691
3656 3656
6293 6293
2790 2790
8902 8902
8975 8975
7696 7696
9991 9991
3185 3185
1595 1595
1164 1164
8583 8583
2819 2819
6158 6158
1268 1268
7681 7681
8881 8881
5520 5520
2685 2685
4463 4463
1780 1780
628 628
4284 4284
9704 9704
8035 8035
7526 7526
772 772
6309 6309
710 710
457 457
2340 2340
3384 3384
4881 4881
4583 4583
3463 3463
8481 8481
49 49
5810 5810
2654 2654
9253 9253
2572 2572
4352 4352
861 861
5214 5214
9410 9410
5996 5996
1354 1354
8014 8014
6768 6768
8742 8742
8304 8304
3186 3186
3184 3184
6743 6743
7078 7078
6647 6647
5224 5224
8207 8207
2456 2456
8957 8957
8094 8094
8226 8226
666 666
8459 8459
6097 6097
9320 9320
4902 4902
7999 7999
5543 5543
1194 1194
1317 1317
6031 6031
2671 2671
4044 4044
6115 6115
3846 3846
3572 3572
8112 8112
8681 8681
1394 1394
6406 6406
7697 7697
2568 2568
8167 8167
7020 7020
4313 4313
7704 7704
7437 7437
8102 8102
8408 8408
3644 3644
4611 4611
804 804
9676 9676
2879 2879
3475 3475
4798 4798
72 72
5967 5967
8645 8645
5569 5569
617 617
6756 6756
3090 3090
1733 1733
786 786
1673 1673
8519 8519
1144 1144
918 918
6617 6617
4053 4053
7802 7802
7470 7470
5353 5353
3159 3159
6157 6157
3279 3279
8077 8077
7189 7189
7756 7756
7800 7800
8374 8374
2542 2542
8658 8658
896 896
3329 3329
7234 7234
2570 2570
2926 2926
9457 9457
4567 4567
9543 9543
4913 4913
5347 5347
4675 4675
1857 1857
4227 4227
8289 8289
6752 6752
6383 6383
1109 1109
6235 6235
2846 2846
3990 3990
5603 5603
3442 3442
4778 4778
5985 5985
5663 5663
1747 1747
9312 9312
4397 4397
4958 4958
3939 3939
304 304
9693 9693
4531 4531
2916 2916
8420 8420
2362 2362
377 377
3943 3943
3471 3471
4955 4955
177 177
3736 3736
8880 8880
4168 4168
5562 5562
8689 8689
7658 7658
328 328
4673 4673
2171 2171
7070 7070
6144 6144
3918 3918
6382 6382
540 540
6200 6200
5559 5559
4473 4473
5251 5251
4603 4603
8332 8332
9246 9246
693 693
9623 9623
8045 8045
5657 5657
58 58
4536 4536
3468 3468
97 97
3236 3236
595 595
1504 1504
7909 7909
2766 2766
8575 8575
7763 7763
4956 4956
8453 8453
9514 9514
6482 6482
5196 5196
584 584
5727 5727
2357 2357
6429 6429
7341 7341
2085 2085
6642 6642
8738 8738
7700 7700
1188 1188
1676 1676
4424 4424
3350 3350
380 380
7196 7196
8955 8955
8544 8544
4989 4989
3441 3441
591 591
5694 5694
4085 4085
5787 5787
7358 7358
890 890
9715 9715
7319 7319
482 482
144 144
7131 7131
8183 8183
1333 1333
8807 8807
7059 7059
6836 6836
8518 8518
431 431
7473 7473
5389 5389
5164 5164
6467 6467
8061 8061
3754 3754
5773 5773
1111 1111
7742 7742
1904 1904
5061 5061
4669 4669
297 297
6622 6622
8508 8508
4804 4804
8393 8393
1628 1628
2538 2538
6466 6466
2059 2059
7415 7415
8528 8528
4629 4629
2578 2578
6073 6073
2689 2689
5345 5345
4210 4210
292 292
9938 9938
1457 1457
1617 1617
7205 7205
1620 1620
4176 4176
7503 7503
2479 2479
9894 9894
2600 2600
4061 4061
3657 3657
4266 4266
338 338
4626 4626
1579 1579
5628 5628
2148 2148
3775 3775
5920 5920
1860 1860
3712 3712
4556 4556
9790 9790
2488 2488
915 915
128 128
1069 1069
1100 1100
3171 3171
9414 9414
4149 4149
5897 5897
1462 1462
4120 4120
2670 2670
7895 7895
7748 7748
5609 5609
6204 6204
1244 1244
3553 3553
9873 9873
6041 6041
3858 3858
7111 7111
8331 8331
2180 2180
781 781
2580 2580
6960 6960
8514 8514
3072 3072
3552 3552
7221 7221
2261 2261
8683 8683
8462 8462
1049 1049
2802 2802
290 290
8038 8038
407 407
5540 5540
5320 5320
2730 2730
9093 9093
2602 2602
5134 5134
4278 4278
3681 3681
3323 3323
3688 3688
6940 6940
4978 4978
3696 3696
6561 6561
5795 5795
6323 6323
4257 4257
9905 9905
203 203
1979 1979
3663 3663
6188 6188
62 62
8918 8918
6611 6611
9404 9404
1519 1519
2823 2823
3682 3682
6280 6280
6146 6146
7370 7370
3219 3219
250 250
3637 3637
5025 5025
4056 4056
3352 3352
7527 7527
8019 8019
2111 2111
200 200
2150 2150
8798 8798
3291 3291
1918 1918
5409 5409
2695 2695
4517 4517
9311 9311
7456 7456
796 796
5094 5094
6786 6786
1810 1810
3597 3597
6102 6102
5163 5163
5293 5293
4707 4707
4390 4390
7569 7569
9481 9481
2611 2611
363 363
9294 9294
2688 2688
3655 3655
9176 9176
6350 6350
6808 6808
8487 8487
3805 3805
5022 5022
9709 9709
1807 1807
8147 8147
3924 3924
4248 4248
295 295
7228 7228
4685 4685
7602 7602
7787 7787
8376 8376
4736 4736
5159 5159
2266 2266
8754 8754
7822 7822
5209 5209
5708 5708
4774 4774
9987 9987
9796 9796
9695 9695
2681 2681
22 22
6313 6313
7377 7377
1639 1639
7236 7236
6400 6400
593 593
5542 5542
9274 9274
4009 4009
9567 9567
2804 2804
186 186
5097 5097
8838 8838
2919 2919
5125 5125
8627 8627
9899 9899
3017 3017
6961 6961
2262 2262
3453 3453
8062 8062
9654 9654
829 829
1292 1292
565 565
2964 2964
2237 2237
9094 9094
3267 3267
7325 7325
6071 6071
7511 7511
3756 3756
5987 5987
7530 7530
7754 7754
7460 7460
2088 2088
9919 9919
476 476
2860 2860
6879 6879
3817 3817
7392 7392
6020 6020
5841 5841
7365 7365
8805 8805
3129 3129
3478 3478
2120 2120
2222 2222
523 523
1960 1960
3895 3895
8034 8034
960 960
5564 5564
4549 4549
3151 3151
9295 9295
2008 2008
5239 5239
3563 3563
7170 7170
7380 7380
6570 6570
3189 3189
1928 1928
5870 5870
4453 4453
7769 7769
3235 3235
5203 5203
9761 9761
850 850
9666 9666
6505 6505
1373 1373
1625 1625
1478 1478
9408 9408
2439 2439
6050 6050
4049 4049
5590 5590
5344 5344
7136 7136
1907 1907
5635 5635
8735 8735
8152 8152
2165 2165
4604 4604
2604 2604
1012 1012
8887 8887
9744 9744
6361 6361
8647 8647
6026 6026
3046 3046
8730 8730
7709 7709
147 147
9582 9582
5737 5737
6004 6004
1571 1571
7644 7644
1638 1638
3349 3349
9809 9809
6600 6600
3586 3586
9622 9622
4751 4751
5304 5304
8435 8435
8921 8921
4222 4222
7321 7321
8664 8664
1661 1661
2196 2196
7495 7495
6914 6914
6803 6803
1130 1130
7574 7574
7946 7946
3577 3577
6294 6294
6159 6159
823 823
7177 7177
7645 7645
8732 8732
7158 7158
7781 7781
4478 4478
7395 7395
8810 8810
7128 7128
3270 3270
5702 5702
5782 5782
6912 6912
8836 8836
3743 3743
4858 4858
2412 2412
2605 2605
3790 3790
160 160
2678 2678
7337 7337
9817 9817
3155 3155
7598 7598
1629 1629
7039 7039
5638 5638
438 438
435 435
4788 4788
2026 2026
6217 6217
5965 5965
9352 9352
9456 9456
5904 5904
9241 9241
1830 1830
245 245
4398 4398
9811 9811
61 61
2956 2956
2966 2966
7071 7071
5674 5674
6856 6856
2708 2708
6112 6112
3180 3180
3143 3143
1978 1978
5206 5206
9108 9108
814 814
3568 3568
5072 5072
4527 4527
6070 6070
6461 6461
4846 4846
6843 6843
8291 8291
2229 2229
3119 3119
7164 7164
9493 9493
2837 2837
6348 6348
6053 6053
275 275
4733 4733
714 714
1113 1113
5547 5547
5361 5361
6185 6185
6792 6792
9073 9073
1790 1790
6637 6637
3013 3013
4516 4516
7799 7799
5270 5270
4073 4073
7419 7419
7211 7211
2188 2188
4550 4550
7238 7238
9244 9244
6618 6618
356 356
4153 4153
3057 3057
7620 7620
2023 2023
2129 2129
489 489
8741 8741
8205 8205
4721 4721
315 315
1560 1560
6971 6971
5586 5586
1426 1426
8555 8555
3615 3615
5792 5792
6409 6409
4585 4585
5015 5015
4260 4260
5170 5170
2269 2269
7468 7468
6738 6738
7288 7288
4942 4942
4981 4981
8704 8704
4741 4741
3403 3403
1343 1343
67 67
6977 6977
7266 7266
9559 9559
4754 4754
5451 5451
5673 5673
847 847
7733 7733
3071 3071
9472 9472
4441 4441
8905 8905
1150 1150
9813 9813
932 932
7553 7553
2275 2275
7343 7343
330 330
1270 1270
2516 2516
6322 6322
8537 8537
3383 3383
5881 5881
9913 9913
1553 1553
5855 5855
7388 7388
6405 6405
2907 2907
3395 3395
4842 4842
5775 5775
2105 2105
4018 4018
9129 9129
526 526
2716 2716
9460 9460
3082 3082
1975 1975
6437 6437
8996 8996
5073 5073
4850 4850
573 573
1255 1255
3480 3480
279 279
4947 4947
1219 1219
4753 4753
8772 8772
6643 6643
876 876
6316 6316
6850 6850
2481 2481
9033 9033
4098 4098
9364 9364
8779 8779
3487 3487
6749 6749
9381 9381
8412 8412
6145 6145
7606 7606
5692 5692
8444 8444
6560 6560
7215 7215
4656 4656
4281 4281
9170 9170
972 972
1650 1650
1083 1083
9372 9372
6260 6260
6496 6496
5038 5038
9983 9983
2865 2865
146 146
3544 3544
3878 3878
9527 9527
1955 1955
6543 6543
2700 2700
3766 3766
5537 5537
9471 9471
2209 2209
7110 7110
3630 3630
1390 1390
9672 9672
3600 3600
2401 2401
6764 6764
3198 3198
1772 1772
3237 3237
8268 8268
9077 9077
9329 9329
302 302
2872 2872
5882 5882
5906 5906
2424 2424
7761 7761
8606 8606
3297 3297
9479 9479
6265 6265
5902 5902
8734 8734
1582 1582
3413 3413
3132 3132
8347 8347
4904 4904
1369 1369
926 926
509 509
3 3
3579 3579
2513 2513
1384 1384
6451 6451
8396 8396
1898 1898
2041 2041
1196 1196
8540 8540
785 785
4758 4758
8353 8353
1516 1516
6341 6341
1765 1765
4687 4687
9455 9455
1710 1710
8723 8723
9540 9540
1236 1236
5990 5990
7347 7347
1467 1467
3934 3934
3742 3742
631 631
1713 1713
9197 9197
1729 1729
4557 4557
4924 4924
5090 5090
6635 6635
5709 5709
5470 5470
2595 2595
8012 8012
2134 2134
1936 1936
8124 8124
8535 8535
6579 6579
95 95
8314 8314
9432 9432
3837 3837
3051 3051
7198 7198
9653 9653
6531 6531
8911 8911
8849 8849
8260 8260
4852 4852
6834 6834
1486 1486
3621 3621
5106 5106
6956 6956
5490 5490
6443 6443
5124 5124
3021 3021
5219 5219
2452 2452
9057 9057
1233 1233
3594 3594
6254 6254
1964 1964
124 124
6244 6244
813 813
9463 9463
789 789
6744 6744
7375 7375
425 425
995 995
6610 6610
3389 3389
126 126
1884 1884
9095 9095
9336 9336
3650 3650
4460 4460
3520 3520
9679 9679
2781 2781
3168 3168
4015 4015
7147 7147
7058 7058
7965 7965
3390 3390
8950 8950
8506 8506
5693 5693
5683 5683
3922 3922
8390 8390
9160 9160
5255 5255
1229 1229
7320 7320
965 965
6648 6648
602 602
4849 4849
4522 4522
3821 3821
1732 1732
529 529
3547 3547
6223 6223
7197 7197
9231 9231
1223 1223
6231 6231
2601 2601
692 692
6469 6469
8936 8936
3000 3000
4868 4868
3285 3285
3565 3565
5329 5329
9669 9669
4643 4643
5931 5931
4071 4071
2125 2125
5946 5946
2331 2331
4235 4235
7596 7596
161 161
8091 8091
2464 2464
2101 2101
1771 1771
9650 9650
706 706
7235 7235
3991 3991
1879 1879
398 398
1547 1547
7155 7155
7409 7409
6998 6998
2304 2304
201 201
3055 3055
7226 7226
92 92
1460 1460
8767 8767
4638 4638
3029 3029
6739 6739
182 182
8343 8343
7467 7467
888 888
6657 6657
3062 3062
5958 5958
6357 6357
82 82
3765 3765
8160 8160
7191 7191
3031 3031
8361 8361
7924 7924
8126 8126
4957 4957
7862 7862
8447 8447
2499 2499
6859 6859
709 709
317 317
9052 9052
846 846
6045 6045
5322 5322
7499 7499
5405 5405
1306 1306
8324 8324
8497 8497
2434 2434
3003 3003
9821 9821
357 357
1487 1487
7315 7315
8089 8089
892 892
9877 9877
8928 8928
3464 3464
5715 5715
1997 1997
1036 1036
9496 9496
5147 5147
1880 1880
3241 3241
376 376
1276 1276
6262 6262
6992 6992
7807 7807
6793 6793
5865 5865
5186 5186
6079 6079
8338 8338
8367 8367
2897 2897
8439 8439
7440 7440
8028 8028
7253 7253
1010 1010
3174 3174
2890 2890
7723 7723
3627 3627
6416 6416
5622 5622
3407 3407
3428 3428
8839 8839
9273 9273
4025 4025
3536 3536
3341 3341
1182 1182
3056 3056
9549 9549
9067 9067
3393 3393
6238 6238
9502 9502
4569 4569
511 511
4475 4475
9513 9513
8827 8827
9181 9181
5928 5928
4448 4448
413 413
7876 7876
64 64
764 764
1677 1677
4089 4089
5379 5379
5018 5018
5899 5899
4389 4389
9956 9956
4965 4965
8861 8861
5545 5545
1360 1360
1841 1841
1616 1616
3665 3665
2852 2852
442 442
2845 2845
4890 4890
1350 1350
3844 3844
4136 4136
2115 2115
9304 9304
7494 7494
1618 1618
5654 5654
7008 7008
472 472
2631 2631
1396 1396
427 427
8675 8675
257 257
5298 5298
2696 2696
618 618
2433 2433
3958 3958
6631 6631
7889 7889
5570 5570
9476 9476
1538 1538
176 176
9841 9841
3370 3370
3061 3061
1942 1942
4679 4679
6955 6955
8951 8951
9586 9586
1425 1425
7736 7736
9339 9339
2761 2761
6514 6514
4637 4637
7132 7132
8149 8149
2169 2169
3277 3277
5053 5053
9926 9926
5607 5607
9963 9963
1464 1464
7926 7926
1151 1151
4587 4587
986 986
6529 6529
7984 7984
1789 1789
1823 1823
8303 8303
7281 7281
6513 6513
3275 3275
6552 6552
1834 1834
7441 7441
859 859
9020 9020
2076 2076
8024 8024
982 982
6663 6663
89 89
4270 4270
2843 2843
9891 9891
4833 4833
3404 3404
727 727
6854 6854
487 487
8357 8357
9767 9767
2463 2463
8287 8287
3322 3322
5398 5398
3044 3044
2535 2535
956 956
5378 5378
9317 9317
4001 4001
285 285
8834 8834
2775 2775
1998 1998
3048 3048
1305 1305
3150 3150
4189 4189
1082 1082
5341 5341
2545 2545
7805 7805
214 214
2205 2205
7604 7604
8502 8502
6352 6352
1821 1821
2625 2625
9966 9966
5343 5343
5793 5793
8574 8574
8569 8569
1909 1909
1621 1621
6138 6138
6475 6475
5142 5142
7220 7220
2894 2894
8766 8766
1777 1777
440 440
3983 3983
4927 4927
7693 7693
3429 3429
4486 4486
7133 7133
6168 6168
1511 1511
4421 4421
8383 8383
4332 4332
1184 1184
6241 6241
8983 8983
3457 3457
1437 1437
676 676
4331 4331
5047 5047
6109 6109
1170 1170
9355 9355
115 115
3835 3835
6318 6318
9400 9400
2073 2073
4195 4195
4945 4945
5075 5075
8635 8635
3458 3458
2948 2948
4781 4781
1548 1548
3724 3724
6218 6218
5479 5479
1627 1627
2877 2877
7461 7461
8384 8384
2679 2679
4298 4298
4752 4752
958 958
8493 8493
775 775
8188 8188
3136 3136
6166 6166
5764 5764
7284 7284
2763 2763
5932 5932
106 106
4968 4968
4749 4749
1183 1183
9866 9866
8507 8507
9657 9657
3258 3258
615 615
3735 3735
6649 6649
6987 6987
4231 4231
6060 6060
1869 1869
1310 1310
3812 3812
2256 2256
3678 3678
762 762
1290 1290
6735 6735
6892 6892
1950 1950
2380 2380
725 725
8109 8109
656 656
6785 6785
3604 3604
6686 6686
742 742
4100 4100
7890 7890
1607 1607
9200 9200
9235 9235
6783 6783
8155 8155
2961 2961
2001 2001
1887 1887
4651 4651
2221 2221
5598 5598
7178 7178
2376 2376
6366 6366
792 792
9161 9161
3246 3246
4396 4396
5847 5847
5068 5068
9575 9575
5734 5734
7203 7203
8943 8943
3986 3986
6022 6022
9102 9102
1645 1645
2276 2276
4498 4498
9351 9351
1917 1917
2754 2754
9487 9487
4293 4293
278 278
2366 2366
379 379
8513 8513
5194 5194
6510 6510
286 286
6615 6615
4791 4791
8219 8219
9856 9856
7977 7977
157 157
262 262
2047 2047
178 178
456 456
3869 3869
6210 6210
5327 5327
643 643
1537 1537
520 520
5968 5968
9126 9126
1885 1885
3661 3661
4851 4851
8522 8522
935 935
5031 5031
1636 1636
2888 2888
8727 8727
9268 9268
8320 8320
8063 8063
7954 7954
9006 9006
7258 7258
8857 8857
7806 7806
1820 1820
1434 1434
2800 2800
4012 4012
2533 2533
382 382
7564 7564
8044 8044
4349 4349
1727 1727
5129 5129
2077 2077
453 453
9595 9595
2349 2349
940 940
4239 4239
7154 7154
933 933
4959 4959
3446 3446
7840 7840
7568 7568
319 319
1211 1211
3976 3976
4017 4017
5060 5060
8859 8859
7332 7332
9766 9766
640 640
9445 9445
1695 1695
9362 9362
1121 1121
9535 9535
8009 8009
1440 1440
3781 3781
401 401
6072 6072
1493 1493
4377 4377
1167 1167
2157 2157
1508 1508
9037 9037
5704 5704
8974 8974
1764 1764
1529 1529
2861 2861
790 790
1110 1110
1314 1314
6584 6584
1754 1754
6800 6800
1704 1704
3272 3272
8669 8669
8746 8746
5173 5173
4450 4450
6937 6937
2152 2152
9545 9545
5014 5014
7010 7010
2793 2793
8 8
77 77
9240 9240
9550 9550
7719 7719
2246 2246
3900 3900
7090 7090
9406 9406
8339 8339
8619 8619
9153 9153
9015 9015
5746 5746
7850 7850
3761 3761
4069 4069
4384 4384
8257 8257
8341 8341
8713 8713
9428 9428
557 557
1776 1776
1476 1476
2404 2404
9195 9195
1818 1818
7383 7383
7364 7364
2303 2303
5722 5722
5982 5982
2534 2534
7374 7374
4425 4425
1549 1549
4198 4198
8397 8397
477 477
4521 4521
4546 4546
3421 3421
6737 6737
5624 5624
6156 6156
6104 6104
389 389
5584 5584
7741 7741
9217 9217
8993 8993
1922 1922
9305 9305
4193 4193
6105 6105
2835 2835
6727 6727
8340 8340
7676 7676
6736 6736
2335 2335
1213 1213
151 151
6307 6307
9343 9343
4359 4359
2969 2969
7083 7083
1408 1408
6300 6300
4929 4929
4409 4409
5790 5790
6819 6819
3713 3713
1564 1564
1011 1011
3296 3296
2051 2051
9083 9083
9843 9843
5046 5046
5619 5619
1055 1055
5197 5197
7779 7779
3946 3946
2583 2583
9384 9384
5552 5552
248 248
2447 2447
7372 7372
7068 7068
14 14
5492 5492
7975 7975
353 353
9310 9310
3483 3483
6308 6308
7066 7066
1926 1926
4381 4381
2263 2263
783 783
8984 8984
9516 9516
5848 5848
1962 1962
3582 3582
8123 8123
3233 3233
2739 2739
8725 8725
1793 1793
6613 6613
9113 9113
8199 8199
8882 8882
193 193
9177 9177
2363 2363
9290 9290
418 418
2508 2508
3437 3437
7256 7256
5879 5879
9049 9049
2491 2491
5736 5736
5550 5550
3881 3881
7047 7047
8765 8765
5333 5333
3251 3251
4566 4566
6694 6694
7908 7908
4704 4704
5983 5983
6201 6201
9571 9571
3358 3358
6899 6899
6390 6390
613 613
2777 2777
740 740
6347 6347
8750 8750
9886 9886
1091 1091
6697 6697
5435 5435
9257 9257
2842 2842
395 395
6303 6303
8914 8914
8800 8800
6267 6267
2022 2022
3634 3634
5108 5108
8223 8223
3204 3204
8466 8466
672 672
56 56
3686 3686
7483 7483
2435 2435
9132 9132
3052 3052
8771 8771
4132 4132
6816 6816
4319 4319
6846 6846
4197 4197
4126 4126
3047 3047
5070 5070
5482 5482
4371 4371
8686 8686
9358 9358
7361 7361
1707 1707
4122 4122
9190 9190
6557 6557
6767 6767
652 652
5592 5592
802 802
7713 7713
4820 4820
4520 4520
9017 9017
3932 3932
864 864
5403 5403
1982 1982
8107 8107
9738 9738
6547 6547
5467 5467
1444 1444
668 668
633 633
8305 8305
8159 8159
6150 6150
8811 8811
5066 5066
7048 7048
6947 6947
5839 5839
1438 1438
6087 6087
3800 3800
8069 8069
2965 2965
7547 7547
7254 7254
2702 2702
3799 3799
4146 4146
9682 9682
5858 5858
4145 4145
4253 4253
294 294
7730 7730
397 397
8421 8421
7344 7344
1172 1172
4096 4096
6777 6777
5399 5399
4779 4779
7940 7940
2818 2818
5783 5783
9474 9474
8346 8346
4645 4645
3710 3710
485 485
3984 3984
4630 4630
2902 2902
4900 4900
4925 4925
6377 6377
7673 7673
4799 4799
5460 5460
5832 5832
6659 6659
8868 8868
2643 2643
1855 1855
7432 7432
2341 2341
8079 8079
4058 4058
2974 2974
112 112
8864 8864
6312 6312
6082 6082
7708 7708
2621 2621
971 971
4395 4395
6577 6577
289 289
8191 8191
2244 2244
5513 5513
9643 9643
8997 8997
7783 7783
9424 9424
811 811
730 730
5514 5514
1996 1996
6432 6432
548 548
2822 2822
3606 3606
1193 1193
145 145
2469 2469
462 462
9088 9088
2706 2706
9222 9222
3060 3060
2348 2348
8218 8218
5964 5964
9152 9152
7080 7080
7891 7891
7255 7255
9700 9700
6287 6287
329 329
8086 8086
3797 3797
1956 1956
2416 2416
1596 1596
2279 2279
9464 9464
5740 5740
3011 3011
2590 2590
559 559
9988 9988
3619 3619
3414 3414
2187 2187
9583 9583
6893 6893
3298 3298
8236 8236
7936 7936
3952 3952
882 882
7100 7100
9345 9345
8696 8696
1623 1623
9238 9238
9802 9802
5126 5126
2248 2248
7716 7716
2807 2807
606 606
6427 6427
1562 1562
7088 7088
5059 5059
2724 2724
135 135
9309 9309
2096 2096
6408 6408
5503 5503
6013 6013
7002 7002
5926 5926
4708 4708
8628 8628
3945 3945
7273 7273
7947 7947
2548 2548
79 79
4233 4233
7585 7585
7026 7026
5752 5752
3941 3941
163 163
810 810
1536 1536
3658 3658
2368 2368
5334 5334
4876 4876
6397 6397
7262 7262
9415 9415
929 929
3041 3041
7274 7274
8594 8594
8958 8958
5424 5424
2898 2898
6234 6234
6421 6421
80 80
3216 3216
7991 7991
1915 1915
5903 5903
3379 3379
3782 3782
4205 4205
4276 4276
7317 7317
6142 6142
5814 5814
8264 8264
9969 9969
6589 6589
8551 8551
9741 9741
9398 9398
1977 1977
6983 6983
3692 3692
7552 7552
8016 8016
2962 2962
3455 3455
7216 7216
3510 3510
8794 8794
3927 3927
3669 3669
1147 1147
5864 5864
8041 8041
4128 4128
9278 9278
7447 7447
6974 6974
8907 8907
3876 3876
242 242
858 858
3075 3075
5330 5330
2944 2944
9386 9386
7814 7814
3717 3717
2561 2561
4864 4864
1899 1899
2904 2904
8115 8115
1205 1205
6641 6641
9259 9259
2167 2167
3134 3134
3993 3993
5705 5705
8596 8596
3482 3482
7875 7875
5004 5004
7505 7505
9800 9800
4712 4712
8692 8692
8429 8429
2036 2036
1615 1615
7871 7871
4694 4694
3855 3855
7828 7828
6412 6412
1161 1161
2899 2899
3195 3195
835 835
4964 4964
486 486
1839 1839
4403 4403
7630 7630
5408 5408
6058 6058
5494 5494
9896 9896
4574 4574
2749 2749
1768 1768
7474 7474
7023 7023
2603 2603
4933 4933
976 976
6458 6458
1021 1021
1866 1866
2156 2156
7206 7206
9003 9003
9977 9977
5644 5644
5312 5312
7056 7056
218 218
8824 8824
2505 2505
4782 4782
5758 5758
6069 6069
2216 2216
8169 8169
5614 5614
4082 4082
324 324
483 483
3788 3788
1533 1533
3870 3870
108 108
4394 4394
787 787
3533 3533
9696 9696
6108 6108
1176 1176
2176 2176
8796 8796
3392 3392
1423 1423
8307 8307
114 114
6614 6614
2106 2106
8886 8886
9569 9569
4899 4899
6765 6765
1272 1272
6171 6171
1739 1739
1409 1409
7138 7138
7386 7386
2832 2832
7017 7017
5658 5658
8211 8211
4008 4008
6114 6114
2825 2825
8381 8381
3472 3472
6299 6299
3063 3063
7393 7393
463 463
4054 4054
2202 2202
6197 6197
81 81
1692 1692
3992 3992
5396 5396
7407 7407
9889 9889
4078 4078
1415 1415
3828 3828
8991 8991
7529 7529
390 390
2029 2029
9752 9752
9422 9422
944 944
6077 6077
3496 3496
7533 7533
9553 9553
7614 7614
4353 4353
1605 1605
7491 7491
6541 6541
1905 1905
6481 6481
5148 5148
9638 9638
7951 7951
2136 2136
841 841
4639 4639
4391 4391
5745 5745
7006 7006
3217 3217
8872 8872
1910 1910
4594 4594
2676 2676
334 334
8007 8007
5497 5497
6500 6500
316 316
2726 2726
1032 1032
4863 4863
5646 5646
1186 1186
7935 7935
1115 1115
6019 6019
6799 6799
2615 2615
9101 9101
5833 5833
3893 3893
5929 5929
8822 8822
9929 9929
1421 1421
2563 2563
7997 7997
1452 1452
2868 2868
2484 2484
6515 6515
4449 4449
6926 6926
467 467
9542 9542
6453 6453
5274 5274
3153 3153
9768 9768
5878 5878
2268 2268
5935 5935
264 264
949 949
4456 4456
7464 7464
3239 3239
5765 5765
2992 2992
4217 4217
4538 4538
3310 3310
6264 6264
8985 8985
7194 7194
5057 5057
2013 2013
7948 7948
1651 1651
4703 4703
1663 1663
8441 8441
8504 8504
7433 7433
6984 6984
2821 2821
3197 3197
1054 1054
8117 8117
6967 6967
1856 1856
172 172
2197 2197
469 469
3325 3325
8510 8510
1063 1063
9897 9897
198 198
4099 4099
7631 7631
3247 3247
4301 4301
6116 6116
8874 8874
7304 7304
228 228
3907 3907
8556 8556
8724 8724
1711 1711
1002 1002
4641 4641
2639 2639
5647 5647
7623 7623
5936 5936
9530 9530
9482 9482
434 434
9711 9711
1779 1779
9346 9346
8525 8525
8613 8613
7328 7328
5994 5994
4479 4479
5551 5551
2399 2399
7610 7610
5032 5032
9123 9123
9036 9036
3305 3305
969 969
7546 7546
4829 4829
996 996
6747 6747
881 881
4074 4074
149 149
1393 1393
8966 8966
6667 6667
3212 3212
6470 6470
8662 8662
1966 1966
2312 2312
590 590
9480 9480
6838 6838
9887 9887
5472 5472
3515 3515
782 782
624 624
887 887
9433 9433
3476 3476
1822 1822
63 63
1472 1472
5290 5290
8032 8032
729 729
1666 1666
1287 1287
9451 9451
415 415
3481 3481
662 662
3067 3067
5809 5809
1173 1173
2660 2660
4649 4649
2723 2723
492 492
1411 1411
9603 9603
2277 2277
3006 3006
4324 4324
3774 3774
8215 8215
5651 5651
7545 7545
7831 7831
8982 8982
154 154
572 572
4803 4803
4374 4374
2003 2003
3970 3970
4493 4493
4652 4652
3928 3928
8013 8013
5381 5381
3646 3646
649 649
4400 4400
8329 8329
298 298
3859 3859
9214 9214
8212 8212
9863 9863
4237 4237
2977 2977
3668 3668
895 895
3674 3674
76 76
8908 8908
4202 4202
8830 8830
2292 2292
661 661
6049 6049
1311 1311
9034 9034
9506 9506
2693 2693
6691 6691
2985 2985
1783 1783
4554 4554
2758 2758
8521 8521
5351 5351
5735 5735
2317 2317
2283 2283
7958 7958
2360 2360
3199 3199
3899 3899
5823 5823
2619 2619
5210 5210
4856 4856
8075 8075
5794 5794
768 768
6536 6536
4832 4832
7928 7928
9399 9399
9042 9042
8986 8986
5471 5471
8970 8970
963 963
2079 2079
2289 2289
5278 5278
6606 6606
6670 6670
1848 1848
505 505
3571 3571
5546 5546
3620 3620
8272 8272
1422 1422
5887 5887
299 299
428 428
9685 9685
549 549
8520 8520
5966 5966
2900 2900
8313 8313
9125 9125
2714 2714
4402 4402
2874 2874
7329 7329
2460 2460
5997 5997
1811 1811
3040 3040
8498 8498
7698 7698
8927 8927
3024 3024
554 554
7653 7653
121 121
3822 3822
2473 2473
9303 9303
7711 7711
9183 9183
6629 6629
9770 9770
6634 6634
9719 9719
7188 7188
7489 7489
3570 3570
6999 6999
4283 4283
7588 7588
2530 2530
4194 4194
7261 7261
3430 3430
181 181
9230 9230
7496 7496
7848 7848
4452 4452
3697 3697
5111 5111
7980 7980
6646 6646
5449 5449
7898 7898
8002 8002
4678 4678
5000 5000
8480 8480
3751 3751
2153 2153
5011 5011
8027 8027
100 100
4837 4837
1231 1231
4451 4451
367 367
6007 6007
641 641
5065 5065
1269 1269
5977 5977
6718 6718
5776 5776
8552 8552
5791 5791
9027 9027
2143 2143
6787 6787
1701 1701
4934 4934
8971 8971
8431 8431
6066 6066
6133 6133
3961 3961
6433 6433
968 968
7655 7655
3112 3112
7864 7864
905 905
825 825
1872 1872
8221 8221
9167 9167
3456 3456
1690 1690
5599 5599
6674 6674
7371 7371
6030 6030
9068 9068
9590 9590
6857 6857
1047 1047
9789 9789
6939 6939
6315 6315
8844 8844
9361 9361
8642 8642
568 568
6012 6012
4218 4218
7689 7689
2634 2634
478 478
1512 1512
2442 2442
3638 3638
567 567
2230 2230
576 576
6882 6882
498 498
6148 6148
6040 6040
8641 8641
7435 7435
6479 6479
4513 4513
373 373
6099 6099
8625 8625
2735 2735
1259 1259
2866 2866
6330 6330
21 21
9968 9968
588 588
110 110
544 544
4113 4113
1042 1042
3618 3618
7710 7710
6354 6354
9162 9162
586 586
8592 8592
885 885
5723 5723
8755 8755
2144 2144
15 15
2493 2493
6089 6089
5454 5454
8791 8791
6699 6699
4523 4523
4169 4169
8637 8637
8866 8866
7578 7578
9651 9651
7818 7818
1315 1315
41 41
964 964
26 26
4187 4187
2367 2367
6386 6386
1060 1060
3084 3084
5509 5509
2552 2552
5092 5092
3748 3748
191 191
2446 2446
1565 1565
1506 1506
1644 1644
4889 4889
9114 9114
7257 7257
8150 8150
6766 6766
9526 9526
8831 8831
1664 1664
5952 5952
9564 9564
8103 8103
3701 3701
3077 3077
3769 3769
589 589
8092 8092
2981 2981
1316 1316
4558 4558
4461 4461
3585 3585
8709 8709
341 341
9050 9050
2344 2344
3628 3628
4539 4539
2809 2809
5886 5886
459 459
9908 9908
8490 8490
7264 7264
432 432
9961 9961
1724 1724
2352 2352
4802 4802
5896 5896
1669 1669
1797 1797
739 739
6504 6504
9314 9314
6278 6278
3109 3109
1334 1334
3182 3182
8585 8585
6295 6295
9758 9758
2388 2388
7683 7683
430 430
3306 3306
1658 1658
5281 5281
202 202
8392 8392
2298 2298
5480 5480
7186 7186
4065 4065
6932 6932
4768 4768
2382 2382
4525 4525
5615 5615
9858 9858
4795 4795
5227 5227
4399 4399
8101 8101
6885 6885
759 759
8113 8113
2612 2612
4910 4910
2407 2407
671 671
5534 5534
8370 8370
1093 1093
6848 6848
6320 6320
3164 3164
3085 3085
8787 8787
7640 7640
1398 1398
9507 9507
5770 5770
1065 1065
6430 6430
2753 2753
3420 3420
1526 1526
9165 9165
7847 7847
3672 3672
3209 3209
5561 5561
5475 5475
6907 6907
4472 4472
6061 6061
3923 3923
715 715
4667 4667
5105 5105
4137 4137
9829 9829
1953 1953
6281 6281
6258 6258
4706 4706
9678 9678
7162 7162
1024 1024
1378 1378
374 374
2532 2532
2369 2369
6841 6841
8848 8848
9780 9780
9791 9791
5536 5536
7033 7033
4417 4417
3746 3746
8952 8952
4302 4302
9976 9976
2273 2273
8073 8073
5751 5751
1668 1668
1894 1894
7672 7672
9815 9815
6519 6519
2979 2979
8924 8924
4916 4916
4190 4190
4130 4130
1528 1528
3142 3142
8432 8432
3514 3514
1025 1025
386 386
5165 5165
5853 5853
3450 3450
6478 6478
6886 6886
7899 7899
7636 7636
7612 7612
5417 5417
1741 1741
3035 3035
5283 5283
9548 9548
8808 8808
2638 2638
5425 5425
853 853
7280 7280
3810 3810
988 988
3451 3451
3808 3808
3589 3589
9173 9173
9951 9951
8607 8607
9838 9838
1585 1585
2438 2438
2437 2437
795 795
4117 4117
8788 8788
2815 2815
8056 8056
5051 5051
3975 3975
4223 4223
4022 4022
6909 6909
3708 3708
8051 8051
5307 5307
2624 2624
3879 3879
8057 8057
1243 1243
2661 2661
7428 7428
1796 1796
9322 9322
3548 3548
2039 2039
4375 4375
5942 5942
5712 5712
536 536
6274 6274
7797 7797
1232 1232
9594 9594
2616 2616
2468 2468
5121 5121
1835 1835
8239 8239
7244 7244
685 685
840 840
4636 4636
1382 1382
2295 2295
70 70
9086 9086
8756 8756
9576 9576
6929 6929
5429 5429
5295 5295
332 332
9648 9648
8620 8620
9760 9760
4268 4268
5200 5200
9012 9012
5698 5698
2385 2385
5769 5769
2507 2507
3162 3162
9430 9430
1169 1169
4918 4918
5703 5703
4356 4356
6498 6498
2557 2557
2195 2195
217 217
3333 3333
2725 2725
5883 5883
4646 4646
8135 8135
880 880
607 607
3491 3491
8938 8938
6804 6804
8820 8820
5443 5443
4608 4608
7379 7379
8626 8626
8244 8244
9405 9405
2737 2737
942 942
2265 2265
9699 9699
5588 5588
741 741
9712 9712
2428 2428
6986 6986
2309 2309
1247 1247
3069 3069
8770 8770
4928 4928
1590 1590
4250 4250
994 994
4739 4739
6055 6055
1405 1405
4419 4419
3728 3728
4575 4575
1792 1792
2976 2976
3607 3607
6393 6393
4494 4494
6428 6428
3263 3263
8554 8554
1116 1116
7619 7619
6246 6246
9192 9192
4401 4401
3721 3721
8407 8407
5388 5388
3104 3104
7327 7327
6874 6874
5028 5028
3113 3113
8850 8850
5308 5308
2470 2470
7548 7548
6698 6698
851 851
2398 2398
423 423
5956 5956
1947 1947
2637 2637
5167 5167
3466 3466
8774 8774
2642 2642
3888 3888
9820 9820
6057 6057
9822 9822
1007 1007
5302 5302
5324 5324
5913 5913
7961 7961
6051 6051
2296 2296
9989 9989
8763 8763
9469 9469
1112 1112
7750 7750
5818 5818
3921 3921
1153 1153
1086 1086
4010 4010
7485 7485
7641 7641
5445 5445
3994 3994
4152 4152
1742 1742
9655 9655
962 962
3524 3524
2928 2928
7789 7789
4161 4161
4552 4552
4806 4806
7945 7945
2192 2192
4244 4244
5578 5578
3542 3542
6402 6402
2543 2543
3933 3933
9907 9907
3773 3773
7934 7934
5336 5336
7605 7605
3564 3564
1220 1220
6835 6835
1470 1470
1383 1383
7882 7882
2752 2752
1988 1988
42 42
3842 3842
5310 5310
2347 2347
4923 4923
9394 9394
3120 3120
207 207
7105 7105
2958 2958
4338 4338
551 551
3053 3053
6540 6540
6788 6788
3493 3493
152 152
7218 7218
854 854
1802 1802
7690 7690
3691 3691
7897 7897
5915 5915
9488 9488
1331 1331
2457 2457
9501 9501
7119 7119
8286 8286
9691 9691
836 836
9097 9097
8235 8235
8672 8672
8043 8043
12 12
7648 7648
7259 7259
9331 9331
7838 7838
4579 4579
2864 2864
4647 4647
4106 4106
6378 6378
388 388
5918 5918
7408 7408
4682 4682
1108 1108
5687 5687
8640 8640
4265 4265
9667 9667
826 826
7995 7995
5191 5191
419 419
8541 8541
2998 2998
7817 7817
4776 4776
2713 2713
3561 3561
6963 6963
6758 6758
1156 1156
6762 6762
1026 1026
2931 2931
8964 8964
9383 9383
699 699
9876 9876
9436 9436
7252 7252
8618 8618
387 387
1566 1566
2991 2991
8064 8064
5891 5891
1954 1954
7462 7462
5401 5401
5198 5198
4427 4427
6042 6042
3005 3005
5161 5161
4290 4290
5548 5548
371 371
7628 7628
54 54
2278 2278
1892 1892
7804 7804
2647 2647
8495 8495
1609 1609
8711 8711
4966 4966
5679 5679
3488 3488
8858 8858
1967 1967
7668 7668
3095 3095
9946 9946
4437 4437
2219 2219
4869 4869
913 913
5763 5763
8894 8894
2736 2736
3460 3460
862 862
3551 3551
9063 9063
9674 9674
2361 2361
4154 4154
488 488
7556 7556
9473 9473
8795 8795
6365 6365
179 179
1763 1763
1456 1456
5623 5623
3937 3937
4063 4063
4969 4969
7330 7330
6464 6464
8438 8438
8031 8031
117 117
9834 9834
9349 9349
983 983
1883 1883
7685 7685
2577 2577
174 174
5816 5816
784 784
9193 9193
675 675
6165 6165
2311 2311
4277 4277
8015 8015
2680 2680
9898 9898
364 364
8499 8499
4807 4807
3145 3145
5008 5008
5195 5195
7825 7825
765 765
5648 5648
4064 4064
5508 5508
5238 5238
6286 6286
210 210
1631 1631
5517 5517
2492 2492
8576 8576
6731 6731
3440 3440
8539 8539
4023 4023
1071 1071
9182 9182
4238 4238
470 470
4747 4747
3826 3826
2066 2066
1342 1342
6486 6486
5637 5637
6140 6140
7774 7774
6551 6551
5229 5229
9862 9862
196 196
2391 2391
3737 3737
7413 7413
4860 4860
9374 9374
1000 1000
7613 7613
2569 2569
4740 4740
6873 6873
5261 5261
2863 2863
2432 2432
3454 3454
3066 3066
2294 2294
4341 4341
2415 2415
4086 4086
9967 9967
7054 7054
2045 2045
9804 9804
9536 9536
4974 4974
9357 9357
234 234
2537 2537
5633 5633
1319 1319
9087 9087
7263 7263
9627 9627
9806 9806
7617 7617
4843 4843
9425 9425
5850 5850
3767 3767
5812 5812
3785 3785
6046 6046
6270 6270
1020 1020
8486 8486
5626 5626
9242 9242
4211 4211
5884 5884
7759 7759
3309 3309
327 327
831 831
8186 8186
1952 1952
6075 6075
7219 7219
5527 5527
5909 5909
8243 8243
7743 7743
4822 4822
3032 3032
1784 1784
5585 5585
2426 2426
8125 8125
3257 3257
2200 2200
1016 1016
5232 5232
1679 1679
7207 7207
7031 7031
830 830
9662 9662
5273 5273
7405 7405
1481 1481
1134 1134
1515 1515
3998 3998
8999 8999
2550 2550
5486 5486
2918 2918
5630 5630
8072 8072
8114 8114
7901 7901
7563 7563
1495 1495
3772 3772
4055 4055
4661 4661
9954 9954
9098 9098
8216 8216
7863 7863
5385 5385
2094 2094
5604 5604
9931 9931
4267 4267
1044 1044
5371 5371
9818 9818
5729 5729
2417 2417
1468 1468
6029 6029
4280 4280
2475 2475
8545 8545
7005 7005
5228 5228
6935 6935
9730 9730
9262 9262
2132 2132
1402 1402
9782 9782
3176 3176
6232 6232
8667 8667
7074 7074
9912 9912
2162 2162
9621 9621
9270 9270
3901 3901
5975 5975
5474 5474
7269 7269
9529 9529
619 619
6021 6021
7624 7624
4379 4379
5188 5188
1694 1694
1575 1575
1578 1578
244 244
4262 4262
6751 6751
4019 4019
39 39
1074 1074
6472 6472
6532 6532
3211 3211
1719 1719
7978 7978
1693 1693
5944 5944
4501 4501
7442 7442
1157 1157
1491 1491
2539 2539
10000 10000
4562 4562
4680 4680
7452 7452
5412 5412
8445 8445
474 474
4024 4024
9904 9904
4912 4912
3166 3166
2353 2353
4657 4657
4412 4412
3966 3966
8282 8282
9925 9925
7576 7576
6107 6107
6824 6824
9461 9461
7764 7764
2892 2892
5629 5629
8863 8863
3045 3045
839 839
6870 6870
9121 9121
1716 1716
6656 6656
6088 6088
4526 4526
3517 3517
4854 4854
7962 7962
481 481
9226 9226
9942 9942
3912 3912
4568 4568
7983 7983
1264 1264
5175 5175
9306 9306
2302 2302
6571 6571
7922 7922
9753 9753
8978 8978
9315 9315
3086 3086
2784 2784
8673 8673
7532 7532
2284 2284
6404 6404
7835 7835
3718 3718
9614 9614
5911 5911
7239 7239
8758 8758
7463 7463
6719 6719
8271 8271
4013 4013
9613 9613
8281 8281
7245 7245
5523 5523
5519 5519
7251 7251
6654 6654
7173 7173
5110 5110
4987 4987
7007 7007
8930 8930
9561 9561
2155 2155
293 293
5572 5572
6895 6895
8790 8790
7786 7786
5444 5444
6037 6037
8813 8813
1023 1023
6898 6898
1873 1873
4316 4316
1696 1696
1561 1561
6763 6763
3951 3951
4226 4226
4206 4206
6757 6757
6522 6522
1759 1759
6587 6587
5212 5212
5927 5927
941 941
6438 6438
3780 3780
9784 9784
5093 5093
8925 8925
7292 7292
7185 7185
2108 2108
7524 7524
9544 9544
6840 6840
8538 8538
243 243
6403 6403
6546 6546
4628 4628
183 183
9721 9721
1798 1798
2017 2017
8410 8410
5088 5088
515 515
9118 9118
894 894
5217 5217
5501 5501
1479 1479
2243 2243
3833 3833
5222 5222
91 91
309 309
1686 1686
803 803
8335 8335
9465 9465
9064 9064
827 827
4908 4908
7915 7915
9106 9106
9178 9178
4490 4490
1246 1246
7677 7677
9051 9051
4760 4760
9013 9013
6908 6908
7151 7151
2053 2053
8737 8737
6456 6456
8300 8300
7785 7785
9973 9973
6949 6949
8557 8557
9061 9061
2383 2383
9100 9100
6173 6173
73 73
2458 2458
3179 3179
3449 3449
1206 1206
2005 2005
4577 4577
2909 2909
2009 2009
4971 4971
1597 1597
3740 3740
3671 3671
5685 5685
744 744
1746 1746
5223 5223
753 753
4570 4570
5139 5139
7654 7654
6302 6302
9823 9823
4884 4884
4793 4793
1291 1291
3114 3114
3214 3214
9091 9091
493 493
4101 4101
2174 2174
9580 9580
445 445
34 34
2848 2848
9026 9026
8728 8728
4830 4830
7212 7212
1613 1613
2540 2540
2586 2586
534 534
5700 5700
6296 6296
5089 5089
9335 9335
8308 8308
2126 2126
8119 8119
9739 9739
966 966
1282 1282
4514 4514
6903 6903
9577 9577
8942 8942
4057 4057
4901 4901
883 883
874 874
7354 7354
2118 2118
6401 6401
9795 9795
5375 5375
6996 6996
4873 4873
3875 3875
7103 7103
1968 1968
7638 7638
9825 9825
1347 1347
6038 6038
2769 2769
9107 9107
7339 7339
4438 4438
1718 1718
2392 2392
8532 8532
9901 9901
9130 9130
9824 9824
5459 5459
1941 1941
2954 2954
4548 4548
2239 2239
7363 7363
8283 8283
770 770
6392 6392
2721 2721
1662 1662
8883 8883
8140 8140
8443 8443
4286 4286
8319 8319
9373 9373
3050 3050
320 320
9435 9435
3327 3327
5789 5789
1963 1963
7087 7087
6103 6103
1868 1868
7233 7233
6321 6321
3502 3502
9467 9467
4029 4029
2179 2179
1767 1767
2762 2762
9395 9395
5496 5496
3794 3794
1660 1660
2141 2141
7249 7249
3841 3841
7880 7880
773 773
5831 5831
2406 2406
848 848
6524 6524
2252 2252
8829 8829
8173 8173
7454 7454
354 354
2946 2946
9920 9920
8253 8253
3215 3215
4967 4967
3431 3431
4559 4559
8584 8584
7049 7049
8405 8405
4259 4259
20 20
2086 2086
5518 5518
8202 8202
7592 7592
2168 2168
8998 8998
7695 7695
1812 1812
9563 9563
333 333
6423 6423
867 867
3680 3680
9054 9054
5146 5146
5767 5767
6769 6769
7661 7661
9955 9955
6134 6134
5131 5131
8602 8602
4996 4996
1357 1357
7649 7649
7130 7130
9498 9498
1278 1278
3690 3690
3707 3707
5294 5294
9138 9138
6985 6985
3118 3118
2812 2812
2500 2500
2145 2145
5215 5215
7542 7542
508 508
7758 7758
8657 8657
561 561
8939 8939
6678 6678
5989 5989
4127 4127
719 719
2623 2623
6594 6594
8917 8917
1212 1212
9426 9426
48 48
5869 5869
2381 2381
1221 1221
2274 2274
7577 7577
3704 3704
3461 3461
3587 3587
535 535
7662 7662
2851 2851
9263 9263
1653 1653
2588 2588
1273 1273
3953 3953
1473 1473
9778 9778
1298 1298
6668 6668
767 767
2674 2674
7570 7570
9078 9078
9684 9684
2035 2035
2614 2614
9792 9792
7740 7740
7518 7518
9458 9458
6027 6027
7488 7488
162 162
7925 7925
7869 7869
6827 6827
2519 2519
7589 7589
8364 8364
9670 9670
5960 5960
2149 2149
2133 2133
1714 1714
878 878
2343 2343
9002 9002
1180 1180
6340 6340
7587 7587
4414 4414
1353 1353
8512 8512
2002 2002
6025 6025
2705 2705
6215 6215
2322 2322
1050 1050
3796 3796
7122 7122
1214 1214
8306 8306
8990 8990
1730 1730
2203 2203
6093 6093
4291 4291
7775 7775
4240 4240
1175 1175
307 307
7865 7865
6249 6249
5033 5033
9159 9159
2669 2669
3575 3575
9360 9360
2831 2831
2 2
5656 5656
8208 8208
3438 3438
8515 8515
4764 4764
5237 5237
7731 7731
6805 6805
5135 5135
7921 7921
9046 9046
2606 2606
303 303
6143 6143
2778 2778
4658 4658
500 500
3094 3094
5662 5662
2078 2078
899 899
4447 4447
6894 6894
7265 7265
2553 2553
8325 8325
2972 2972
6829 6829
153 153
4914 4914
1782 1782
1066 1066
1159 1159
9494 9494
2107 2107
4092 4092
3447 3447
6964 6964
5338 5338
3969 3969
9628 9628
9865 9865
4016 4016
2024 2024
2004 2004
8580 8580
622 622
4118 4118
5650 5650
1059 1059
6460 6460
1863 1863
6951 6951
6125 6125
5959 5959
9092 9092
7963 7963
3222 3222
3091 3091
4728 4728
6867 6867
2517 2517
5774 5774
55 55
2997 2997
8224 8224
9053 9053
8775 8775
5581 5581
4976 4976
4623 4623
1087 1087
2046 2046
8006 8006
3434 3434
1413 1413
4458 4458
1902 1902
4080 4080
7009 7009
9523 9523
953 953
609 609
6202 6202
6946 6946
902 902
8414 8414
1847 1847
1432 1432
3731 3731
5890 5890
7667 7667
5402 5402
5754 5754
1865 1865
3558 3558
8358 8358
9751 9751
3824 3824
490 490
7445 7445
3149 3149
9879 9879
7959 7959
7993 7993
3126 3126
860 860
1248 1248
5742 5742
1534 1534
4632 4632
8168 8168
1592 1592
7457 7457
6528 6528
5984 5984
8636 8636
4166 4166
402 402
4895 4895
1447 1447
4060 4060
5220 5220
1103 1103
6812 6812
5348 5348
8017 8017
1875 1875
5577 5577
1501 1501
3513 3513
8980 8980
3626 3626
8261 8261
7665 7665
2339 2339
5434 5434
1226 1226
2703 2703
9939 9939
2834 2834
2264 2264
4946 4946
524 524
9 9
6336 6336
2521 2521
6621 6621
4119 4119
4443 4443
8922 8922
3957 3957
4160 4160
644 644
8184 8184
5286 5286
6374 6374
6207 6207
1154 1154
2164 2164
4483 4483
5172 5172
4484 4484
8437 8437
8706 8706
5861 5861
8139 8139
9742 9742
3206 3206
1601 1601
9572 9572
5945 5945
9147 9147
695 695
4930 4930
4879 4879
1337 1337
2511 2511
9323 9323
258 258
5178 5178
2618 2618
6516 6516
1738 1738
235 235
4659 4659
3996 3996
9589 9589
5359 5359
4941 4941
5012 5012
2662 2662
569 569
4532 4532
1702 1702
2817 2817
7072 7072
8901 8901
7535 7535
7169 7169
651 651
4020 4020
2300 2300
7084 7084
760 760
3705 3705
6425 6425
601 601
9853 9853
4872 4872
189 189
383 383
5568 5568
9174 9174
2651 2651
3380 3380
155 155
6586 6586
4785 4785
9855 9855
1913 1913
1535 1535
1387 1387
6509 6509
3635 3635
774 774
9281 9281
9099 9099
4541 4541
5556 5556
2658 2658
8241 8241
2414 2414
1480 1480
1068 1068
5006 5006
8604 8604
7737 7737
5201 5201
2332 2332
6872 6872
6014 6014
136 136
3367 3367
2375 2375
7906 7906
7989 7989
1341 1341
2649 2649
2448 2448
4135 4135
8097 8097
951 951
2814 2814
7803 7803
260 260
1602 1602
3722 3722
8937 8937
5157 5157
2593 2593
5407 5407
5538 5538
3265 3265
7937 7937
9276 9276
5112 5112
1948 1948
5127 5127
2193 2193
284 284
6650 6650
2056 2056
6645 6645
2856 2856
4731 4731
7200 7200
6221 6221
6860 6860
8267 8267
4840 4840
3734 3734
6203 6203
158 158
8946 8946
5275 5275
4491 4491
6982 6982
9354 9354
1497 1497
2847 2847
3111 3111
3274 3274
756 756
9247 9247
3158 3158
6067 6067
233 233
7555 7555
5620 5620
2978 2978
863 863
2677 2677
2698 2698
3820 3820
3002 3002
3534 3534
6160 6160
5346 5346
555 555
9189 9189
1576 1576
3376 3376
5616 5616
4729 4729
9975 9975
1327 1327
5260 5260
6837 6837
8631 8631
2007 2007
3123 3123
8371 8371
9837 9837
4862 4862
5321 5321
325 325
3809 3809
2691 2691
2547 2547
7567 7567
2801 2801
4172 4172
2250 2250
5660 5660
2989 2989
7450 7450
635 635
1430 1430
8639 8639
9723 9723
9001 9001
1721 1721
5039 5039
2067 2067
225 225
7168 7168
9403 9403
2083 2083
7671 7671
9718 9718
5768 5768
9392 9392
4183 4183
8562 8562
208 208
1123 1123
6326 6326
3190 3190
4440 4440
5226 5226
3137 3137
3154 3154
4363 4363
911 911
9391 9391
7237 7237
3660 3660
8690 8690
5711 5711
4469 4469
2850 2850
2920 2920
102 102
5276 5276
8388 8388
7104 7104
9184 9184
9836 9836
9499 9499
1140 1140
6863 6863
2183 2183
7312 7312
4857 4857
6511 6511
2389 2389
6704 6704
5309 5309
7885 7885
6273 6273
3897 3897
3188 3188
674 674
7826 7826
8156 8156
9018 9018
3165 3165
9224 9224
4905 4905
8501 8501
9675 9675
4973 4973
4033 4033
5988 5988
7502 7502
6085 6085
227 227
4471 4471
7472 7472
441 441
9447 9447
2405 2405
9906 9906
5557 5557
599 599
5682 5682
326 326
1189 1189
7892 7892
2090 2090
4156 4156
7003 7003
6345 6345
1760 1760
4042 4042
7431 7431
1352 1352
8643 8643
1951 1951
6593 6593
9302 9302
4224 4224
7551 7551
6760 6760
4944 4944
2166 2166
6208 6208
5242 5242
7398 7398
2212 2212
7615 7615
4207 4207
4588 4588
4960 4960
3484 3484
5889 5889
2223 2223
7998 7998
1567 1567
5666 5666
2346 2346
9220 9220
1971 1971
2211 2211
2528 2528
5825 5825
2462 2462
9207 9207
550 550
1708 1708
734 734
3709 3709
4786 4786
9743 9743
2270 2270
950 950
9175 9175
5696 5696
1365 1365
7333 7333
4173 4173
7224 7224
3088 3088
9845 9845
2960 2960
6962 6962
2657 2657
1139 1139
8687 8687
8903 8903
8652 8652
4271 4271
5141 5141
9105 9105
977 977
448 448
2967 2967
7720 7720
1271 1271
4725 4725
7679 7679
4561 4561
8768 8768
9089 9089
1240 1240
2748 2748
9196 9196
6795 6795
822 822
6844 6844
2785 2785
271 271
8292 8292
1542 1542
3016 3016
6690 6690
2245 2245
5067 5067
5652 5652
7903 7903
8175 8175
3806 3806
495 495
2257 2257
7032 7032
2673 2673
6549 6549
7659 7659
4499 4499
4087 4087
1844 1844
1655 1655
6441 6441
7747 7747
9773 9773
8699 8699
4112 4112
3140 3140
8192 8192
4294 4294
9292 9292
5149 5149
6639 6639
8671 8671
3679 3679
7603 7603
3537 3537
632 632
8679 8679
4413 4413
9605 9605
7323 7323
1554 1554
5176 5176
7040 7040
9377 9377
3201 3201
1313 1313
718 718
8048 8048
252 252
9298 9298
6435 6435
2744 2744
3555 3555
8106 8106
8385 8385
2811 2811
8736 8736
9748 9748
3538 3538
8454 8454
4214 4214
7627 7627
6056 6056
3789 3789
3813 3813
2741 2741
123 123
6487 6487
1080 1080
9232 9232
4116 4116
5096 5096
5468 5468
2717 2717
3255 3255
6508 6508
3378 3378
5924 5924
6153 6153
2472 2472
4689 4689
9234 9234
7712 7712
5026 5026
1517 1517
5837 5837
1395 1395
6128 6128
4650 4650
6129 6129
7964 7964
6283 6283
6170 6170
1039 1039
6761 6761
583 583
9986 9986
3925 3925
4059 4059
224 224
6994 6994
7349 7349
1786 1786
7853 7853
5376 5376
8336 8336
4590 4590
3408 3408
421 421
7877 7877
8209 8209
2267 2267
13 13
6742 6742
2770 2770
4090 4090
545 545
8867 8867
2259 2259
7202 7202
4580 4580
2629 2629
4952 4952
3422 3422
347 347
1510 1510
8578 8578
5856 5856
688 688
3292 3292
3580 3580
4750 4750
9366 9366
5098 5098
5725 5725
936 936
8470 8470
3121 3121
6177 6177
3356 3356
9062 9062
7046 7046
7143 7143
2875 2875
6332 6332
74 74
901 901
29 29
4108 4108
1906 1906
4730 4730
5115 5115
5262 5262
3387 3387
537 537
1062 1062
7335 7335
5778 5778
8020 8020
8776 8776
3506 3506
3877 3877
7970 7970
211 211
9776 9776
7181 7181
5594 5594
6431 6431
2208 2208
6680 6680
7301 7301
3803 3803
194 194
7729 7729
7214 7214
8534 8534
1127 1127
3684 3684
8252 8252
7944 7944
8403 8403
9163 9163
985 985
5805 5805
3101 3101
4612 4612
4299 4299
6335 6335
5948 5948
912 912
8651 8651
2232 2232
1520 1520
6251 6251
169 169
1001 1001
3202 3202
7477 7477
9007 9007
213 213
7248 7248
4512 4512
6024 6024
608 608
8116 8116
2599 2599
4853 4853
9116 9116
9359 9359
9151 9151
8828 8828
7512 7512
6627 6627
7590 7590
2089 2089
3978 3978
7819 7819
7475 7475
8448 8448
3529 3529
4066 4066
148 148
7034 7034
667 667
7159 7159
8923 8923
9947 9947
2000 2000
1451 1451
4508 4508
7145 7145
1878 1878
3866 3866
3909 3909
5925 5925
7810 7810
5670 5670
7403 7403
9520 9520
7766 7766
5571 5571
1903 1903
5461 5461
7424 7424
9525 9525
8483 8483
7600 7600
5885 5885
5873 5873
6444 6444
2626 2626
2014 2014
2019 2019
7480 7480
8161 8161
8835 8835
3861 3861
3105 3105
9111 9111
8747 8747
5710 5710
9416 9416
6247 6247
7021 7021
5642 5642
366 366
2574 2574
4715 4715
1525 1525
3798 3798
6076 6076
3890 3890
8250 8250
9808 9808
1218 1218
5120 5120
8505 8505
7279 7279
1455 1455
7616 7616
6823 6823
8083 8083
8076 8076
9959 9959
2297 2297
4247 4247
9612 9612
8005 8005
2318 2318
6887 6887
2411 2411
9059 9059
648 648
7900 7900
5252 5252
7858 7858
2095 2095
8278 8278
9972 9972
9080 9080
6290 6290
698 698
906 906
8663 8663
7423 7423
272 272
8550 8550
6965 6965
4714 4714
6574 6574
9418 9418
8484 8484
2503 2503
6017 6017
3260 3260
1304 1304
5254 5254
4995 4995
5158 5158
5241 5241
653 653
6388 6388
9004 9004
5020 5020
1743 1743
2110 2110
2764 2764
1431 1431
1302 1302
8404 8404
7389 7389
5292 5292
820 820
3973 3973
1908 1908
3747 3747
8972 8972
8129 8129
9918 9918
9560 9560
7310 7310
3244 3244
5291 5291
1279 1279
984 984
5190 5190
4287 4287
6750 6750
1488 1488
3905 3905
2122 2122
6809 6809
4571 4571
6233 6233
5999 5999
1364 1364
1119 1119
5780 5780
7724 7724
2182 2182
2767 2767
8417 8417
3532 3532
7324 7324
3469 3469
2395 2395
3913 3913
6884 6884
5949 5949
6919 6919
5535 5535
1682 1682
3914 3914
3543 3543
6485 6485
2854 2854
732 732
6084 6084
4046 4046
4535 4535
650 650
1034 1034
3825 3825
8401 8401
2692 2692
824 824
5524 5524
2495 2495
516 516
5177 5177
9971 9971
788 788
2142 2142
5249 5249
6748 6748
9990 9990
6778 6778
3831 3831
8891 8891
2231 2231
9867 9867
6002 6002
4991 4991
5593 5593
2097 2097
2431 2431
2885 2885
3444 3444
8290 8290
7873 7873
3366 3366
1957 1957
3193 3193
9641 9641
4464 4464
9994 9994
9505 9505
6581 6581
8612 8612
9604 9604
7493 7493
4368 4368
8695 8695
7974 7974
1748 1748
8799 8799
410 410
2759 2759
5981 5981
9943 9943
8945 8945
3545 3545
6149 6149
9724 9724
6559 6559
9557 9557
8463 8463
579 579
277 277
7150 7150
3847 3847
8428 8428
8797 8797
5279 5279
7306 7306
6597 6597
5811 5811
5416 5416
1827 1827
9199 9199
5563 5563
4178 4178
8801 8801
2562 2562
4600 4600
7629 7629
3311 3311
1253 1253
4310 4310
5579 5579
6784 6784
6825 6825
424 424
1647 1647
6119 6119
4230 4230
8354 8354
318 318
4148 4148
9518 9518
9390 9390
458 458
6047 6047
9949 9949
125 125
2394 2394
6196 6196
3616 3616
5441 5441
5950 5950
8588 8588
60 60
6494 6494
1599 1599
957 957
8665 8665
1377 1377
4329 4329
4888 4888
6806 6806
9074 9074
2645 2645
1216 1216
7721 7721
8678 8678
3838 3838
5027 5027
7338 7338
6555 6555
2235 2235
1324 1324
1227 1227
3603 3603
8433 8433
5311 5311
5829 5829
8959 8959
5442 5442
3985 3985
1750 1750
758 758
4510 4510
5233 5233
3294 3294
1622 1622
8363 8363
1849 1849
1142 1142
5225 5225
2228 2228
5512 5512
8342 8342
7213 7213
5458 5458
4330 4330
6545 6545
4103 4103
4757 4757
9690 9690
3584 3584
3328 3328
3256 3256
3362 3362
9510 9510
6660 6660
6693 6693
6858 6858
7300 7300
3324 3324
657 657
4599 4599
2060 2060
4229 4229
47 47
5986 5986
7639 7639
4140 4140
3851 3851
4480 4480
7278 7278
9997 9997
1833 1833
3397 3397
8067 8067
83 83
8761 8761
547 547
6106 6106
4 4
5489 5489
9515 9515
655 655
2999 2999
1937 1937
2490 2490
1300 1300
4027 4027
5218 5218
9727 9727
1033 1033
686 686
7012 7012
1492 1492
4720 4720
7534 7534
3829 3829
5743 5743
3448 3448
7762 7762
4598 4598
6976 6976
6317 6317
3576 3576
6910 6910
9851 9851
2081 2081
2975 2975
776 776
5374 5374
1004 1004
2124 2124
7366 7366
7538 7538
2449 2449
5363 5363
9365 9365
8492 8492
9799 9799
7579 7579
7647 7647
6446 6446
1611 1611
5969 5969
6943 6943
5235 5235
2917 2917
8240 8240
9301 9301
6897 6897
2413 2413
9203 9203
5800 5800
9970 9970
7565 7565
6866 6866
5665 5665
7621 7621
7902 7902
6673 6673
6028 6028
5154 5154
9957 9957
2070 2070
8814 8814
4797 4797
5612 5612
2609 2609
3307 3307
1531 1531
8001 8001
1503 1503
7459 7459
7929 7929
5606 5606
3758 3758
1389 1389
6576 6576
6328 6328
5016 5016
8933 8933
1245 1245
7309 7309
5802 5802
8888 8888
5714 5714
1709 1709
2423 2423
7859 7859
842 842
3346 3346
6688 6688
5575 5575
1946 1946
345 345
6059 6059
6831 6831
7751 7751
7905 7905
4028 4028
6842 6842
6616 6616
5917 5917
6009 6009
139 139
8315 8315
5786 5786
3624 3624
1672 1672
9688 9688
9844 9844
7501 7501
7246 7246
5820 5820
3562 3562
4808 4808
713 713
7210 7210
3019 3019
9775 9775
998 998
4980 4980
8581 8581
3531 3531
1659 1659
9517 9517
8558 8558
3078 3078
7988 7988
1543 1543
3664 3664
9609 9609
9626 9626
5707 5707
1569 1569
5256 5256
8485 8485
4309 4309
1106 1106
1380 1380
2896 2896
4819 4819
2933 2933
3409 3409
2620 2620
1263 1263
620 620
6080 6080
1372 1372
8084 8084
1781 1781
6959 6959
1075 1075
9122 9122
8275 8275
7950 7950
8987 8987
4993 4993
5404 5404
9128 9128
5749 5749
5755 5755
5314 5314
1896 1896
8185 8185
6684 6684
7401 7401
7824 7824
4801 4801
5421 5421
4684 4684
7562 7562
8969 8969
1824 1824
3689 3689
134 134
7591 7591
9367 9367
3889 3889
4633 4633
4208 4208
5100 5100
1250 1250
3374 3374
7397 7397
7345 7345
4935 4935
3535 3535
5766 5766
8111 8111
3567 3567
7061 7061
5427 5427
7027 7027
4727 4727
2287 2287
2224 2224
818 818
9285 9285
3959 3959
4625 4625
9772 9772
9252 9252
8676 8676
2738 2738
1403 1403
9157 9157
9385 9385
4505 4505
3659 3659
1349 1349
5860 5860
452 452
1600 1600
3355 3355
4184 4184
931 931
1958 1958
6062 6062
3636 3636
7411 7411
5420 5420
3732 3732
5171 5171
1277 1277
6700 6700
7539 7539
922 922
2565 2565
5476 5476
2015 2015
5738 5738
3065 3065
6256 6256
7146 7146
6399 6399
4726 4726
4655 4655
5597 5597
4076 4076
6512 6512
5437 5437
8312 8312
3652 3652
5284 5284
231 231
717 717
5813 5813
8377 8377
1399 1399
9284 9284
4322 4322
6810 6810
3308 3308
3227 3227
7933 7933
3892 3892
1514 1514
3009 3009
8751 8751
5922 5922
2314 2314
8171 8171
3811 3811
417 417
6344 6344
5566 5566
5455 5455
19 19
7326 7326
600 600
8337 8337
4597 4597
3670 3670
6222 6222
4670 4670
4821 4821
2422 2422
2597 2597
4835 4835
1577 1577
6741 6741
4584 4584
9142 9142
7509 7509
2782 2782
4129 4129
5268 5268
8722 8722
8524 8524
7359 7359
5953 5953
6685 6685
2970 2970
4792 4792
1234 1234
3902 3902
5091 5091
2840 2840
4386 4386
8710 8710
7052 7052
3963 3963
2440 2440
1723 1723
8080 8080
5898 5898
7311 7311
9119 9119
8837 8837
3639 3639
4744 4744
4693 4693
7271 7271
6978 6978
1485 1485
603 603
9022 9022
5317 5317
2121 2121
1320 1320
4318 4318
9056 9056
7949 7949
4615 4615
8170 8170
736 736
6733 6733
2732 2732
3640 3640
9000 9000
2444 2444
8082 8082
7714 7714
7507 7507
8989 8989
2786 2786
1009 1009
7537 7537
4246 4246
2443 2443
6068 6068
8446 8446
2882 2882
6195 6195
6064 6064
2546 2546
4467 4467
3685 3685
4787 4787
8846 8846
5992 5992
6242 6242
8915 8915
9154 9154
8137 8137
6900 6900
596 596
4373 4373
8700 8700
9597 9597
4985 4985
6568 6568
1125 1125
6780 6780
7957 7957
403 403
3757 3757
3353 3353
9417 9417
3880 3880
2356 2356
4560 4560
9881 9881
1897 1897
7360 7360
7798 7798
5611 5611
1258 1258
6507 6507
9869 9869
5192 5192
3183 3183
4572 4572
726 726
7139 7139
6015 6015
8176 8176
4279 4279
3677 3677
3337 3337
5253 5253
8587 8587
659 659
3906 3906
4192 4192
1406 1406
405 405
8194 8194
7303 7303
574 574
8489 8489
7717 7717
3030 3030
9764 9764
4295 4295
6169 6169
2971 2971
677 677
3508 3508
955 955
9039 9039
5495 5495
2325 2325
3770 3770
4518 4518
4975 4975
1641 1641
5498 5498
4465 4465
503 503
3595 3595
6818 6818
4225 4225
2743 2743
3784 3784
5462 5462
1787 1787
4653 4653
5784 5784
7646 7646
5828 5828
8365 8365
8542 8542
8478 8478
4915 4915
2901 2901
3768 3768
9593 9593
9733 9733
5001 5001
7286 7286
5748 5748
8265 8265
8876 8876
817 817
1136 1136
1208 1208
7771 7771
9880 9880
3288 3288
9788 9788
9261 9261
8523 8523
5349 5349
8018 8018
9272 9272
479 479
6391 6391
6094 6094
7506 7506
5415 5415
3207 3207
5422 5422
2293 2293
2206 2206
3612 3612
7024 7024
3729 3729
3971 3971
6092 6092
5168 5168
2099 2099
7773 7773
2808 2808
8288 8288
9117 9117
4422 4422
9629 9629
1652 1652
7124 7124
6791 6791
7699 7699
1135 1135
4297 4297
1484 1484
7231 7231
7013 7013
5914 5914
8238 8238
2364 2364
6011 6011
8053 8053
5250 5250
6396 6396
1911 1911
8422 8422
4232 4232
2712 2712
7969 7969
7334 7334
3039 3039
616 616
5576 5576
1634 1634
1190 1190
6001 6001
3915 3915
3871 3871
1524 1524
8773 8773
921 921
5688 5688
1475 1475
9209 9209
2816 2816
6612 6612
5691 5691
1429 1429
9794 9794
2921 2921
370 370
755 755
8055 8055
1299 1299
8819 8819
1242 1242
4814 4814
2829 2829
2092 2092
3726 3726
1459 1459
1177 1177
6566 6566
4407 4407
6948 6948
2450 2450
2377 2377
3625 3625
801 801
9409 9409
2515 2515
33 33
1593 1593
4487 4487
791 791
1594 1594
9462 9462
9397 9397
4282 4282
7298 7298
3348 3348
6123 6123
3010 3010
8255 8255
893 893
8740 8740
9998 9998
9441 9441
6706 6706
5179 5179
2127 2127
8598 8598
296 296
7927 7927
9538 9538
2306 2306
6063 6063
1983 1983
9952 9952
5426 5426
7387 7387
9872 9872
5605 5605
7396 7396
6269 6269
928 928
6811 6811
6921 6921
2478 2478
8854 8854
197 197
7575 7575
2653 2653
1893 1893
4635 4635
5243 5243
6871 6871
3601 3601
6774 6774
2788 2788
8460 8460
6213 6213
1921 1921
8258 8258
4586 4586
8424 8424
3231 3231
5720 5720
4191 4191
9857 9857
1386 1386
2664 2664
2286 2286
5342 5342
7184 7184
664 664
6925 6925
1755 1755
6043 6043
52 52
1980 1980
4844 4844
8280 8280
3550 3550
7581 7581
9663 9663
2496 2496
4880 4880
1521 1521
6311 6311
3931 3931
2591 2591
973 973
2655 2655
8430 8430
5048 5048
4877 4877
28 28
2477 2477
2175 2175
4041 4041
205 205
127 127
2052 2052
240 240
1649 1649
9771 9771
1235 1235
7992 7992
9534 9534
2359 2359
7172 7172
3398 3398
8821 8821
1991 1991
4305 4305
799 799
8708 8708
2798 2798
7684 7684
7004 7004
6517 6517
5419 5419
645 645
3546 3546
5706 5706
9702 9702
4983 4983
3302 3302
8142 8142
8853 8853
8898 8898
3368 3368
5418 5418
639 639
31 31
241 241
1163 1163
3949 3949
9649 9649
4576 4576
7293 7293
8351 8351
8158 8158
9950 9950
9828 9828
8833 8833
9600 9600
7849 7849
7917 7917
6418 6418
6164 6164
5384 5384
7745 7745
9316 9316
852 852
636 636
8638 8638
518 518
6417 6417
5339 5339
337 337
7857 7857
7633 7633
4718 4718
4992 4992
4039 4039
7230 7230
7094 7094
3647 3647
8953 8953
9710 9710
5901 5901
6666 6666
621 621
4743 4743
8467 8467
546 546
2950 2950
6671 6671
3410 3410
7322 7322
8301 8301
4713 4713
3287 3287
2644 2644
2075 2075
6394 6394
4841 4841
399 399
4434 4434
4365 4365
156 156
6773 6773
7429 7429
1138 1138
5151 5151
8270 8270
8011 8011
5335 5335
1285 1285
3097 3097
1340 1340
3498 3498
6548 6548
7157 7157
2177 2177
8128 8128
5280 5280
5052 5052
6662 6662
937 937
7517 7517
1930 1930
8749 8749
7116 7116
4492 4492
1665 1665
9793 9793
3755 3755
7486 7486
3177 3177
6081 6081
2365 2365
4289 4289
7821 7821
1608 1608
4185 4185
4304 4304
8177 8177
9275 9275
1160 1160
7727 7727
1152 1152
9375 9375
4186 4186
6701 6701
1816 1816
5199 5199
2527 2527
5117 5117
3372 3372
5069 5069
122 122
8309 8309
9703 9703
6538 6538
6865 6865
9140 9140
1404 1404
2091 2091
806 806
9615 9615
7028 7028
3405 3405
3280 3280
5013 5013
9439 9439
2668 2668
3920 3920
6083 6083
1439 1439
1045 1045
6118 6118
1888 1888
1916 1916
4323 4323
2734 2734
5272 5272
1388 1388
3276 3276
8352 8352
9902 9902
7247 7247
4219 4219
700 700
3102 3102
1845 1845
5779 5779
6127 6127
9271 9271
8862 8862
6450 6450
6990 6990
9745 9745
1808 1808
992 992
4810 4810
8793 8793
975 975
3175 3175
2204 2204
8262 8262
2242 2242
3930 3930
3146 3146
4809 4809
4432 4432
6206 6206
3599 3599
3972 3972
8954 8954
9826 9826
8634 8634
5267 5267
2487 2487
2584 2584
2628 2628
1685 1685
1391 1391
4139 4139
9208 9208
4045 4045
6301 6301
9948 9948
1363 1363
9895 9895
111 111
4040 4040
6989 6989
6630 6630
253 253
7664 7664
9389 9389
9443 9443
3519 3519
9218 9218
7973 7973
7837 7837
8577 8577
5488 5488
6367 6367
7960 7960
8603 8603
98 98
7931 7931
4839 4839
1325 1325
8597 8597
9735 9735
4264 4264
4181 4181
7163 7163
9911 9911
9924 9924
604 604
8327 8327
4062 4062
3243 3243
5980 5980
3526 3526
7920 7920
9340 9340
6284 6284
2878 2878
2575 2575
3266 3266
724 724
8093 8093
6569 6569
8884 8884
5017 5017
3723 3723
2336 2336
7385 7385
5759 5759
2939 2939
2025 2025
6583 6583
2558 2558
1303 1303
9239 9239
3778 3778
75 75
6420 6420
5104 5104
9216 9216
4351 4351
6575 6575
7427 7427
3242 3242
5392 5392
5541 5541
3194 3194
2986 2986
6183 6183
1225 1225
9141 9141
7976 7976
9664 9664
3089 3089
8802 8802
9150 9150
1728 1728
3110 3110
1392 1392
2635 2635
9658 9658
737 737
7887 7887
229 229
2258 2258
6373 6373
9010 9010
5230 5230
8350 8350
1260 1260
3284 3284
4592 4592
9993 9993
6272 6272
6175 6175
4442 4442
8817 8817
5080 5080
2043 2043
143 143
6319 6319
514 514
7362 7362
1454 1454
8242 8242
9328 9328
1809 1809
5955 5955
1614 1614
9233 9233
8871 8871
7593 7593
8511 8511
5369 5369
6753 6753
6591 6591
9223 9223
3653 3653
5641 5641
1330 1330
3999 3999
4151 4151
2378 2378
4307 4307
5573 5573
6032 6032
6410 6410
5639 5639
6632 6632
1674 1674
3730 3730
8624 8624
7860 7860
543 543
8702 8702
4734 4734
7426 7426
6821 6821
8496 8496
5469 5469
8682 8682
6775 6775
2028 2028
5717 5717
2280 2280
9492 9492
3092 3092
2765 2765
3234 3234
5771 5771
6936 6936
8841 8841
9420 9420
4759 4759
869 869
2699 2699
2857 2857
9459 9459
2454 2454
9466 9466
6192 6192
280 280
7735 7735
2327 2327
7584 7584
9127 9127
2233 2233
4695 4695
889 889
4296 4296
5400 5400
532 532
3706 3706
2093 2093
2272 2272
2384 2384
9660 9660
9681 9681
350 350
3317 3317
6490 6490
5240 5240
6263 6263
5184 5184
642 642
5697 5697
9765 9765
3479 3479
8146 8146
2207 2207
6298 6298
6923 6923
3432 3432
349 349
6252 6252
3331 3331
2241 2241
8992 8992
9434 9434
9166 9166
6253 6253
305 305
5504 5504
7156 7156
4990 4990
7316 7316
1588 1588
175 175
3699 3699
2520 2520
5686 5686
9139 9139
2021 2021
2255 2255
3610 3610
9401 9401
406 406
9260 9260
5895 5895
2858 2858
137 137
9286 9286
7439 7439
3530 3530
634 634
3107 3107
3436 3436
6953 6953
7680 7680
7607 7607
4347 4347
7943 7943
3948 3948
1105 1105
684 684
3641 3641
1640 1640
1726 1726
4410 4410
5352 5352
7318 7318
7086 7086
287 287
1028 1028
5493 5493
7277 7277
4847 4847
7240 7240
4939 4939
6389 6389
99 99
7014 7014
8249 8249
1038 1038
564 564
5366 5366
239 239
7353 7353
3903 3903
6942 6942
748 748
7521 7521
6880 6880
8071 8071
3160 3160
3248 3248
8885 8885
104 104
2140 2140
9979 9979
188 188
9016 9016
5263 5263
3566 3566
3997 3997
943 943
3439 3439
1843 1843
1610 1610
5248 5248
3560 3560
4716 4716
7458 7458
6518 6518
8906 8906
8516 8516
5007 5007
1959 1959
7384 7384
4573 4573
6289 6289
7469 7469
1940 1940
5842 5842
2390 2390
1539 1539
8477 8477
9376 9376
4254 4254
2973 2973
3406 3406
4500 4500
8204 8204
5971 5971
6353 6353
9446 9446
6542 6542
404 404
2803 2803
5367 5367
9930 9930
8369 8369
3643 3643
1774 1774
4158 4158
4497 4497
5463 5463
1335 1335
9578 9578
6044 6044
3982 3982
9227 9227
8804 8804
372 372
3557 3557
9596 9596
1925 1925
6709 6709
690 690
9258 9258
1367 1367
1031 1031
6501 6501
5731 5731
2957 2957
6702 6702
6696 6696
4034 4034
7137 7137
9749 9749
6638 6638
8277 8277
6573 6573
2319 2319
4269 4269
9610 9610
8245 8245
6198 6198
3836 3836
358 358
1281 1281
9677 9677
3885 3885
5485 5485
539 539
4048 4048
9697 9697
2386 2386
8910 8910
4616 4616
7715 7715
7809 7809
7095 7095
9921 9921
2117 2117
8178 8178
1961 1961
4777 4777
989 989
1191 1191
9729 9729
8629 8629
5350 5350
4688 4688
7418 7418
6832 6832
2400 2400
2953 2953
8973 8973
711 711
5355 5355
7953 7953
5863 5863
7373 7373
7108 7108
7854 7854
5071 5071
4627 4627
3613 3613
9256 9256
3289 3289
1441 1441
9283 9283
6726 6726
844 844
6411 6411
6633 6633
7190 7190
4051 4051
5265 5265
6623 6623
8582 8582
3499 3499
5991 5991
3793 3793
9689 9689
3059 3059
871 871
6440 6440
580 580
6896 6896
5282 5282
8701 8701
1970 1970
8348 8348
3521 3521
3117 3117
8387 8387
6113 6113
3727 3727
5923 5923
25 25
7544 7544
6276 6276
4035 4035
5676 5676
4312 4312
987 987
6358 6358
4142 4142
2225 2225
872 872
6306 6306
1874 1874
6239 6239
5511 5511
2596 2596
9556 9556
5236 5236
1850 1850
6120 6120
3100 3100
7357 7357
2069 2069
8759 8759
3622 3622
4507 4507
8318 8318
2746 2746
8464 8464
6369 6369
466 466
5801 5801
7595 7595
7794 7794
2876 2876
1201 1201
9665 9665
9816 9816
6271 6271
1589 1589
5430 5430
6468 6468
8782 8782
9980 9980
4141 4141
9490 9490
5993 5993
2929 2929
9661 9661
9454 9454
444 444
9652 9652
6454 6454
384 384
1840 1840
3173 3173
5819 5819
5205 5205
1705 1705
8646 8646
5974 5974
9878 9878
3694 3694
3200 3200
3271 3271
707 707
1881 1881
5331 5331
7453 7453
8789 8789
2783 2783
9069 9069
8066 8066
501 501
5076 5076
2342 2342
3693 3693
3098 3098
9204 9204
9717 9717
3700 3700
8677 8677
1018 1018
8131 8131
6356 6356
1381 1381
6708 6708
3008 3008
3559 3559
9801 9801
6100 6100
9656 9656
4050 4050
38 38
3264 3264
9296 9296
2114 2114
6889 6889
6151 6151
2185 2185
2573 2573
3452 3452
6902 6902
7812 7812
3093 3093
59 59
4354 4354
2836 2836
610 610
5613 5613
8472 8472
4672 4672
6362 6362
5834 5834
4133 4133
9172 9172
3642 3642
8163 8163
103 103
5083 5083
266 266
8720 8720
4719 4719
6398 6398
7580 7580
9489 9489
6039 6039
7242 7242
9635 9635
3711 3711
1469 1469
94 94
9048 9048
2338 2338
3058 3058
4385 4385
4701 4701
7572 7572
712 712
6016 6016
3025 3025
9747 9747
8130 8130
381 381
4506 4506
5680 5680
9830 9830
614 614
2942 2942
4107 4107
16 16
8517 8517
170 170
1332 1332
5185 5185
2742 2742
9756 9756
9219 9219
3147 3147
2796 2796
3541 3541
720 720
8452 8452
5440 5440
7982 7982
6864 6864
7996 7996
312 312
1321 1321
6826 6826
9040 9040
7011 7011
9168 9168
3783 3783
5744 5744
4314 4314
2137 2137
6891 6891
8033 8033
2058 2058
9081 9081
1581 1581
9551 9551
7504 7504
3834 3834
7000 7000
3381 3381
1831 1831
3791 3791
4824 4824
2826 2826
1077 1077
6981 6981
8825 8825
7968 7968
9135 9135
9916 9916
7018 7018
6822 6822
4648 4648
9933 9933
512 512
88 88
2729 2729
8476 8476
9250 9250
6503 6503
9671 9671
4369 4369
2146 2146
3336 3336
9734 9734
6476 6476
6877 6877
7919 7919
2640 2640
2859 2859
5627 5627
7966 7966
3741 3741
3528 3528
8852 8852
1993 1993
6725 6725
7414 7414
6728 6728
2828 2828
8743 8743
288 288
361 361
5998 5998
5002 5002
2509 2509
7412 7412
1318 1318
6117 6117
3802 3802
3752 3752
8180 8180
4564 4564
5857 5857
6556 6556
6448 6448
3596 3596
4871 4871
4897 4897
2598 2598
4620 4620
7554 7554
164 164
638 638
2683 2683
2934 2934
6537 6537
2054 2054
1630 1630
807 807
6883 6883
9835 9835
2445 2445
8777 8777
9562 9562
1852 1852
8948 8948
4601 4601
4147 4147
5288 5288
7990 7990
914 914
961 961
2925 2925
7790 7790
5473 5473
2396 2396
8875 8875
2959 2959
9072 9072
3857 3857
6916 6916
6890 6890
7141 7141
8070 8070
7112 7112
8579 8579
6214 6214
7167 7167
6426 6426
2068 2068
140 140
5054 5054
412 412
5394 5394
504 504
6715 6715
9321 9321
1096 1096
2994 2994
1058 1058
1362 1362
1720 1720
1703 1703
2663 2663
1972 1972
4405 4405
414 414
3304 3304
9149 9149
2881 2881
3720 3720
1124 1124
4021 4021
7118 7118
9370 9370
4624 4624
8715 8715
5777 5777
5169 5169
105 105
771 771
646 646
6179 6179
5362 5362
5326 5326
3299 3299
1267 1267
7941 7941
4828 4828
3715 3715
3477 3477
6952 6952
5450 5450
8566 8566
385 385
4537 4537
2016 2016
2372 2372
1570 1570
1989 1989
6259 6259
4213 4213
7765 7765
5618 5618
3152 3152
4737 4737
9225 9225
2827 2827
9570 9570
1598 1598
9708 9708
6266 6266
3131 3131
821 821
3947 3947
9633 9633
8008 8008
4144 4144
8059 8059
4711 4711
282 282
8719 8719
17 17
8081 8081
3268 3268
8326 8326
4436 4436
9035 9035
7760 7760
2012 2012
8648 8648
3181 3181
6310 6310
4772 4772
6565 6565
5995 5995
2996 2996
873 873
2062 2062
7792 7792
7744 7744
1551 1551
6227 6227
8174 8174
4123 4123
1870 1870
5761 5761
4209 4209
2299 2299
4221 4221
2323 2323
1934 1934
9082 9082
581 581
981 981
9393 9393
4911 4911
6847 6847
1829 1829
116 116
1256 1256
5156 5156
2301 2301
6351 6351
2116 2116
3347 3347
3764 3764
2324 2324
1293 1293
9932 9932
1712 1712
5602 5602
2158 2158
6941 6941
562 562
8360 8360
4367 4367
1770 1770
1744 1744
7391 7391
1187 1187
1126 1126
8560 8560
2374 2374
703 703
1178 1178
3738 3738
8783 8783
2033 2033
9437 9437
1453 1453
2354 2354
9680 9680
9300 9300
1795 1795
1981 1981
743 743
3205 3205
7368 7368
2251 2251
1428 1428
1667 1667
9960 9960
598 598
5565 5565
7643 7643
5798 5798
6527 6527
7342 7342
8259 8259
7044 7044
5659 5659
3375 3375
7522 7522
3342 3342
8944 8944
8217 8217
8323 8323
283 283
3944 3944
8164 8164
8220 8220
2718 2718
9075 9075
7275 7275
2371 2371
9021 9021
1088 1088
5806 5806
8929 8929
4216 4216
3278 3278
716 716
7481 7481
8378 8378
6380 6380
1019 1019
1837 1837
391 391
5411 5411
195 195
7808 7808
9478 9478
4182 4182
7939 7939
9334 9334
5114 5114
7728 7728
1371 1371
7692 7692
4481 4481
6520 6520
3172 3172
7416 7416
7436 7436
6257 6257
7161 7161
4710 4710
5876 5876
473 473
5364 5364
834 834
9882 9882
9419 9419
4327 4327
9602 9602
6122 6122
8527 8527
5610 5610
7065 7065
689 689
8004 8004
9611 9611
4256 4256
6154 6154
1162 1162
9090 9090
533 533
3443 3443
7038 7038
6275 6275
3527 3527
7793 7793
1241 1241
1813 1813
8333 8333
8693 8693
3425 3425
7127 7127
3938 3938
6567 6567
8666 8666
9798 9798
5785 5785
2102 2102
4907 4907
7183 7183
4503 4503
4482 4482
2544 2544
6155 6155
9277 9277
5074 5074
1416 1416
530 530
747 747
3719 3719
6379 6379
9255 9255
9875 9875
679 679
2659 2659
1185 1185
7813 7813
3830 3830
6975 6975
3054 3054
6342 6342
4855 4855
637 637
704 704
2566 2566
3141 3141
1984 1984
5591 5591
3974 3974
1717 1717
1427 1427
6979 6979
30 30
6595 6595
1700 1700
7102 7102
2795 2795
3633 3633
2130 2130
9497 9497
2220 2220
8108 8108
2429 2429
6807 6807
1698 1698
8655 8655
1505 1505
9631 9631
5221 5221
7340 7340
990 990
8382 8382
6452 6452
7051 7051
7586 7586
1606 1606
6862 6862
5391 5391
2751 2751
1900 1900
1828 1828
2589 2589
1465 1465
5510 5510
6090 6090
6216 6216
3026 3026
3509 3509
6010 6010
6599 6599
9984 9984
8197 8197
9762 9762
777 777
4165 4165
4763 4763
2912 2912
8248 8248
6288 6288
2082 2082
6911 6911
6839 6839
1518 1518
8786 8786
2559 2559
5521 5521
5162 5162
4366 4366
8691 8691
4378 4378
7016 7016
2870 2870
1104 1104
5916 5916
3854 3854
738 738
6152 6152
8285 8285
480 480
5844 5844
5483 5483
4805 4805
9644 9644
199 199
9348 9348
8349 8349
6003 6003
4961 4961
8748 8748
946 946
9585 9585
5082 5082
5690 5690
7868 7868
6954 6954
5797 5797
5947 5947
5595 5595
1217 1217
6226 6226
4459 4459
4220 4220
7541 7541
2123 2123
4502 4502
993 993
5368 5368
1853 1853
4002 4002
9378 9378
8843 8843
7726 7726
7243 7243
8419 8419
8141 8141
8979 8979
6465 6465
2747 2747
4859 4859
9356 9356
2707 2707
8295 8295
3848 3848
7872 7872
9769 9769
1356 1356
4644 4644
843 843
6005 6005
53 53
793 793
9923 9923
8926 8926
3373 3373
1051 1051
4072 4072
6997 6997
3698 3698
9495 9495
7956 7956
7001 7001
8247 8247
132 132
8572 8572
9211 9211
2419 2419
9787 9787
4358 4358
521 521
1832 1832
8231 8231
9396 9396
6211 6211
3465 3465
8615 8615
1643 1643
9248 9248
654 654
7780 7780
8237 8237
7492 7492
9509 9509
7691 7691
314 314
9646 9646
7091 7091
594 594
7985 7985
8214 8214
3033 3033
9369 9369
468 468
2050 2050
2330 2330
6924 6924
9936 9936
362 362
6141 6141
9854 9854
7050 7050
3103 3103
2797 2797
238 238
1929 1929
2038 2038
8530 8530
4030 4030
1556 1556
9388 9388
1057 1057
5757 5757
721 721
7718 7718
4335 4335
2608 2608
8148 8148
4610 4610
1375 1375
7035 7035
6174 6174
5943 5943
5049 5049
3549 3549
6675 6675
5894 5894
2720 2720
7287 7287
4545 4545
8500 8500
1509 1509
3343 3343
3178 3178
5010 5010
2980 2980
497 497
8206 8206
2474 2474
7515 7515
5433 5433
9754 9754
6331 6331
8200 8200
3574 3574
1604 1604
3232 3232
6415 6415
2151 2151
6993 6993
9964 9964
5319 5319
6603 6603
7290 7290
5207 5207
8121 8121
5466 5466
1417 1417
5522 5522
4444 4444
9032 9032
3396 3396
8356 8356
3662 3662
970 970
8398 8398
9915 9915
9205 9205
6054 6054
1735 1735
8780 8780
9694 9694
6988 6988
694 694
3792 3792
256 256
4164 4164
7204 7204
6554 6554
8078 8078
6781 6781
4429 4429
9045 9045
6334 6334
249 249
8473 8473
9831 9831
1864 1864
9737 9737
5852 5852
1414 1414
2610 2610
7702 7702
4342 4342
3840 3840
3581 3581
119 119
1149 1149
9607 9607
4361 4361
348 348
2483 2483
7314 7314
2923 2923
8785 8785
5554 5554
3777 3777
101 101
6327 6327
6136 6136
9164 9164
6381 6381
9076 9076
3169 3169
6851 6851
9475 9475
8564 8564
7455 7455
4236 4236
7289 7289
4735 4735
780 780
4662 4662
2065 2065
7376 7376
8060 8060
7705 7705
2489 2489
1094 1094
3898 3898
8947 8947
6190 6190
2824 2824
8203 8203
1436 1436
5395 5395
3910 3910
5231 5231
6958 6958
3354 3354
8563 8563
9330 9330
7932 7932
9264 9264
9893 9893
4317 4317
9552 9552
6790 6790
7025 7025
6360 6360
1207 1207
2350 2350
5875 5875
4790 4790
4631 4631
5553 5553
9888 9888
5544 5544
1494 1494
9109 9109
566 566
6483 6483
9484 9484
1633 1633
4333 4333
3167 3167
8694 8694
3703 3703
3590 3590
5835 5835
8375 8375
9640 9640
1022 1022
1224 1224
5044 5044
6705 6705
4343 4343
4769 4769
8297 8297
8994 8994
9533 9533
5181 5181
3210 3210
5174 5174
359 359
5808 5808
7223 7223
763 763
5085 5085
2113 2113
9254 9254
3864 3864
6676 6676
7355 7355
4334 4334
5299 5299
978 978
4446 4446
4875 4875
9592 9592
2042 2042
3818 3818
3886 3886
5843 5843
4800 4800
2867 2867
8752 8752
10 10
9236 9236
8932 8932
6436 6436
6488 6488
9431 9431
1722 1722
5747 5747
8391 8391
2820 2820
5939 5939
7400 7400
37 37
7682 7682
898 898
221 221
2345 2345
5040 5040
1370 1370
6370 6370
187 187
3611 3611
1992 1992
2646 2646
9668 9668
5859 5859
9009 9009
5667 5667
2408 2408
3300 3300
35 35
5978 5978
6176 6176
6683 6683
6598 6598
2139 2139
8571 8571
9350 9350
7479 7479
6343 6343
8465 8465
3316 3316
2402 2402
2667 2667
8509 8509
9645 9645
3849 3849
6285 6285
5653 5653
1691 1691
4640 4640
50 50
4288 4288
90 90
7101 7101
4415 4415
2057 2057
3896 3896
8899 8899
8977 8977
7557 7557
4455 4455
120 120
9892 9892
8118 8118
7967 7967
8718 8718
18 18
8104 8104
805 805
4926 4926
3314 3314
4115 4115
2883 2883
2937 2937
2841 2841
4105 4105
3632 3632
9332 9332
7422 7422
7487 7487
3750 3750
1612 1612
8653 8653
752 752
322 322
8659 8659
9731 9731
4509 4509
723 723
4382 4382
8049 8049
4387 4387
5582 5582
6625 6625
8362 8362
8246 8246
263 263
3253 3253
7285 7285
5050 5050
7182 7182
461 461
517 517
1017 1017
2622 2622
8717 8717
8144 8144
7367 7367
5951 5951
323 323
6789 6789
9011 9011
9470 9470
6530 6530
5410 5410
541 541
4242 4242
3083 3083
1939 1939
2421 2421
5316 5316
219 219
8935 8935
8890 8890
3399 3399
6607 6607
945 945
6074 6074
3034 3034
8586 8586
113 113
3654 3654
2310 2310
281 281
4261 4261
9659 9659
9047 9047
7688 7688
1129 1129
3125 3125
9812 9812
916 916
1745 1745
1591 1591
5406 5406
4984 4984
3500 3500
7829 7829
3649 3649
5671 5671
9024 9024
9188 9188
3027 3027
4433 4433
3320 3320
5532 5532
8201 8201
5822 5822
2551 2551
7801 7801
6918 6918
8630 8630
6368 6368
7914 7914
2514 2514
5183 5183
8379 8379
4936 4936
3130 3130
1815 1815
7484 7484
7669 7669
9909 9909
3419 3419
6928 6928
1322 1322
9486 9486
585 585
7525 7525
3418 3418
4188 4188
6194 6194
930 930
6191 6191
4723 4723
5529 5529
2427 2427
5365 5365
2833 2833
7560 7560
3853 3853
8816 8816
4722 4722
4551 4551
2254 2254
9028 9028
5796 5796
7707 7707
45 45
6828 6828
2873 2873
491 491
411 411
9008 9008
5803 5803
9324 9324
4699 4699
9279 9279
1740 1740
6184 6184
7109 7109
6212 6212
6771 6771
3281 3281
7632 7632
1358 1358
2198 2198
8595 8595
7295 7295
7770 7770
2379 2379
2887 2887
5781 5781
7417 7417
7916 7916
7543 7543
6875 6875
8656 8656
4816 4816
2672 2672
7029 7029
5836 5836
7331 7331
7513 7513
2701 2701
433 433
4903 4903
66 66
2064 2064
9137 9137
5439 5439
3361 3361
2895 2895
6086 6086
2048 2048
2031 2031
5373 5373
4272 4272
4383 4383
8769 8769
8623 8623
6387 6387
6652 6652
8685 8685
1446 1446
9477 9477
7834 7834
9194 9194
3501 3501
1397 1397
2227 2227
8600 8600
8781 8781
2501 2501
8037 8037
1474 1474
513 513
6434 6434
3936 3936
9683 9683
4878 4878
8731 8731
8705 8705
3771 3771
1657 1657
8418 8418
2459 2459
9282 9282
9280 9280
1734 1734
9539 9539
3486 3486
8895 8895
553 553
5617 5617
6658 6658
2159 2159
9228 9228
1097 1097
4724 4724
4273 4273
8601 8601
7356 7356
5423 5423
8263 8263
9547 9547
5502 5502
6111 6111
2238 2238
819 819
8739 8739
7174 7174
4143 4143
6091 6091
6018 6018
3459 3459
5908 5908
4617 4617
2585 2585
8491 8491
1753 1753
5271 5271
9251 9251
6261 6261
3315 3315
9266 9266
335 335
7 7
5505 5505
9265 9265
1969 1969
9573 9573
5972 5972
2913 2913
3106 3106
4519 4519
6338 6338
3573 3573
5726 5726
5107 5107
7299 7299
8940 8940
5507 5507
3426 3426
8311 8311
2719 2719
4201 4201
6484 6484
9783 9783
6395 6395
1450 1450
1410 1410
254 254
5103 5103
7077 7077
5750 5750
9338 9338
4994 4994
708 708
3015 3015
6815 6815
3645 3645
36 36
2451 2451
436 436
8366 8366
1073 1073
8181 8181
4337 4337
9327 9327
460 460
9568 9568
4789 4789
215 215
1148 1148
5300 5300
5477 5477
9133 9133
5484 5484
7500 7500
5772 5772
2524 2524
3262 3262
7062 7062
4155 4155
4344 4344
5516 5516
7772 7772
1530 1530
8399 8399
7352 7352
6337 6337
2531 2531
1280 1280
5934 5934
5499 5499
4462 4462
7067 7067
908 908
9861 9861
8458 8458
7148 7148
2968 2968
7846 7846
8047 8047
5313 5313
3749 3749
7851 7851
2074 2074
5390 5390
8812 8812
6277 6277
8760 8760
6578 6578
9025 9025
1788 1788
4094 4094
7701 7701
8960 8960
3221 3221
3569 3569
9860 9860
3293 3293
959 959
6325 6325
5211 5211
2465 2465
8322 8322
6187 6187
1572 1572
7153 7153
3038 3038
6489 6489
4404 4404
4315 4315
8529 8529
2178 2178
9849 9849
5357 5357
4340 4340
4921 4921
8022 8022
5035 5035
5277 5277
6596 6596
8413 8413
7626 7626
274 274
5733 5733
1376 1376
5941 5941
4867 4867
1239 1239
8949 8949
6651 6651
129 129
5264 5264
9187 9187
3702 3702
7267 7267
3388 3388
5130 5130
9639 9639
6995 6995
1143 1143
1557 1557
1336 1336
7394 7394
4376 4376
8855 8855
7381 7381
5058 5058
6250 6250
2682 2682
800 800
1846 1846
220 220
5043 5043
7531 7531
2607 2607
6384 6384
5677 5677
9023 9023
0 0
5718 5718
6282 6282
4038 4038
9728 9728
3823 3823
7625 7625
6970 6970
3037 3037
4111 4111
979 979
2922 2922
3988 3988
4937 4937
6521 6521
2409 2409
1851 1851
3386 3386
1368 1368
2199 2199
5721 5721
7126 7126
1933 1933
2420 2420
7268 7268
3929 3929
8610 8610
7482 7482
7559 7559
7796 7796
8095 8095
7833 7833
5664 5664
1014 1014
1876 1876
9318 9318
4275 4275
8609 8609
3170 3170
6126 6126
3330 3330
4690 4690
2217 2217
259 259
3042 3042
5880 5880
5056 5056
313 313
8471 8471
4037 4037
6324 6324
2627 2627
9508 9508
8879 8879
1836 1836
346 346
7443 7443
3666 3666
2697 2697
2523 2523
7582 7582
6495 6495
3124 3124
9944 9944
3856 3856
4081 4081
1800 1800
8916 8916
2839 2839
4710 7574
2120 8107
3636 6590
7271 8726
