498
6978 3503
176 3958
6893 8570
9100 8646
5454 6463
3298 406
1399 8699
8486 6393
1163 3687
5857 9141
6835 1553
1577 1883
8610 9096
37 1487
5437 4239
1992 3493
7742 2168
7451 4634
1816 7630
4358 8349
5171 8735
8755 7650
7434 7240
4042 8597
2006 977
7737 9920
3610 392
1802 2219
567 1839
4785 6004
6078 7856
575 4898
23 8026
610 1840
5655 4969
188 1905
4782 22
9555 2215
8341 3596
1891 346
4573 706
265 9262
2178 2067
1480 2745
4985 7345
9828 1062
5200 402
7039 6303
8428 7650
9222 5162
2618 9410
7067 8479
510 6621
1773 8852
1295 3664
276 6947
4370 1621
6209 7627
4767 8768
371 9753
6112 198
1893 1312
600 8933
7615 9029
6582 7915
5269 278
8403 2335
9836 8914
34 1608
8844 1329
5272 9120
9355 721
1819 5563
8348 6587
4331 8720
7418 442
9997 389
2833 597
9322 1526
704 6982
9441 5973
8339 7844
9387 8175
7836 499
861 6679
2907 6134
5798 2261
7934 7618
7825 6281
5283 2155
6079 2700
3676 6076
3089 7589
6673 3490
9115 8456
1550 9635
4428 968
8557 4893
221 6392
5392 1082
3070 8299
8295 9947
559 6228
8643 8384
2509 3925
1617 9667
7704 5294
5742 1872
2882 3493
6441 3075
1948 9070
2709 7455
37 2344
2347 258
8736 7739
2420 2884
6037 714
2831 7676
6943 2552
6059 530
6478 7677
196 5260
4049 5939
8211 6931
510 4651
1084 2459
3721 4873
9914 4837
7217 3340
6175 7032
1078 8595
9916 8195
9309 3825
5870 7330
6378 3007
7860 3934
1762 8057
9194 5811
5074 7405
3820 6663
3134 5984
200 7934
856 114
2771 9152
3454 24
6183 5611
8619 6099
3805 9006
9924 753
6336 7380
4840 5274
1313 6602
4409 507
3492 561
8991 8391
7225 3203
4374 7425
1137 6309
8618 4987
5461 3150
5011 1643
8762 4708
8821 3645
3713 9824
5478 1127
7203 317
6402 8517
6919 1889
102 1489
2451 171
9881 754
3374 5333
8179 5590
2721 6797
576 8182
1025 6666
903 9787
1373 803
4511 6166
626 9989
7293 8908
305 4773
8503 8303
6663 8605
871 192
9855 1830
946 4308
8242 203
9898 962
8079 1553
222 9105
8219 1126
9970 9593
1929 4480
5758 3634
5547 4129
3620 6931
8903 2123
6313 6644
1806 7184
7915 1661
9014 8861
7048 8334
9064 6945
9297 7143
8498 9519
7326 6717
1723 7295
7388 4731
2854 4224
8365 8401
8353 3064
6411 8334
5187 2723
6056 8072
985 3970
811 1077
3909 7859
9411 2973
4804 8707
1194 4380
9305 8520
2175 1027
5814 9563
5759 9747
4865 4123
8148 4297
7187 5637
2630 3452
8360 8687
1524 423
3735 2335
1500 7645
1273 910
1696 6077
696 2890
456 0
2488 3711
1027 8302
4352 6786
8049 9218
1988 7275
3514 253
2911 7223
4785 2349
6988 7388
2772 723
9723 5351
8368 2074
7340 63
8151 8036
4032 9687
9115 6520
3397 1221
5900 8828
9086 5027
8045 2152
2301 2637
2406 6291
9861 8270
9719 6848
5657 3569
7571 6458
9999 7017
8533 7339
8159 7762
6453 3269
7448 6647
9789 1923
7868 6768
751 6953
1794 9875
9106 5175
2512 2590
2544 2372
859 2263
298 7595
6911 7870
4052 6910
5965 2584
4248 5203
346 1779
8472 8873
8426 8261
1875 6293
6107 3705
4325 7901
4658 4509
3075 7170
8178 5620
620 115
8962 919
7710 5872
9868 1761
3860 6911
5425 8108
2113 6850
966 585
6801 9392
9925 9755
6764 6031
3459 2167
5010 9197
7755 8086
6366 5932
4784 8066
6047 3745
63 4835
695 9931
7675 4556
7920 3099
3742 33
1027 4708
1697 7829
5179 2700
7583 1942
8731 2121
5188 3740
1317 2942
2904 8762
8874 7688
7906 5999
2511 7969
1912 3207
8978 9587
8842 6898
3765 2583
8010 4792
7292 9707
3699 3549
3485 2361
5491 2215
4482 1757
7034 6878
4699 1017
6718 4651
8705 5703
1728 2295
3671 3640
6581 3728
3226 5422
1704 6991
8005 9714
2862 6375
498 6561
9924 3983
8922 6493
7277 4482
8250 5389
2438 4027
6406 9157
8678 6190
4859 405
8485 9609
5124 5065
4415 9430
1565 6119
7499 9570
6911 360
7024 8488
8001 8026
2470 8001
4519 825
2483 3847
7294 4921
7875 3699
5156 6552
9889 1093
8037 9452
1781 3160
5595 6196
2589 7160
2315 1167
7809 304
1527 4832
8793 606
3936 2341
8608 8455
4246 1090
2302 1539
7090 176
5238 3325
7807 6206
5497 5843
6736 7278
82 2331
4553 3750
569 7947
4917 9457
8251 7524
5367 7043
8130 9304
9385 6737
7758 3630
8906 1138
6248 5996
1314 1485
399 200
8770 5896
6043 5506
4253 7204
8916 8806
954 563
6752 5871
20 5002
4473 5387
3124 2603
4690 3587
9340 3527
8296 8246
4665 4543
5320 7059
6028 5719
7259 5877
2693 4380
1382 6946
1584 1376
5751 2538
1939 2502
9488 3038
8584 3961
9505 1707
6564 4194
5294 6982
8800 3589
6306 3465
8132 1625
1602 5238
8423 8861
1114 1116
3240 3575
9141 4824
6030 4892
8441 9049
8473 7929
2086 8135
2968 1590
9842 9532
6864 6214
7592 5663
881 3898
206 9013
6602 1808
5330 5025
668 6444
7220 4988
1098 6360
890 8207
2330 9332
7255 1882
8339 420
16 1306
2010 937
1916 9953
7151 9508
6695 8033
3405 6901
8124 1086
8710 3453
6111 456
976 4409
6523 3153
1847 7414
1359 4178
7824 8615
6060 6162
9035 6076
7468 2123
8092 9384
3155 5243
9970 9850
4354 4454
6750 2477
5540 6538
7010 2729
6995 7986
8217 3517
1138 63
2009 3576
4241 9833
2190 1379
5994 2303
8535 4540
4427 6626
5002 8661
2947 4972
8510 7301
504 5259
857 6044
2876 7867
9852 9871
6931 8068
4466 9148
8131 7555
2723 2372
7387 4914
3751 4460
7217 3364
