4992
7096 1025
6856 5440
3402 9460
804 618
981 2935
508 8614
7033 3494
2171 158
1342 12
2033 2086
5382 3997
1474 3071
9158 7766
4227 5014
9824 4237
6658 6919
5262 3514
2358 8665
4052 4242
361 5033
8256 869
3647 5288
5443 6897
5446 7864
6909 8559
9951 2290
2555 2503
5362 2791
1347 667
7805 1170
5983 4463
9169 1245
9056 2605
988 3107
6847 1349
9219 6181
3298 2865
1468 8741
840 6915
6604 7750
6552 7633
1118 9107
1214 7559
2976 2562
9306 1860
4811 5288
7402 3979
7612 7536
7664 8600
1721 4510
1028 939
691 5405
4884 3238
4145 5724
1231 1827
3473 7783
539 5671
7968 1753
3229 944
4315 3613
3883 9127
8902 2363
4184 6513
9899 1847
6192 1619
7437 7220
2558 9207
2624 7442
2444 7848
4245 4755
753 8797
2537 1292
4467 505
3046 8776
2528 8440
2388 6411
8645 1289
9853 3908
8882 9751
6834 5073
2448 5349
2292 6085
4555 5995
4606 8079
3842 8851
2833 4595
7647 5370
6967 2114
6954 12
889 9482
9531 4356
6971 8176
5646 6823
3162 5606
7652 9996
678 1178
5345 4049
7264 978
43 1869
9057 4964
719 2968
637 8366
9418 7604
1558 6371
8695 3526
6932 9305
7883 3902
7480 4607
1804 1720
1291 9456
1715 1969
1713 7060
7097 8977
8039 8219
845 8174
3182 2643
2221 4898
2087 1638
2502 4725
9088 2275
8251 6019
1579 7212
1000 137
2897 3883
1857 4188
4417 4652
6157 6130
1711 3253
5106 828
2550 7030
81 5732
9673 2302
630 1760
5019 4211
7564 5185
7565 5814
2283 9145
3026 3283
360 5923
7166 3297
1190 1582
7949 7347
7713 9660
1679 3897
1567 4229
927 1648
1040 1678
5029 2749
4517 47
8039 2080
5232 5603
7895 7515
5826 1999
1876 7266
9001 120
562 190
2782 8511
8617 1573
9249 1374
5470 1894
5603 7476
3542 7722
9155 9650
470 3671
9697 9588
5752 6008
5191 4725
4601 2095
6724 7557
439 6803
7677 1001
6994 1537
590 6689
3110 9840
8063 9660
2812 4744
7135 7434
2466 6289
7083 4015
9961 7859
3603 6791
3866 9873
1515 9546
3046 8239
7102 3486
5041 5858
5566 3113
7395 6157
880 1584
7075 8943
1243 9887
3687 8378
7320 7232
5746 4403
2325 5706
2261 7007
2496 7206
7958 4011
7830 1004
3328 4932
5569 9448
1868 1134
3640 341
8370 4520
1925 5444
4542 4247
5331 9308
2625 3729
6539 9450
9211 9943
5155 1471
6950 8730
9756 4907
3819 7586
6990 8226
3596 2558
8752 5464
4772 2391
6884 3141
7991 9889
9665 2532
4135 6074
1839 7839
9803 9457
7288 9014
477 3521
1563 7427
2250 1319
3413 7148
9984 402
6452 3579
4040 5204
121 9891
7595 7005
4110 6664
6893 3774
9196 1028
9848 2113
9946 9651
2648 7234
9743 3126
754 1305
1631 4084
3703 5044
1231 3686
6526 7684
8344 565
3966 8465
1534 2639
5470 5644
9304 3441
9419 9578
5548 9266
2770 5494
9995 5418
2727 815
9623 4560
2121 1254
8644 6903
7377 954
1668 3902
9717 11
4467 3682
8477 7080
6321 5025
2724 6703
8466 2142
6281 5093
2486 9051
586 2481
5547 4392
3296 6249
8952 6496
8582 8675
3399 5958
9629 5067
9861 9345
6157 5406
4105 4633
2486 425
736 5210
8208 281
8431 4488
5374 916
4617 7039
3397 1242
2509 7773
7491 2539
5347 7151
1213 9825
3109 1920
5970 4048
1264 2127
9454 6448
6760 3018
7953 7497
8228 6160
8857 6658
647 4230
8654 6343
1268 3129
7585 4856
901 6155
7395 7328
3305 8609
7152 7493
528 3122
1540 2872
5249 2073
9320 3087
5091 8351
1662 4398
4510 518
2134 6236
4748 787
2578 7095
3917 1242
3029 5897
8476 424
3224 2859
9033 376
352 639
4577 2971
4590 9826
5044 4989
3991 135
3339 5654
4533 7850
6172 7746
4085 1999
8534 7743
172 3529
8985 3202
504 7460
3626 3729
318 3737
5184 1749
5455 9761
4721 45
664 9765
6113 4655
978 9452
308 6590
8380 7560
4336 3544
637 2869
1286 809
7477 1349
5090 7981
9888 9795
1709 1284
3531 7972
3034 65
8811 8834
1189 553
8598 7302
5209 9577
6753 6596
7245 6212
5234 1580
9756 5871
5528 2120
7760 3004
4548 2849
985 4435
3723 3773
5719 8333
2824 9832
8398 1634
8665 9587
3267 8342
7967 9555
8997 5799
7229 6241
2010 2463
7822 2844
9413 3349
4964 8251
7433 9512
1100 8418
5025 5902
2190 1822
4234 5014
1654 2632
7728 1397
3297 994
817 1264
548 892
7063 8856
7134 9073
1318 6034
2995 1810
461 7959
60 7894
8549 2239
7390 3573
8141 659
5395 2375
6752 8128
6086 5558
604 9383
6552 2500
646 8179
3393 8788
7035 1605
7860 9432
8718 854
1241 9179
9892 1302
8152 9519
4620 6620
3091 2761
7279 9566
5136 4031
8772 1221
9589 454
1682 7220
2955 2329
6477 7427
1116 4590
9032 55
5101 7749
1988 6342
8006 2959
8723 7236
2477 3343
3856 5569
7183 2213
6213 2318
6244 6063
4618 6912
7597 6300
5210 1630
9708 1686
9057 824
7356 9167
1958 2456
6915 5025
9877 5999
7984 8600
4314 461
3021 8170
7109 203
382 4400
3600 7706
462 9297
5696 8059
5596 905
9689 5304
3670 9824
7207 1025
8990 243
3481 6983
5268 4437
2982 3252
3036 8375
3713 7136
7623 1900
8418 8005
6300 3096
6789 7841
2392 2484
5900 7988
3389 6667
4370 8139
6491 2655
9164 6559
3977 3724
3542 9246
8161 7603
3576 2275
5977 8368
9411 3599
267 8907
2682 6567
2002 550
5486 4394
3034 1385
3460 7503
9132 8910
5641 6701
1564 5883
3259 5542
9607 7880
5866 7767
6561 9442
41 2537
8888 530
7215 9155
515 9898
6800 2517
447 2285
7990 4560
4750 1450
3141 4960
359 8782
2739 3002
4665 7077
9623 5350
4957 5488
3117 1517
6008 4237
5134 4895
5847 2348
5128 6362
3324 3006
8880 4850
6371 6869
489 1120
9398 3630
7159 835
3491 9898
3838 9235
6974 3460
4584 1930
27 8780
4527 7114
3017 9661
3088 8864
3087 8216
6304 6412
2301 5183
2340 8672
3131 2829
9792 3607
7539 8029
4443 1029
7926 8281
1342 4899
2819 5926
7909 2846
4706 2435
9961 8802
3174 3048
8744 7340
2342 5047
3751 4643
1309 7171
3314 4440
1078 4184
8047 8617
2212 3568
9646 1216
1848 987
6116 4668
7993 5103
8593 3777
8617 9632
2578 1790
3758 2400
9130 6101
7447 3960
1822 8756
2209 6216
4274 3287
1478 3400
1904 3691
6968 2628
5986 9896
4695 2101
4563 3766
8283 4234
7543 6899
3866 1199
8689 8703
3599 8898
4803 1045
3936 7705
880 6145
3920 5154
9432 5398
8554 2414
167 6601
5043 7233
6496 816
9334 2137
4582 7617
6371 2124
5594 1315
4402 5362
18 8001
4259 5900
124 9274
3604 1004
6497 8603
6159 5928
5080 5791
9422 6326
2391 5543
3558 8887
6359 3971
1023 2019
2666 8474
4143 8260
9789 9624
3621 885
7624 8959
6786 7748
9311 1468
9832 5807
71 7069
2814 6230
2859 2235
3634 6330
7778 7193
6295 5215
2242 8398
7234 4908
7950 2455
4246 7738
2078 8947
8624 9702
8984 6488
8528 8295
7956 8359
4101 9106
5427 6915
6414 9366
228 48
6774 8006
8320 3068
4299 561
2544 1532
6548 493
3987 793
9311 6065
818 9013
6845 9803
5500 5373
8097 4534
3731 3276
3640 237
1270 53
9603 2577
101 7455
583 9500
522 4882
60 4146
7494 6608
4639 1480
8481 3949
7546 9299
4040 4390
9101 9540
841 8276
4074 5652
2631 8793
5889 4980
9925 6570
7557 26
4024 9219
9526 5625
4101 665
9771 2673
7273 5489
4153 6832
516 2777
6131 4557
8247 6310
4096 9088
5665 9249
4739 8296
8041 1706
3275 7966
8276 1910
9071 3378
1129 9675
82 6309
1418 9853
8982 9771
6420 3134
6602 6937
5912 2732
2572 5237
121 6668
4324 5786
6996 9064
5160 6115
1848 8435
5159 124
1423 5308
4581 2552
4983 4663
8861 7480
5595 7842
7250 3093
2055 3852
29 9046
7663 2601
4282 7784
348 8606
3569 8423
8748 9808
4537 596
9321 775
1799 744
6083 7459
3296 2144
3201 2157
9625 8796
1077 6874
1888 3132
1804 2997
3256 9468
6677 7538
8330 8104
7223 2978
6526 7049
2785 2142
7645 2106
2917 522
2850 9000
7982 6146
1144 1182
9382 1847
1056 1538
8721 4023
5749 525
7020 9006
1071 4776
6543 9401
2879 4844
2378 484
1893 5164
2626 616
8349 6622
1139 1198
5621 199
8423 7844
2460 7805
9691 3516
9343 9491
7539 6170
1094 5638
5175 2165
1492 2797
2644 4371
7641 5023
4855 612
1265 8560
1229 692
5181 2368
1890 1881
3646 312
9725 6106
9196 9416
700 9617
8906 9318
5787 10000
4955 961
3243 6447
4837 5887
1897 3557
1988 7831
4169 4332
6391 5398
5024 2650
8845 6914
4531 2490
8306 4256
8596 8580
4750 9296
8197 4734
9693 5062
5812 4647
7102 9055
2173 1939
6020 5149
5496 9088
2979 9665
3419 448
6142 8444
3099 4986
6436 8709
7477 5820
4043 7151
4400 8793
7526 3675
4605 7218
8737 1495
2943 5838
1628 5116
8856 7649
1343 4351
6736 4323
5095 1233
5850 1236
755 27
6222 7192
8737 4777
4090 2779
1928 9569
2651 9454
3243 8335
7750 1979
9831 692
8897 1458
6888 7752
9107 8231
3182 6921
3632 9356
8155 9483
591 8910
9510 7892
7180 8246
2669 2349
2104 5676
1917 4755
6208 5161
3089 3957
8219 3998
4649 8194
5457 1536
7025 4563
9768 1285
2563 3399
640 717
3960 2310
705 3470
201 8965
2794 3949
1313 4898
703 3230
731 6911
9470 4900
867 7689
8898 6596
6961 4354
8132 3985
9997 8978
5270 2559
3456 5910
4355 7416
9299 6139
1964 9501
5103 4759
4528 6416
735 6311
725 2546
3221 194
7446 5168
7883 7422
1763 5923
2855 9895
9908 2851
9952 5178
6489 3407
2166 1922
822 1465
8061 2787
2044 3164
8625 7651
658 9360
3961 1383
1905 7183
1578 429
2350 539
8931 4113
6462 1785
5086 6370
4636 5037
2626 2203
8444 4792
4125 345
7336 3264
4211 9380
6428 3914
7031 8166
3273 2070
9549 6258
9253 2205
7766 2681
2745 6696
7873 285
8481 2959
7734 4195
9075 359
6398 8598
6231 1601
21 3566
4866 4232
4025 2372
8146 2134
537 2497
4204 1165
9834 4536
3370 8679
7217 7194
5374 5090
7480 4934
9128 5213
207 8202
6652 6606
6799 2882
9286 6820
7527 4151
2130 2630
7603 1354
4764 8140
4931 8969
9305 4764
3504 3754
4521 1799
947 974
6889 8427
5908 6016
4719 6115
5297 1370
3799 2095
5331 4164
9995 3936
8315 3203
6567 5917
4558 1330
5136 9489
1377 5519
5331 5960
9273 9853
7760 1299
826 5727
804 7813
1743 5523
5006 7040
7972 9885
213 4381
4048 1286
8318 3441
4490 4884
437 9048
7293 5573
9615 8671
2170 4945
5709 1443
5876 3468
3821 6702
9196 4625
5593 2017
1227 599
135 9199
1562 348
3580 5610
2714 1897
9051 7204
7860 566
7330 5152
7218 6944
4901 9389
2967 1689
1910 8844
5157 5731
6624 5431
355 2217
8527 1582
3895 8662
1860 5457
89 5440
2145 2803
8416 2274
6 7354
2841 7336
3584 58
4279 9565
525 7246
1253 2435
7168 7489
8166 3792
2920 9601
7088 1446
2261 982
108 4121
7518 197
639 741
3000 133
4094 4085
7487 8014
1420 2150
9152 6778
1714 9677
5102 2967
2112 2270
455 1356
7141 4454
2035 4228
5901 4297
6289 7088
9497 4885
8364 1215
6705 2442
1348 798
6527 9915
8813 9026
2064 7964
6882 3778
7640 1983
6745 830
5332 8279
2187 2472
2733 5301
7779 8634
9598 4067
6800 173
30 5163
1388 6735
8684 2736
7534 5210
2650 7425
5314 5793
5388 2195
9571 4106
5257 7394
4937 1668
5673 8203
5219 8406
3503 2998
8118 4180
7065 5996
4353 8175
2237 6820
4909 920
9556 3521
7209 3285
945 2522
9078 7412
5796 9728
1518 2131
8200 7534
3799 3872
6815 9019
3356 1396
3095 2552
6655 1238
8548 1007
9413 784
7827 4322
2783 8462
7843 9992
2825 8789
3592 2981
7279 9388
2708 8797
2598 908
7409 7476
5859 5302
6494 294
6699 9589
2846 3353
827 2473
5440 1318
4336 4345
5640 7120
3885 4562
8190 6710
4429 1782
9692 1707
2248 2399
1583 4846
4386 8992
2322 1324
4294 9895
1618 2071
562 5543
5424 2468
9095 1942
3786 3431
6288 9427
1629 172
5067 9819
6883 9496
1600 7653
1202 3849
1130 2785
9774 5517
2856 3174
7920 8229
3069 9538
299 3631
5080 6802
7178 4175
8745 963
8685 5032
1468 313
6283 6535
1210 4244
6030 3890
1896 7233
7739 4106
1096 8591
701 5031
1765 8621
3259 5913
8158 3558
9544 4316
360 6721
9570 9105
8763 8254
5215 231
9646 2576
6766 1935
6821 2796
5825 9796
1107 4642
3901 3282
3232 4602
8314 6076
3222 1572
1988 2458
5131 2610
7854 6570
409 7423
6753 9173
6756 3046
9404 7480
5622 6169
9415 3521
43 5239
4396 2229
9881 8297
5512 4192
3978 3825
267 8279
5397 2256
1816 1606
4866 9670
8176 5276
8171 4928
5527 6005
7974 4930
3485 4675
2177 2899
8196 3300
9218 2591
5529 176
1967 1040
4368 7024
4865 4636
5302 1341
7971 8197
2947 2836
7866 1123
9191 7116
7130 4717
3120 6183
725 6605
857 3982
583 9053
7282 879
2723 3889
1055 4690
4930 5424
1713 873
1138 8094
2214 187
6291 5162
4102 5235
7364 3293
3429 4493
9089 6550
675 893
4233 1532
4875 5895
1664 2156
6774 4387
6045 7830
155 2053
4332 2947
2927 6549
1040 6220
6736 8410
1381 837
4724 8745
5209 8153
4317 4298
4702 4992
6270 14
7604 1144
5909 346
4379 2683
4733 1502
1591 5967
3556 7002
8914 7562
4629 1032
3781 2443
9443 5163
3280 4166
4986 9569
3397 9303
4945 9179
5374 1214
9193 4056
2358 6180
4402 6737
8863 213
8239 1532
6180 2873
9613 6172
434 4241
7204 5295
6684 7725
457 1043
2969 6522
611 6367
6904 5556
5545 3356
6770 5816
7412 206
1995 2892
8022 1937
3105 7339
4548 363
212 4161
7614 1725
8402 4817
7020 6165
3621 8556
7208 6590
5078 8898
2956 3060
5532 9580
6416 3380
6474 3827
3586 8470
7798 1607
1485 902
8946 6033
2344 236
193 1036
1962 9675
5853 8982
5839 9474
7538 4125
7143 2615
4101 98
5675 9633
757 3169
3012 7231
8075 6598
6779 5872
9284 8264
7853 9308
5376 196
9545 5569
1232 1506
6322 8164
1566 3239
8717 9104
7364 5859
2797 1464
7036 9551
2175 8872
2719 5187
6103 793
2863 3960
6665 2146
3303 4517
2533 8679
5792 2077
5326 8103
4662 2727
7346 6228
5966 6062
5332 4409
2999 9208
6952 1113
8759 9128
9986 2556
4314 7167
4429 8257
1126 1093
402 5508
6690 2935
5265 3560
6091 1670
1663 1831
4397 87
8060 362
7228 4470
5850 226
3677 2802
2418 3514
1929 2403
7150 7322
9570 1578
5578 1775
2671 7060
8362 439
1073 3627
4000 8244
6376 6742
74 772
6829 8134
2213 4056
3682 8064
5361 8439
865 7779
1952 3873
182 180
1194 830
1758 7852
3684 5509
5990 2046
5948 7063
6752 1026
5306 3127
7768 5381
4978 5675
4593 7191
809 8276
5254 6170
7793 6119
3949 823
9992 5210
1004 2265
7119 2762
1195 1882
8271 7185
5007 5298
4247 1758
6324 632
5964 5171
7092 941
845 2763
8132 1655
2117 3386
8904 9910
583 3931
733 1654
219 1737
4998 8418
5578 6193
299 3849
3377 5306
225 8703
7064 7628
413 4106
2798 8584
5047 4723
1347 3178
7457 3464
7643 7439
3374 9306
1370 5186
959 1589
6923 7036
6 3579
3228 1384
7428 7684
6690 8732
7465 4832
6360 7879
8938 236
7541 5063
6038 8888
9321 3494
2352 6963
933 6805
7347 3382
1990 8306
6050 9992
5341 7136
3570 9648
8520 2077
7331 5210
1887 5875
1120 8247
4832 58
9563 2372
5121 5600
1260 4441
173 4691
2483 2185
2574 9830
5567 5643
9215 2695
5634 5634
9831 282
5282 9430
3438 3691
5718 5326
9566 6838
3572 5476
7975 4213
7849 4175
9814 187
8616 9987
4878 2177
2171 8531
3086 8817
4173 2300
1511 885
9013 1342
1167 4294
771 5685
9065 6489
1010 9709
4405 5661
5185 2380
9875 4112
6555 9688
4299 6249
752 255
8427 2923
8786 2591
2818 4037
5970 4329
4922 4982
6750 7168
355 7521
2852 9420
5088 3862
206 9494
602 5391
2952 476
581 9507
1242 4880
5755 1994
6214 5260
5996 6078
8930 8814
114 4899
3142 5036
9882 9893
3283 236
8492 6135
734 4659
1076 940
5231 1678
7411 8183
3233 7992
8768 4475
3951 5601
7548 164
1940 3543
6243 869
3435 6357
5769 7656
2472 5650
8627 5755
6965 8198
2968 7699
2856 4044
8639 9166
5722 7128
8427 8955
5120 7194
4508 149
3873 2055
313 5813
6677 7635
6683 1190
3992 3530
8847 7543
258 7473
3297 7223
6749 6265
4921 9605
1388 4638
8770 7110
2845 7196
7144 7965
5468 2730
8114 9342
4786 9506
6233 2541
7141 3994
3732 2211
7524 3657
9754 7782
2208 4129
6083 8958
1472 2082
9641 2860
6721 9490
1049 644
7764 8193
8609 3232
922 7801
3652 6787
8385 9885
407 6604
4958 5218
8815 2481
9954 9647
1342 2161
3775 8504
2197 5248
586 1838
8108 8386
1327 235
9030 9091
8428 8717
3401 429
7596 7053
8295 5980
8017 8702
2584 4053
4998 2477
7613 4951
2124 8955
8192 5899
7459 388
2225 9124
3305 1412
7509 4632
1647 6538
4802 1154
5254 9282
1583 2849
7414 956
9908 5430
737 2491
561 5735
4969 8174
1765 8172
8208 9957
4070 6745
1423 7375
5868 4729
8787 3376
439 433
9914 6320
1587 5167
5602 4249
9095 3015
5206 9002
9524 5943
2572 84
2756 7541
8258 4521
5712 6465
5556 860
3209 6980
8235 9077
2787 8100
3531 3226
8534 3444
625 1199
9690 6227
5449 8784
9242 1733
8865 8765
8755 1436
9928 1510
55 8185
7111 6846
5729 2666
7706 16
724 7020
172 3511
5119 3703
7817 4731
8227 8442
5931 7916
4668 2458
7779 4988
5270 6643
4831 4024
9158 4758
5534 9213
4021 2644
6058 9750
5311 4842
845 6035
2940 1017
625 8060
4720 8442
3869 4025
6883 9800
1941 2629
3336 798
7617 8606
8520 3526
2629 7677
8284 9243
7968 2304
1886 5104
3133 8276
9946 3978
5390 2886
6074 7094
2024 1872
5535 5893
5898 3496
6772 8918
6125 107
794 4820
9793 9314
8346 3500
8069 7708
2742 6036
1090 5708
1139 4223
3983 2163
9280 451
6128 5353
7545 9231
7226 4158
5124 4202
7654 2974
3119 4857
4160 3913
755 3952
4305 179
7453 2373
7887 1273
9488 8978
6981 1705
4279 2043
3868 3559
3573 1075
9991 1118
305 8295
6355 5429
2496 4009
9482 5615
9945 3642
606 700
8673 4911
1958 7204
8363 9846
8478 7850
9902 6537
9555 4180
8580 4502
8818 2153
5577 8809
4350 5882
8182 704
2390 678
5792 2950
7372 5737
6592 7979
7516 6344
3968 9474
3547 2331
397 3103
180 298
9641 814
5558 8220
6395 5454
1451 1971
5341 5801
8932 3523
6506 2400
4201 2297
5351 1572
9113 1942
629 6628
9365 4598
7181 2912
8008 7578
7094 9267
8956 6734
80 5592
4954 7554
1045 7484
9525 6387
3285 8457
9910 869
1935 5189
3166 7286
6761 2279
307 8470
9986 9672
4146 7166
2583 2153
5823 9678
1419 4778
7490 2579
369 3522
132 1414
1006 736
8880 4291
271 8789
5160 2206
3977 9405
9493 1817
2762 9800
1365 2748
9471 5511
992 3133
8743 6815
3889 1240
1592 2457
4898 3040
5980 5031
5534 6986
6846 4413
2355 8196
3202 7515
401 8258
7998 972
74 760
1850 2518
3508 2400
8029 5579
6612 6771
2394 500
8012 5065
4036 2909
8106 15
9019 4718
7001 6943
9131 434
5138 3411
9028 6619
1669 7026
7591 2822
7786 9442
5341 2372
1841 4448
7951 8453
1219 1423
31 309
6489 4067
4297 5673
5162 4395
390 3241
1337 9521
3676 6476
2932 2703
3094 5680
9729 1763
8502 8593
2283 4921
2043 4124
9370 9995
3655 1667
1417 4765
3055 8985
9912 7352
4657 5073
1746 5047
8314 4163
4568 3068
1717 8579
6851 4811
4258 7658
7653 3838
6251 9937
9839 8294
5139 286
9367 8795
1953 1863
4638 6087
847 4549
3438 5505
700 6264
1630 93
426 7277
3161 2143
5855 11
8033 1191
7670 6764
5030 4999
6700 5947
4371 1839
6233 3738
1712 9265
6680 7429
5351 7527
1978 9868
4110 3757
6131 5741
3850 7636
3017 8091
857 9952
9181 9969
1142 7929
6733 7251
2927 4511
3197 8378
7429 9430
2115 219
8694 9874
7649 5123
7400 9627
4991 2589
3383 1121
9409 8313
9837 3504
6403 1772
3455 5583
2820 5677
3512 631
2927 7518
5142 6125
5895 3650
6633 9089
3869 6406
8962 1517
1528 7441
2222 6519
29 5606
8720 516
4997 9635
4020 1399
1406 8555
6982 4226
4231 1572
4857 7158
9091 1078
4361 6064
4728 2073
5153 8597
8479 4114
1193 6
2633 3415
7605 2662
99 6324
4257 5096
5958 8278
6495 8443
6832 4556
2669 2141
7207 8605
377 7376
761 4739
3440 5489
7891 9672
5165 6369
3785 6358
7454 6419
9773 5058
159 951
1381 4417
6047 8418
3773 3621
6861 1683
9256 608
3824 6462
9213 4201
3838 1053
18 8357
6542 7909
8028 2785
5356 2891
9143 2810
388 9995
7868 548
945 328
6044 8071
8746 9817
1691 6685
2578 946
7293 7481
8488 7585
1681 2325
8638 2779
1760 6258
1766 9788
9044 7123
2678 9265
9933 3067
9259 8879
4694 1282
9207 1816
9354 9032
2711 2123
5716 5289
3070 4088
2769 1557
1672 5529
4961 309
8308 6721
6567 1153
7587 5610
8276 1343
5954 9287
5489 5212
8165 182
7574 8451
1998 6927
7482 4709
9050 4276
1076 3198
8364 3845
5834 1114
453 1873
1423 9840
9673 9070
992 7259
5758 9268
9682 1711
8554 5170
8003 7798
6432 5576
6248 8430
3581 4808
4218 2630
162 6373
6908 8527
1297 2741
9641 1750
4615 2143
1589 4287
2291 2582
2625 8049
2928 2306
839 1482
7476 8842
358 3907
4417 6606
3416 7998
2492 8713
1706 2654
5085 9693
2259 7461
3513 2979
9211 8128
5122 1879
3493 7413
4461 7197
6540 7389
581 7379
9950 9137
6220 1386
3043 1715
7992 7538
9713 1562
7329 2498
5296 3493
2190 7555
953 5703
533 1243
4909 6734
3122 9482
4146 7583
6678 1765
6050 8339
9144 7079
7475 5364
8465 1596
7079 7536
9135 7871
9098 7542
368 5472
1034 3637
3027 3067
9341 4639
4310 5328
1373 7432
4809 6598
6093 2566
8363 3221
904 7507
299 8379
3949 9844
9975 2106
7379 187
9977 7555
7730 1423
3027 9843
6140 7133
2909 6559
1771 8298
1886 3144
5729 7775
9743 2900
340 8105
6122 2323
6690 6421
1780 638
7343 2833
3824 4721
3021 4879
3355 1829
6303 6382
2750 3521
3514 5660
79 5285
5036 1965
9509 1844
9740 9251
4744 1158
8434 865
3481 5124
8366 6340
6841 6787
9174 664
1508 2194
5544 4863
5102 2925
2323 7852
6446 6916
4590 7604
3279 9627
9569 2787
1470 387
3116 7293
2624 1550
9238 6106
7753 8682
3524 4593
5468 2697
6337 8055
4891 1880
2917 1071
5884 6319
8924 2329
3234 3513
9933 6514
4218 579
379 6767
2045 3496
4060 4670
5046 4376
1854 3877
3057 5378
8470 9604
8076 4806
7659 4045
7765 1654
5117 3648
7974 4040
7056 1207
8632 8067
8800 3929
8647 258
695 1770
3754 5834
6440 9879
209 8294
3755 4345
3672 3303
3949 2826
8110 1607
6871 5874
3261 1987
601 2313
7106 7657
4600 6817
5724 3399
745 5449
3657 2519
7219 8490
9433 4738
8368 720
4110 3201
5066 7782
6505 93
1686 5693
2779 8558
2645 6040
1623 3246
9433 9809
1982 4032
6625 8785
7431 8449
4233 2167
2046 2530
1735 1478
7268 1182
2199 1378
4383 8344
238 1966
8437 1925
8738 1215
1561 1383
8334 4263
5708 7766
4071 7690
1797 1774
6474 307
1301 1785
3553 3348
5395 5288
5905 2662
7549 9183
5119 3011
7526 6437
4977 5962
9441 4794
8256 2080
6177 6590
6343 2963
4355 414
1732 7232
3267 8206
8618 4569
1070 2170
8996 6465
8537 4900
205 6086
4083 6404
9097 2687
2840 5152
8650 3359
9946 7984
5439 7201
4573 1781
164 7
3274 1896
8318 6542
1180 6935
2189 3329
9105 1184
872 8720
7163 1078
4805 2324
7482 4980
5012 1400
1211 4740
4759 2235
2723 197
9437 8376
3057 679
9462 6332
3654 7779
3952 5913
4713 6141
9243 4896
8404 114
3615 6645
2271 9500
8970 831
4479 5060
2231 6769
878 8069
9005 4680
9345 9520
3055 2402
198 2516
9813 4931
1373 4843
843 6086
983 1164
2060 465
2358 5676
7110 4629
6254 7158
6540 1811
3296 8771
8581 4174
6840 7585
8855 7263
8183 2988
9665 8381
6584 555
4390 7957
5398 5233
5122 7460
7477 7182
7925 9835
3936 6114
5542 189
3271 2081
2001 6568
1931 581
1820 9850
9245 674
7112 7427
4742 7856
6886 1325
8411 1275
9282 3809
7587 4403
2347 5063
2664 272
5976 6600
7465 2597
7869 1814
5757 9870
8382 7688
1529 1281
8616 773
3034 5728
9279 7776
4662 6164
9101 3072
7439 8383
7960 6104
3864 307
1167 7607
1658 8222
5286 9123
818 3154
936 6576
3023 397
5342 4552
2757 3958
6404 5791
764 5682
3567 5426
2924 2667
9577 1441
2128 7537
7545 7072
8923 9791
4678 1659
8013 9964
1860 9910
4196 2796
7564 7219
4272 3985
2849 7029
9022 331
2820 9786
7092 7466
6290 1094
132 5866
2535 3340
4481 1159
1490 3403
949 7247
6141 40
8290 8001
1029 2485
1876 9672
783 6148
3656 4711
4256 2677
5043 8155
3541 3213
5620 9831
4308 6831
5697 6843
1249 177
9081 2739
4660 30
9987 800
1149 8276
8802 2178
760 677
1850 2622
7904 6585
7334 2159
9263 3455
1392 2803
6668 7012
2634 2054
4922 9410
9977 6171
9587 9057
9990 4246
165 9976
5047 1315
9330 3848
4572 89
5604 6422
3791 3507
4086 1124
6746 3348
4579 8138
7230 2325
5150 942
4380 1150
351 4356
7321 1017
3412 7310
5263 3578
8364 1388
5972 7693
6315 543
8862 1918
8045 2652
6505 2130
3776 3250
6557 9434
1387 3786
1758 7616
5808 7217
8766 6159
1572 7166
8255 6064
5554 3518
720 3918
5985 6692
2689 2300
8314 1550
5297 6358
5281 1801
9567 135
5051 6123
9569 6439
988 2406
5133 6796
701 3899
4033 3353
1064 2288
495 6618
6885 1215
1614 2869
8986 4304
6248 7299
6933 1545
4736 2214
4425 4302
2349 9477
425 2997
6994 2492
6482 2126
366 7183
7104 4399
535 8168
7766 1030
5865 5729
3324 7479
8599 2309
2861 5925
687 9795
8549 5423
3087 2974
9725 5436
2450 1228
9512 522
3720 5993
3727 4086
4255 831
9565 4790
8999 8409
6900 5942
4138 1302
4500 3815
4691 7361
9740 5378
8234 8289
800 1320
1262 1603
7836 4791
2832 7347
6392 7631
4419 118
2796 8674
949 3439
4542 1027
1847 1441
6969 7064
3823 1468
878 8514
9909 1697
3891 9221
9986 5770
541 2326
7373 9456
8196 204
6802 4587
7836 1220
4705 1710
9894 6734
5149 4436
7761 6996
6956 4729
4060 1857
7277 6017
370 8264
7714 5340
7484 8778
1109 9104
1103 8483
8559 9299
8687 6440
4964 7601
7660 748
389 8633
7482 5538
4147 5242
3613 2181
1049 8752
4039 9405
4768 5488
7668 2482
828 6231
1259 1937
5334 3442
419 4972
3819 185
1411 8784
8865 149
9532 333
9861 8092
5871 5086
3333 562
8347 5461
9314 2385
4866 5161
8952 3612
8722 9780
921 1059
2796 7335
4501 4294
2306 9400
5558 4796
8183 5502
6024 8793
5835 6964
7963 2784
2049 2374
3347 395
7835 3739
3859 3779
8900 2811
8471 7621
3669 9392
9760 7544
6726 4260
1838 110
3659 8475
4906 2920
3976 930
2791 889
7894 753
3674 1021
3127 8100
1417 2041
1838 5276
5820 738
9166 5369
9438 3914
4761 9197
1457 1486
4536 3295
1597 9274
1770 7582
2194 6825
9591 6064
7715 8563
6818 1388
9585 1023
9488 2080
4143 2404
8435 1042
3142 7601
6411 3659
1514 1171
3934 2971
3737 8470
7346 6413
7744 194
3994 1016
7019 3585
7080 5812
3226 4976
8279 2810
7079 7766
5969 1221
170 4404
3342 4391
3083 9754
9129 5676
2003 3063
9726 5740
2611 7071
3231 1433
8344 7226
2449 6442
1889 608
2253 6194
6663 532
9005 4820
9377 6052
7121 9547
455 462
5017 3538
1294 5224
9214 3298
9366 18
116 1977
7089 3348
3410 6512
1652 6939
2953 4620
8626 5206
813 6367
5738 896
1187 5115
6949 8308
5740 7404
8770 1835
2021 64
7060 2313
4441 6425
2331 4557
9481 499
8984 3970
7011 635
908 1042
6334 612
6248 7148
6979 3065
9123 8166
8180 6071
7552 4998
4554 7401
7913 7654
8544 4972
9967 2984
2475 3377
8620 3035
4955 7604
7005 3044
9318 8992
4086 5652
9604 1412
3878 6582
4477 3000
5827 3735
150 3378
9813 4704
778 7725
3436 9322
2696 3402
2305 6250
7858 2004
363 2812
9608 7368
6935 8925
6359 1020
5655 7041
3512 611
3623 7989
4691 528
2803 4841
3906 2615
623 5764
339 4059
5085 4114
8540 8470
1442 6398
473 1806
288 1159
9174 8303
1162 6612
401 7897
3652 3913
8508 8354
2981 3198
8882 5784
9118 3867
8399 819
9631 8738
5957 5794
3930 4497
5342 5372
1973 5815
7178 3340
6974 6352
1642 9216
2963 2044
7112 7694
7036 5619
6048 16
9897 4929
6879 92
9875 5277
912 9505
5093 7948
6378 9023
2444 1719
4395 5496
7535 1572
8837 5587
9003 1557
5881 1965
4680 2992
9660 1716
9691 6786
2811 9587
2793 9691
757 2668
6046 2748
3251 1139
696 9629
1240 4219
1348 6714
9716 9962
8287 8552
6627 7289
1187 2508
333 5868
6579 1071
8663 6269
8936 1473
6934 1728
2242 7692
5475 8289
1518 8727
506 2214
9434 1746
6434 781
8461 6149
1821 7826
5779 9528
6193 6966
3114 7605
2833 9693
9755 1495
5962 8690
4048 2895
418 6290
1665 5893
5657 3184
5698 6163
5398 5132
8989 2910
6992 8528
137 9893
7432 5916
9420 3624
3961 2533
2308 6794
3304 2062
9369 9266
752 4495
3240 2249
1863 4905
9221 7521
8089 4919
4762 4566
1129 3750
7476 8121
3356 7614
8013 787
4608 8511
5491 8569
2122 7799
6442 5427
939 6889
5771 1691
1383 9011
5019 3246
3916 5319
766 3083
237 5529
7649 2445
357 6204
565 4793
3817 9658
6659 9504
8168 2149
8073 1369
1026 5593
6796 1966
2481 2566
4736 3864
1577 834
7110 6572
6153 8956
9655 7469
5563 8383
9914 6999
4586 1557
1791 9482
1214 9530
8985 461
2757 8136
1830 3784
3728 9705
6829 6209
3349 2643
1151 6005
3477 8262
2576 708
8296 3310
8177 3858
1692 9169
1935 7357
726 4806
6838 1940
4335 6901
3480 7092
5037 6389
1954 9844
6093 8783
7132 9443
2505 8283
6526 7061
7623 9103
7770 5918
2412 7025
854 5183
6194 2790
2539 7999
7596 9377
1017 1930
7356 4498
100 3471
886 2055
3315 8059
1916 446
8580 5500
8729 5105
2561 6352
5286 1409
3348 8777
8434 4203
5038 5706
8072 7577
3704 6746
8032 4722
9755 5388
9220 9855
8859 1184
2988 3252
321 5984
3698 9980
1483 3506
6164 4044
936 1449
5453 4284
1305 4966
9566 6343
671 7637
3920 5455
4382 3030
176 4136
9497 474
5070 8356
2737 8058
2686 3059
4041 6385
4117 5525
969 280
647 1905
1730 7180
6189 4114
2145 6834
456 3895
5549 4376
9350 9932
8486 604
5146 7982
1078 1294
7416 4895
9353 102
7954 4472
7566 3149
9997 8535
3430 1723
439 6239
8903 7707
352 2126
4540 808
7100 1168
6264 6450
2178 5828
8133 7324
3809 290
8619 1225
5185 9050
2406 4217
3521 9972
7366 4597
8506 795
6320 23
8113 6301
7730 9544
9506 3349
352 6605
4517 7695
4133 6695
3522 2266
5097 8410
2556 4794
713 7741
3843 3119
1957 8444
3090 401
3040 1595
2276 438
1618 388
7818 427
9933 7323
3776 1363
3927 9372
136 8061
7145 4737
1405 2241
3146 3961
7036 3860
2780 1957
6979 5816
400 69
6217 4519
2743 8493
6036 5441
9961 4932
5868 9893
2254 722
2334 7261
1172 2470
5321 8317
7207 7805
557 352
1765 8672
5291 5624
1708 2270
1439 3187
3418 7656
7707 6161
7228 4821
2680 7188
9754 9627
8159 2007
348 492
346 1520
4041 5667
915 1247
3471 2552
2678 6315
1223 7970
1938 2931
1318 4456
6119 4736
2112 4904
1975 418
803 5735
8685 556
5361 6843
3643 6789
8414 3989
8309 3533
735 303
5859 5285
2855 9616
1600 4078
8664 4617
8089 9982
9074 5286
5796 2264
1268 8851
3761 2071
4585 2445
2628 1024
366 7350
7813 9859
1338 7201
3391 2073
7504 328
8438 358
9944 1116
5515 8608
5733 4682
9668 5885
1046 6543
8149 2314
5393 2988
4386 1056
5433 8093
3159 5799
5442 972
6736 7859
8173 126
1011 6755
454 9449
7113 1477
564 3706
84 7376
8389 830
3261 9435
7373 2488
2828 3844
5477 8293
5979 1988
6385 9139
8867 2905
110 5602
763 9362
5729 2853
6116 7262
2301 4307
9818 3944
8013 980
2399 7480
1811 5660
7994 262
9227 821
4107 5782
192 85
8850 6577
302 7716
560 1491
3317 2402
852 124
5256 6968
8466 7557
1274 8283
2580 366
9264 4979
7846 2153
1717 6918
2415 2022
8818 7601
8884 9010
8766 7733
6665 9068
5448 7225
559 8765
9628 1411
9969 4883
9459 8434
3518 1811
7795 7177
3256 7058
2155 2181
289 3872
9099 2705
6974 7917
305 5857
8005 9071
3589 4670
9218 9037
2973 9777
8880 2600
2266 8848
8562 2803
8360 3159
5694 6155
335 8950
4291 2491
1130 4581
7442 1308
8365 4415
303 9749
1350 8308
9899 4939
4056 9116
5054 7030
9971 5013
9630 3315
3860 9271
6119 3299
2429 2891
9454 2764
1840 3744
6334 4050
9404 4855
6437 7768
348 6740
7517 1699
6126 7415
6638 182
7609 2771
8291 7579
7784 8999
1972 2722
8269 9170
6021 1776
2060 5474
5620 4980
297 3032
9030 9701
7887 5466
8548 9315
3284 7143
1013 9410
4557 8730
670 3244
1500 39
1901 362
9039 3873
3085 7307
3043 9106
162 6182
5659 5782
1161 7035
8814 190
6735 7780
6735 6361
7094 18
3503 8107
507 9139
7915 2256
2382 494
2296 5362
856 1334
9236 3941
9720 3357
4126 960
9539 9785
6742 1779
7898 6635
1969 4632
5493 9784
2072 2586
880 5575
1771 2466
4714 9686
4723 8175
179 8098
3537 2115
510 3851
6056 1308
8287 1260
2269 8904
2123 89
682 20
6724 3731
5732 2216
3514 7804
5881 4394
4457 7652
7940 9171
8417 2662
8425 9675
1838 3040
1789 2348
7970 8925
4735 6256
184 7004
6238 2308
8173 6921
2328 5975
651 8060
9271 5244
6942 5151
716 1399
3882 8656
1648 2298
2396 72
3051 4234
4191 4841
7661 2160
3765 3475
9495 5028
478 5733
7336 9730
3732 743
5705 4383
9882 4975
705 6824
125 1421
8223 5086
77 949
8463 3552
2101 1514
8866 6292
7434 6526
9532 2277
1079 9026
7305 1558
5837 4641
1287 9569
5384 8071
3951 6344
3045 5735
3167 4250
7157 2468
9336 8313
3418 7799
1864 5519
391 729
1810 7825
8335 2420
101 9414
1446 7406
2050 7283
3125 4417
6852 9588
2487 1881
5932 5533
7617 177
861 5852
2646 196
4164 7143
9074 7107
2661 543
8916 5550
8368 8329
7971 9548
7742 495
8033 871
8857 2236
5288 5708
1824 8854
8669 8835
5465 7364
9012 6326
3215 2736
7602 8458
9879 7754
5564 3618
8298 5558
9169 7744
3886 8218
7292 1628
8713 6403
3578 8648
8639 9945
4356 462
8798 4103
375 5342
1466 466
2746 5760
3202 347
4217 3081
9181 859
7778 7478
6418 6946
5221 303
6242 3591
3010 6033
9994 6588
4681 8633
7611 115
173 7488
4218 549
2829 6763
1015 5575
2522 5296
7002 7818
9456 7261
9756 7234
4738 6173
5258 1037
7556 1500
4629 1644
7533 5701
9312 3292
4333 6922
3407 5586
4409 8704
7214 8317
5466 9308
4971 9067
4603 3051
6884 4059
311 6640
1292 5049
3891 6550
7165 2525
9129 1793
4170 7741
8574 3481
1032 2906
1481 5519
9571 5891
4222 6784
5286 9689
6091 256
9834 694
3307 6718
5832 3618
4436 8203
9746 9406
5831 6911
1931 4960
9783 6101
3779 8356
660 5890
1262 2141
1408 1911
9111 6710
8696 4397
6398 5865
4653 7310
7638 9040
4027 3469
2657 9542
1671 3482
8948 8582
392 878
4620 174
8058 8399
8531 9797
4288 871
1937 6776
2782 2127
3485 2556
6524 961
8422 2255
8271 6059
2373 3377
9529 6110
2918 2278
9592 2944
1938 9984
4901 6558
157 4037
6035 9767
3833 1402
637 6850
8178 4499
8977 2741
7055 6579
3702 5476
9913 3051
1535 2286
6428 2142
9475 425
5499 9066
4448 7438
127 9350
3995 1363
4465 1109
1130 8299
2511 2846
6227 1767
7345 5203
4508 4400
2860 9289
9876 3851
2339 2489
6137 9847
4631 6690
1350 1209
5755 5798
8647 5882
6226 3720
8325 1770
4829 9455
68 8419
2300 7374
185 724
2576 5772
5124 6515
5060 6078
365 8479
8568 7582
8325 4277
4271 753
5486 1105
7630 5211
8066 3856
10 6390
6705 4839
6923 6773
4337 302
4146 4522
1026 7801
294 7229
5394 6433
3306 5759
4911 2952
3340 3235
8309 8691
3988 4873
9796 1618
84 7861
6553 94
5330 3257
6012 2252
1108 348
2554 6333
5950 3580
5212 7323
808 605
3755 5194
7443 8667
8146 1862
2980 7533
552 8048
2406 1426
744 3569
9287 7297
4742 4616
1632 753
7948 3819
2181 501
1230 9210
5161 6442
6532 5969
8126 286
2241 5568
31 387
8509 3012
7920 9061
1059 1404
1565 1803
4973 1931
178 9715
6547 1810
1547 5573
6708 3728
6075 7938
4016 1235
5458 547
8283 3583
1912 524
229 1944
1990 8739
6035 988
8878 7094
2393 443
9976 8445
3453 153
8160 1078
3042 9707
6652 828
4513 2726
8766 8529
5040 4223
154 3322
8885 3145
4925 9114
5089 6915
8931 2202
7904 8888
374 1375
409 349
9820 3862
1581 9058
4940 5702
8764 1591
6530 4355
5396 6374
3962 435
596 5195
3758 559
8341 8683
9674 4508
6677 9683
6711 4580
8570 7085
7034 8979
8514 6853
3919 94
5911 8860
6876 5753
1529 3405
1187 6926
858 5149
7361 2533
1423 2197
3093 9764
1959 3845
4271 8636
3527 2060
4294 3176
9146 1327
2154 8738
8180 7153
8832 5169
6012 6786
922 7541
1270 2109
4466 2128
8337 2906
4661 838
5103 7754
601 7062
1598 5952
6776 6205
8012 1069
9381 8236
2396 2613
8052 1655
9766 7963
6824 6856
4748 8825
4397 6018
2012 9942
8146 1428
3926 2807
2266 9030
1639 3947
7170 3238
9899 3946
521 8989
6094 9902
8304 8491
2514 6355
1224 2280
4317 9127
9136 144
7952 4611
6162 1042
5632 4308
2470 9558
8194 4737
9666 9833
8684 7915
4149 9661
2939 4670
9728 9033
5650 8031
8602 8165
5465 9826
1523 860
8953 1737
1004 7983
7428 7167
9025 3059
2553 1495
3695 746
7311 4440
1657 7073
2354 5807
6733 5293
1555 6460
4325 7206
5570 4006
6449 1034
3831 9051
1894 3862
787 3978
1844 8215
1144 869
2352 3697
3443 6048
4443 1832
487 7179
8905 3920
2985 6716
9213 5620
4254 4616
3904 902
8622 352
1936 3532
9403 4910
7394 1268
8888 317
562 1110
1186 2914
4807 5708
40 328
7540 1606
7507 7523
6605 1571
4238 5817
7191 8492
1512 1094
9395 1212
2525 2409
4744 3006
8398 3217
4274 8364
3534 5915
9474 5799
9909 4280
1506 9949
5687 9046
2634 3194
6568 9239
4765 1884
6135 3034
1454 7647
5207 1927
9938 8811
5416 4682
1816 3813
7899 7169
3256 2511
3084 2729
8310 2992
8089 9816
4019 3775
9940 7732
8048 7586
8050 3891
9470 4184
8004 2002
2909 3210
3930 2846
2020 9346
8607 4915
4237 6505
3163 7493
94 7326
1301 8404
1396 9390
9298 5415
4243 9237
4226 2291
6822 2275
6182 7370
6459 4186
451 446
8475 4381
3292 1574
4805 1899
6489 120
9483 9652
7614 656
6977 8915
9060 8373
9383 8358
4867 3625
8673 171
5916 5495
2446 3177
3943 9984
8442 4394
429 7995
9854 4800
9569 4658
7778 7137
4779 8340
6788 3471
8996 4844
3464 8055
4295 2846
7491 240
6471 6164
411 3466
2737 2857
6643 7759
2840 6163
3232 4348
4157 3085
227 4805
8823 8005
1941 4680
7423 9808
9230 6418
4651 2693
5552 8947
5539 4121
265 3088
284 677
6554 3021
3534 4275
1859 7454
1516 5091
2880 6753
8176 3107
1557 8077
2191 3498
3835 9614
3305 3064
7111 9036
5757 2662
9061 2374
7862 9326
6542 8147
2 3095
2246 4616
8450 4105
3148 9966
9196 6028
6718 8451
9136 9354
7606 2405
2851 1441
2018 7236
5584 9129
6271 2420
2869 5331
4794 731
4656 2414
9957 5738
5510 2202
353 5038
7387 3501
5003 7661
607 2800
7190 821
2153 4796
3226 6084
7316 6324
3319 2899
5452 668
5319 9401
5999 1192
1210 1733
3606 1166
7471 194
3368 8903
5232 1833
3482 1314
9495 4090
5193 6684
4911 7346
2558 9217
4508 952
5540 7827
4931 2070
8495 249
1470 5572
2520 2680
7306 7206
3846 5855
8479 8294
5837 4790
126 9319
6104 699
4487 1296
8463 477
9721 2099
9694 4229
3052 5233
3134 7983
8382 1629
9311 9853
8280 2910
3611 5585
115 8537
2519 8594
6830 8356
3383 8035
7674 565
8735 3240
2940 8276
3717 2661
374 3410
7969 3426
9722 1102
2487 8103
3810 1798
9034 3169
4708 2645
8754 5902
1181 2351
4495 9090
706 8958
7124 9460
601 6937
2699 3542
6291 7495
7282 6666
1983 6329
1170 1704
8510 3658
885 3399
5456 9920
6568 1242
3643 6400
7144 5903
8752 2717
4992 536
2753 3194
9996 3355
1210 3773
7976 7501
2346 5257
5245 4329
2664 6416
6033 1173
73 7998
4572 6608
8996 1139
7850 2638
7540 4993
9620 7370
8789 4611
7906 1542
8884 8981
4897 1172
3832 2872
9753 6179
9208 4997
507 1871
1412 7620
4123 2564
5617 8696
9172 4612
913 8100
8329 9532
4171 7948
6901 2960
3637 4807
4502 3599
3787 477
4772 8698
3349 4524
4876 3635
9521 5384
6585 2012
3003 707
4576 9699
481 4827
4310 1395
2926 3717
926 7098
1664 8907
57 6380
3713 5638
9979 8579
6115 5829
7276 542
352 3231
4177 952
8615 1840
4043 2696
3626 8619
2394 4108
4524 7783
6582 8530
1499 7508
5627 3163
7493 6763
621 1205
3479 599
862 9594
6429 9218
1214 7860
2448 6470
8812 2141
8310 2854
4837 1935
2552 8310
6043 8155
6092 2624
6684 8670
1211 2310
1832 8704
151 3532
988 3630
4131 2929
4302 1638
2146 5516
9499 4594
1985 9389
7814 1373
3322 2650
3309 6953
2038 430
5107 8130
4134 1791
6799 6424
5180 9710
5127 6411
4320 7194
1119 8452
123 5422
1168 3348
2016 666
7943 5081
1134 6835
6454 5535
9486 841
2487 2602
2351 7594
732 6485
463 8610
3987 6723
9399 9114
3133 3718
7387 4252
3248 7510
752 4417
857 3848
6162 9879
8929 8375
6714 6461
3909 7278
8382 6396
9880 732
5069 1690
8296 6611
1379 2282
3333 1856
2474 6466
6653 939
1797 9902
9528 3628
5397 1464
7476 2637
1342 7483
1012 9135
3944 4921
7491 3404
2396 8450
5215 8544
1218 3510
6233 3676
6871 9567
5532 423
7111 3264
1363 9987
3165 890
3615 9641
2354 1090
2277 4776
8574 3289
4989 3596
9290 3559
7000 2764
3087 3293
2386 4305
6803 8619
7982 4752
9264 4592
6254 6375
7856 7617
7440 2099
9587 1054
1739 3019
3224 4017
8874 2876
8385 4942
6472 8753
8501 4550
1516 1587
7843 3902
6971 5724
3600 6031
1554 2863
1702 7808
316 9558
6504 7757
2736 6090
9890 5554
187 3113
9571 140
5989 9035
5082 3539
7787 3582
9168 382
6248 8089
4284 4297
4891 8963
328 6445
1826 2030
4253 3221
2666 1835
2056 6481
9004 1946
2035 9191
6138 2684
9331 3206
1718 5491
7824 584
151 6992
966 6399
6159 6329
696 1050
5292 2103
7495 8197
4133 2826
1417 7878
4661 4553
4359 3664
6499 6394
3934 2636
156 4343
6921 1875
9835 4745
3538 9986
2815 4504
7464 8974
832 9239
23 7203
1341 8598
6478 6553
1423 8975
4430 7164
3527 9868
1906 25
7340 5840
3740 7497
1262 1740
9372 1096
6485 2909
2160 9300
8492 9624
8273 402
8862 9376
8685 202
7973 5162
6755 474
4136 2264
8717 7663
2131 623
8767 9472
7542 2507
6968 8804
4247 7418
978 1810
1405 3139
1109 9897
2762 460
1377 2703
914 61
2905 8887
5224 739
440 9360
4082 9157
8102 6213
858 6868
6763 8401
453 4809
8283 5779
2226 340
7589 3631
3479 9777
4606 7320
1316 5984
1101 2230
6045 5086
2196 2347
5825 3715
1707 9907
2871 9809
7198 4809
7755 3961
4288 8209
8770 2570
5066 2075
3989 3734
6785 8547
3510 1391
6946 5905
8454 8047
9215 4498
3132 1410
6846 35
6204 9632
1020 9075
518 8219
4962 8273
3258 9250
7560 3106
2899 3705
5181 6888
7439 1966
5435 2027
4436 2380
7933 2889
426 7147
8466 4638
9636 6390
5752 5839
7100 6773
5992 7618
6070 954
6970 9328
203 5608
3512 3102
9313 9773
1069 6751
2817 6504
8779 7253
9963 7790
1220 388
4936 764
6105 5650
7155 1857
1488 4254
8630 8559
2951 5778
9513 999
5105 795
6607 9696
4976 6999
9468 6045
4828 2284
3627 3606
615 3589
2474 2914
5057 8489
3679 1161
4138 1912
4097 6705
6166 3805
5264 195
9583 5855
1194 5766
7729 8881
5462 3784
5879 6008
9829 706
8293 4535
5392 9987
8124 7866
2901 3180
6355 7659
5421 1571
9571 9518
8277 6815
3323 4619
7011 2905
1552 8205
9751 9282
7085 5212
4144 4042
1219 5051
4749 590
9586 140
1656 7710
9085 5636
889 5439
3294 6310
8090 3943
6907 6366
757 229
2063 7768
4213 3615
7052 3963
3975 4136
253 8119
9258 2552
3170 4006
4221 2755
5225 6956
1543 4309
2591 2433
827 6964
9822 8917
906 6728
6361 1664
8036 8424
510 3328
3117 7562
8370 7093
2777 9703
6290 2034
2254 538
6040 7554
4373 2343
4510 5916
6652 8180
9428 8558
5144 9250
7474 7129
7056 4913
8793 6171
3336 9304
9499 6454
7944 7868
4625 720
7570 914
2754 902
1453 9873
9536 5826
2215 4045
2820 9947
3303 2248
9583 9526
1497 8136
6655 9632
3048 6526
5802 7464
6908 6379
3917 4852
5326 8542
5572 2895
534 9406
4877 3066
356 4412
9971 3651
9536 2791
4676 2838
5039 4258
2364 7615
2393 9019
7246 6521
6623 4127
3984 3531
505 7901
8383 5831
7521 5033
9806 9134
4438 5761
2200 5874
172 3249
9525 786
6040 4200
3624 2157
9537 5988
9772 3009
6085 8097
9530 2708
3302 3513
6239 4886
2492 5700
1796 1091
732 2680
1303 6250
8441 4582
3202 9692
7832 2726
477 3871
8005 4101
7108 7541
1168 6879
1628 8332
6054 1157
1039 9356
4670 8357
4242 8241
5135 6038
410 6947
8718 1714
4275 8237
6296 7477
7928 4127
1281 8405
9078 9286
3584 6185
7905 4752
3063 9534
4163 196
1769 6281
9552 6440
4638 4872
5759 851
1988 6170
7798 1784
7884 2072
20 4179
627 7948
9386 1908
7431 8463
1193 1015
4647 177
6846 8789
789 1008
63 2558
8369 9616
76 4085
5566 5836
4936 7555
3084 2734
9339 2046
5885 438
6225 6513
9465 6689
9500 6896
5151 1772
8990 876
1949 6914
744 2738
9002 807
6375 7370
1501 6452
1454 7068
3366 6390
4622 6450
202 5039
8496 7167
5477 5799
4758 4942
2488 4257
2916 8718
6029 2984
673 9057
9898 1417
2873 9978
3303 9249
7347 4805
5700 9880
2951 9066
7349 8652
6594 8630
3690 5089
5796 246
1966 1632
6267 5533
5890 9183
4251 2997
2166 4924
2054 3142
7420 4927
3120 1801
4175 1545
7685 953
1425 635
18 8774
9287 7691
7403 4056
2779 4278
4302 5825
5910 568
1357 2878
829 5608
5876 2995
1610 9009
7216 108
3935 335
1910 9190
1881 9595
142 4385
1309 1240
3158 595
8931 1639
5730 2789
6996 31
9693 2906
1678 1049
6863 2507
7737 2738
6581 9347
1746 3797
534 6761
5211 3523
5950 7092
4196 7171
1476 5505
9490 5713
7180 9500
8432 2909
2288 5427
4020 3059
9412 5698
4108 6275
9285 1844
91 5865
2270 2917
9662 2804
756 5952
6327 7785
3043 522
4955 5599
6028 5524
2390 4286
5023 1900
7195 8390
8407 1214
1448 7818
7992 5556
5171 7276
8480 6342
3140 749
9259 3881
3553 1093
9833 958
8878 3954
2559 4911
631 9666
434 4101
3951 5457
6001 2225
3846 4407
3439 6373
3304 1430
1929 9554
9785 408
5895 4004
2236 6232
7885 6868
7325 8796
7826 6202
3828 384
1113 4460
1129 2626
8561 5080
8084 5640
7305 3008
47 1823
9382 4430
4332 2389
3983 4117
3876 9879
8121 6112
7189 7084
2979 4514
6958 1883
1794 785
3346 3986
6324 4475
6613 4884
634 4696
1603 9018
8783 1650
840 9243
7159 6252
1631 1141
368 6586
2098 9568
2697 9288
6651 6755
3801 3608
9717 6674
5472 4142
660 1796
9696 7273
6680 329
3047 8283
426 1829
1011 1266
1072 9249
8597 3782
390 8965
368 2488
9611 4144
2854 6261
1978 6655
947 2773
4408 6420
6915 5068
8216 6611
3419 5974
8019 6466
5336 8445
9374 7426
790 1524
6675 9387
6386 7065
9431 7833
631 9041
1976 3486
6381 5033
1219 8407
7807 5627
4826 5800
1773 4120
2410 5192
1173 1508
2736 6509
1031 3189
5013 1821
5792 1687
2287 2177
9831 2796
9 1541
1836 3065
5027 9296
8098 7325
7703 6983
4031 3607
2783 5804
8807 6272
2075 9980
8859 5890
7567 9891
157 2579
2790 5950
5346 5077
8127 5176
8952 9216
6717 1867
2280 2822
1162 1456
147 9944
8440 4178
4630 2301
1060 3436
9652 3135
3415 8511
104 2060
8401 261
4639 2269
6211 9985
8426 5417
6240 7377
4632 4035
9244 7991
6858 1485
9447 8084
1428 8965
2261 6058
2344 4400
9494 1996
7536 3987
1585 8719
6047 1064
8980 1765
3333 6270
2828 1758
1686 9068
214 7397
4182 9458
6466 1039
942 5912
9123 3450
5956 2462
9508 9379
6862 80
1374 5476
5146 2959
4194 2272
4023 4253
5116 8436
522 7944
1272 3287
8091 1486
683 2272
944 7149
3311 2965
4139 3512
6415 1173
7053 7002
552 3914
8161 3005
469 4385
7044 4663
6657 1066
9995 1772
580 516
795 1853
3803 8886
3339 5565
1157 5362
2713 5547
9407 7932
137 6900
9105 7190
4980 735
2182 3140
3741 2651
7526 784
8394 5261
2929 8388
7034 4589
9984 7829
6442 3786
7793 859
9352 8950
7301 3143
5575 6707
1074 6791
4685 1258
3980 9666
3072 7241
2805 6813
971 1409
8676 9365
6671 2684
8831 4783
7273 8814
3690 3714
3679 1482
5652 3030
1510 2952
7252 7085
737 8327
4954 5423
663 8934
5088 3735
6174 8972
1627 7145
381 1381
7588 8131
4065 7498
2913 1337
6311 6603
6130 9990
8085 1782
4098 673
5813 1350
8837 6551
755 3790
1973 1418
2723 8140
6232 9976
7111 8938
8200 8571
319 6866
6701 4384
4363 692
6801 1753
8374 2930
2821 7537
5791 6920
8210 1604
9349 7046
8155 103
835 1206
2600 4637
9346 9911
5692 7535
8849 4970
6106 246
2914 3885
5709 7278
5657 2509
109 4030
6519 2930
1567 3388
928 9777
4992 276
7902 4225
1458 8737
6510 4058
4453 5855
3969 1223
4469 3896
7272 574
5221 185
5538 929
8542 1194
3439 8651
5225 1036
1581 6792
4424 3588
7647 495
3865 5548
4720 5323
5364 1230
460 895
8164 5508
2118 2632
482 9390
4285 5703
653 902
6632 9196
3175 1149
7846 8400
3264 505
6270 7689
4094 3917
8184 9038
543 3982
5439 5907
6291 5899
7881 5534
2485 9999
9245 2967
466 4609
8670 1120
5511 6381
1394 8686
7530 9240
8165 1873
824 5513
9562 4918
508 8824
3955 1052
3884 9394
8038 175
6372 5919
6788 9936
6996 6032
2903 8542
640 2651
740 7230
110 2134
6995 8720
1373 5159
592 3276
1750 153
8194 2259
55 3227
4390 3939
3700 2427
5193 1150
8346 1980
1085 6421
9092 3988
4962 810
7719 5702
8041 7829
7836 5035
6548 287
1272 7140
3564 3022
8372 2836
6360 8427
6064 749
3445 842
3177 8638
1992 2601
1697 3077
100 788
8145 5062
1598 5863
763 717
3691 9678
6831 1318
9966 8103
8458 3529
2204 6830
7444 8564
6335 3507
392 9780
4349 4648
9497 6341
7249 2272
497 7350
4139 8642
3490 5737
5583 4254
7534 352
3931 4364
1670 4975
3546 1207
9583 5750
9116 7027
5392 5450
533 5784
6309 5962
431 5805
3381 8760
8077 4957
7188 2215
3598 677
9031 9181
6010 7643
612 1020
2007 2282
5995 5553
3489 6657
2381 2604
3683 8852
9134 5295
5715 5442
1256 7225
2325 5717
5984 401
673 4250
3695 5351
6007 3804
5610 3095
1447 6222
5194 4533
8505 1189
85 3072
7846 3545
6756 2607
2396 5889
7902 9190
2409 237
6415 4734
5954 3477
6214 7706
7728 9909
3056 4813
3712 8667
7908 6238
4888 3102
770 4471
5370 1934
8623 4294
5479 6457
6901 8955
3424 5881
8144 5833
6118 5637
566 3150
9115 6780
856 6842
7767 4991
2733 2557
3657 640
8796 9625
4821 644
4095 1269
2579 3796
5563 9137
252 3542
9170 3676
502 8393
587 7699
4029 1153
849 3143
9012 2784
1063 7857
7775 3796
1493 1432
5516 288
1056 336
2011 6230
1606 4590
1105 8248
4806 1357
2869 3975
6113 3371
2367 6700
1069 7476
8933 2997
618 9023
5781 2761
6880 3556
6557 8373
6067 2072
9740 8202
3488 1750
5510 6173
7420 6615
5499 2225
9052 8368
6200 5164
2817 9647
2942 3887
7122 1874
7963 8819
1976 3744
1579 9935
8379 9216
9386 5524
1287 9125
4804 5854
1953 313
2026 451
8008 7526
2676 7059
6972 9956
3301 9790
680 6243
4755 8881
9197 2717
7699 1172
7540 357
1106 6997
9573 491
2520 1938
694 7324
8872 3726
8717 897
4178 6724
9502 7933
4861 6474
8967 8162
7342 9647
4404 2096
8527 4679
5892 7305
5851 3432
8741 8036
428 8313
9606 4028
1329 1378
1351 200
6184 1146
2177 361
7870 2757
9373 3809
309 8340
1970 7651
7986 7454
825 7592
2132 6718
4896 9063
1228 3636
7098 1656
3027 7783
6763 5435
9161 9194
5636 5344
339 8892
6784 9289
2727 6157
3097 3037
4496 5068
1766 3560
3600 2592
1151 5732
388 7126
4794 1616
761 2971
4351 4867
753 1114
302 9914
307 7017
6337 1725
6987 3120
1013 9714
355 4111
2750 5930
257 5596
9491 3857
8188 1720
667 9655
8847 5462
2349 686
9512 6700
5554 264
8893 6935
1256 278
3951 7593
2004 937
1792 3017
1729 2147
8207 4480
8078 9543
75 8647
4478 9342
1445 5146
74 291
1686 2423
2057 1197
201 8690
2540 9095
5624 3796
9373 9575
2468 2455
1590 5339
5473 3319
7486 4758
8878 6642
5380 31
6367 9858
451 7813
5003 525
8104 6689
2948 1239
8965 4229
9929 1504
3323 5552
6380 3774
6205 8848
6230 8874
4186 2781
2193 2750
8618 2149
9393 3997
2181 6838
3855 3711
4650 9937
4237 3833
6626 8264
5072 5590
2492 5001
8174 6894
1631 4553
1747 7837
3400 9056
6710 8665
1836 9982
2493 1532
3210 2964
6609 6470
9803 463
180 4452
1478 4417
8285 8104
3760 3357
4773 7331
8358 4025
5304 9989
8578 7051
8904 3056
6106 6693
1720 9021
7753 5292
1631 962
8257 8240
7432 8059
9782 7613
2510 1260
3108 1874
442 7947
5231 5215
5278 4667
318 1660
5734 8896
9790 4638
1951 6974
2409 4750
7073 161
42 8704
1124 9378
6944 8556
7436 6725
7247 1024
9064 1434
2898 9507
9381 8129
5800 5737
3874 6119
7397 9609
5014 7186
5325 8045
4159 7734
3873 1231
8974 4994
1014 97
4371 7958
9733 2885
5761 8058
3910 4825
9492 6808
5410 8873
6016 1209
4609 9890
7328 3085
576 3421
1349 5901
2544 5509
4713 6417
7819 4766
2490 8833
4863 6861
7869 5674
825 4709
4811 4735
612 4302
2621 6022
3174 8637
7231 8863
9606 5638
3026 181
9059 4375
7162 1602
9884 2953
9098 8782
7719 1587
8693 3661
9528 7641
413 1431
3428 5224
6166 4040
9527 9866
1140 3779
9582 9450
3720 9187
5087 6746
446 5224
1121 8687
7905 2083
2719 8082
1943 437
747 1715
5177 274
9356 5591
1705 2783
814 8950
7902 1419
9895 120
6278 9476
648 9998
9741 5736
7823 1265
2038 22
1031 1022
2105 3750
9104 5128
5266 9851
6843 443
1204 7277
6034 3988
1138 7927
4017 9040
425 3911
238 6703
3386 886
7779 4205
7701 6680
5470 818
6702 7580
1840 9887
1329 943
5014 6596
1872 1856
7039 3076
211 4151
8144 1349
3156 2160
1467 3581
7150 1705
1362 1614
3670 9142
5819 1371
5821 2367
2189 2523
9948 5108
3488 1276
6051 8502
8951 9002
1436 5989
3157 1647
1218 1300
2996 4375
4539 5542
7956 1688
7247 9319
3302 916
9539 199
3366 6438
3645 6634
39 3592
1741 3527
5948 8871
2028 4898
7873 4543
1966 2108
6190 4263
4487 264
8638 9026
5806 7673
1792 4131
8070 6173
6127 7608
6372 571
5124 1095
7206 5164
4688 8947
8691 1714
7818 719
7691 6769
6341 735
8877 3610
4999 3363
3874 4715
3467 759
2387 5259
5969 456
2510 3174
9143 9961
3746 4267
1055 951
509 5743
9898 9200
8536 8794
997 6227
5562 7339
6962 5517
948 3039
9959 5901
7755 3425
7739 141
9763 4787
1677 2272
7961 1898
2232 1706
7244 3288
3736 7753
109 4713
6953 8646
3506 9029
5951 147
6367 3991
6743 8394
7031 6702
5374 4785
126 3112
6005 9890
7899 8761
3240 6939
659 5473
8645 7903
