4998
4202 9845
6266 8526
1946 4185
3632 8181
9942 4177
629 238
2215 4791
9461 9022
8735 9171
8035 2098
9529 9400
8464 9077
3511 1117
3364 3356
8941 1406
2193 4221
1250 9538
2746 4275
4802 7457
3534 4743
1633 4163
6061 4928
33 5521
5028 8768
5770 3062
1945 6378
3541 1487
5454 8131
3684 9897
1487 2624
1302 4759
6845 3631
4297 669
7907 177
9205 1440
4920 1917
6683 2059
6845 7795
8660 1872
7641 4429
6014 664
806 9555
2152 7339
7685 6915
7236 250
617 8538
5010 7462
3248 385
9210 1154
562 9493
3673 6561
1409 1434
8621 8254
307 7280
1205 7949
1708 7219
8613 2515
7852 1843
932 5536
8758 8168
6866 9375
7785 1875
7915 1032
3339 8203
3265 3901
7696 6938
461 9105
9452 9082
8438 9759
6361 9643
7707 9149
7940 7399
2742 5791
320 3674
2405 157
1842 9271
610 705
2224 9605
1737 5563
7807 5002
542 6581
3018 1004
6765 2469
85 5202
2228 7526
5923 1013
6674 3862
9491 494
731 9812
4168 3136
9969 7089
3486 1657
7794 6789
1261 9531
3431 9069
5611 3973
6728 8630
4977 3492
1098 6142
9773 4405
4746 5695
6498 2498
9557 5988
2992 1366
6878 7160
5582 7925
5328 9068
9583 3121
6935 843
3731 365
990 9342
4339 7719
9050 394
2289 148
6536 2062
5632 1281
7757 2129
4858 8393
9197 7850
9759 6074
6089 5340
3999 1416
5486 3581
5616 2421
5503 425
3865 6494
9768 8204
4212 9896
9678 6501
43 6213
9642 6755
8574 7399
8884 3431
6870 8080
2360 7707
4154 8449
4126 9232
9865 9612
3891 6559
3111 9394
6985 8056
5887 7831
7338 1177
7726 7015
7679 8849
3228 8399
5603 2880
5797 5565
7390 3745
3645 9750
1452 8878
8198 5578
9188 9141
6268 3078
6779 458
2471 3763
8514 8359
2672 5851
614 397
2866 9372
9246 7173
7771 5927
52 3567
1492 8521
7313 5137
8271 9844
5093 7547
5421 4280
7767 1688
8437 5624
2146 907
9387 1738
344 2058
7590 959
3534 455
330 3859
7628 8101
9786 8759
2747 1277
7279 1138
7493 6628
981 3664
5254 7481
7944 4099
247 6380
9723 3473
8367 187
5211 8711
3324 2800
748 6858
4334 2158
716 3040
258 1581
2877 4084
2858 1235
6301 351
8942 7282
5094 4195
5841 3038
9373 6089
496 173
9562 9942
360 5851
9732 3684
9731 479
1621 4064
3716 3416
8184 5054
4997 1060
9138 7856
2295 5439
9286 1237
3799 4379
6511 9641
8496 5884
6808 71
7136 7448
12 7497
3298 822
2259 3028
2381 4959
8172 6097
8376 6355
1150 4451
8494 1367
2306 789
6806 2670
3105 1683
8129 9616
2402 7703
6578 9210
7774 3714
6657 8866
2289 1034
9688 5627
5141 3147
586 3312
9245 40
745 1473
4491 318
2840 7877
1107 724
1625 4212
2408 9754
4906 5889
7457 1484
5099 6309
6277 2834
5174 8566
4947 5941
4192 88
166 5857
4479 9411
6976 6304
884 1467
6622 4803
9344 8808
5528 968
4098 9015
1801 9004
4903 336
1566 1080
6645 7843
4994 2898
7487 1019
8839 2758
1107 9005
9694 6666
9495 6670
2969 1457
8137 9591
6260 8559
8398 2866
605 3574
1880 2406
2577 7863
2742 5223
21 466
4144 6094
3364 1631
7114 3281
5468 8221
3364 5161
4886 2858
1830 8934
4315 1045
9603 1654
9604 9079
4520 1288
2652 7480
4773 5230
6421 7516
1531 6442
9061 5675
2536 2424
7306 9650
5705 3852
8949 9069
9014 4914
3006 843
3847 8400
2968 3450
53 2571
2528 5653
4938 6260
4211 9712
2568 631
8306 4099
7073 7366
9774 687
9790 8159
1415 6573
2010 364
5641 1023
6357 9726
2946 1282
8126 5914
5811 8179
9564 9419
4910 4502
5678 9121
4213 8246
9752 2518
2344 7904
962 2117
8591 751
275 6
8403 3365
1449 5122
4388 8885
4848 7334
166 2973
4326 5978
2230 3890
5396 7141
9471 2152
6261 4762
397 7092
7280 2741
4995 9321
5937 4664
1150 7292
4670 9553
656 7198
4674 6123
6082 9522
4536 6249
2494 8862
3305 5804
3830 9780
2944 3300
1931 283
9141 2328
8454 6420
6148 3448
6819 3163
9192 7969
1533 3861
7521 2189
2138 2195
9392 8220
2795 3927
5547 6369
2788 9931
2172 7698
9710 6195
2076 1640
7557 1217
3968 6011
8716 1194
537 5535
4358 9729
3503 5891
4669 1024
9160 6807
4298 8551
6105 7093
3556 2731
3461 6344
2661 5633
5120 2371
2906 7197
4011 463
9493 9059
6474 8208
252 8090
3742 5689
7819 8325
2659 2487
9349 2897
372 3646
2526 7556
1817 6082
286 5279
3504 2948
1990 8625
5319 4897
6900 408
6439 6392
9467 3991
4599 798
2080 9421
7566 977
7745 224
4543 8172
4200 4915
1817 6726
2471 3634
2807 2757
9992 6312
6784 1982
4936 3181
7958 2914
3590 5475
9306 4135
9466 4983
6012 1545
4403 3578
3602 3226
4881 8145
1397 9082
3060 4293
6886 6610
9007 9694
445 8998
6005 7230
2058 2019
410 1094
4933 5079
6569 5317
293 6034
299 6305
8659 5782
961 2260
9008 6922
404 405
7082 4543
4698 3967
1152 4783
4739 2677
3781 743
9907 6918
3841 1395
8013 9853
6475 4581
5169 7847
1694 6548
4151 352
2329 6192
3691 1336
4192 4095
2820 1273
9718 8598
6319 1948
3380 1058
4625 7161
2880 5610
5158 6722
7006 3170
7653 4559
8830 3901
2405 523
448 7635
875 2777
4905 4566
4113 9097
9741 6934
369 536
5531 6689
2484 8911
7747 8189
7151 1705
3798 2308
8427 1882
6557 7159
6441 5386
1059 9925
5910 1507
8639 6785
4284 3543
2430 8397
2640 3249
6409 4088
3785 1939
1855 7348
1929 680
5536 158
2386 413
2466 1891
2295 9023
9050 9816
5487 108
818 1396
2694 9457
9261 6978
4079 1690
6454 6719
6018 3941
1885 9803
6960 3741
8229 8889
4421 4844
9047 6807
6336 2591
9778 9710
2692 8827
9525 8179
14 1422
9576 2708
878 9915
765 4957
1604 8298
2754 7622
2238 5719
8503 9198
9460 7810
9165 4959
2653 9290
2845 67
1880 2622
9778 5651
1448 9302
4909 2541
1802 5563
6329 3760
5477 7094
8717 7081
6470 2550
5781 8708
8269 5362
8985 8807
4250 8149
3765 6904
7439 6610
8050 9319
310 7827
6049 2838
8208 957
5379 9
6520 1707
3769 1996
9880 3565
155 6349
6115 7015
6136 5462
2376 5120
5347 6626
3268 9112
4608 1785
6801 2658
1104 7111
484 8232
9949 9771
9189 6407
9781 6787
8114 3549
8783 9073
7114 16
6500 4307
7031 3714
847 9407
8834 6194
7111 3181
6385 2798
4966 3185
6535 7149
1374 8098
5380 1323
7869 5647
8809 7649
2433 6922
2276 2294
7073 469
2310 4652
4776 9341
8366 6703
9826 7200
2896 8016
1459 359
1892 6425
3544 8427
3574 5998
6524 32
8400 5471
6759 7208
4198 270
4129 6475
3644 2281
6944 5954
6933 2798
6374 5298
9501 7278
3576 3476
6372 5035
3835 8264
1460 8459
7769 6113
4456 5372
7224 3934
842 5061
1141 5041
5332 6349
1515 8976
8630 9538
6008 6641
3414 3460
1939 2915
738 5515
7470 8189
1629 2383
6453 4168
1920 4221
1359 7455
9593 8583
1388 1514
4723 2529
6555 54
8879 9149
108 8587
9765 6116
5228 3178
9577 8246
7172 1393
4839 5720
9582 6468
8104 7113
635 1102
2413 3073
8558 3084
2735 1024
4598 7458
4633 2231
7512 4590
1379 7620
3176 2222
4814 9483
5401 4390
7728 2572
6862 2567
8293 7523
113 7475
5714 749
9656 8127
4901 8213
1211 7636
316 6888
5093 4949
9120 2604
9539 1577
1302 3793
3800 6117
3276 279
1585 1003
3930 9527
4649 2222
7049 4763
775 3841
6591 431
1968 1491
9723 4258
9128 1117
2224 4220
6066 1343
7904 6683
4000 284
1555 8879
6401 4831
9158 9066
6913 3087
9671 1562
6389 7798
6325 8243
1638 2915
8674 4685
4406 9476
21 4612
592 2246
9912 7738
4668 7815
5499 8668
8099 7054
7546 5579
1884 7782
5723 8798
1948 5393
359 8337
3190 7763
7658 4828
677 7411
9514 6162
6886 9535
774 8557
1780 1764
6294 7528
9579 1793
6195 8756
8847 4820
4334 1810
3680 1135
607 5628
6528 2045
5043 9718
9808 2701
5625 1563
111 5138
7725 8076
5751 9578
6632 8611
1341 2926
6138 1998
4719 3411
754 4644
8231 6167
6454 2990
7303 8140
8618 3830
184 3661
4627 9992
7441 251
1554 8631
6468 358
6706 2218
1014 3337
1907 2356
6263 8045
5433 2060
2535 6187
7784 1844
2354 5316
4834 9657
3456 3452
4565 3640
8192 9192
4711 6711
9443 7344
5341 6989
7702 2046
9208 9796
5383 2193
3230 2725
238 8663
5864 3852
4850 4726
5696 8283
42 530
9018 3498
5061 3582
8217 4331
3853 2927
1041 4374
1350 6382
1363 130
8428 1649
9926 4889
3842 3155
8693 5159
1818 5636
9011 6668
361 4707
6029 403
6316 5046
3901 2455
9707 2118
6786 3559
6124 7827
9013 7474
5287 375
7605 4793
2024 8609
760 6945
1764 9454
2104 3582
5089 1114
1328 5450
6900 7357
6933 4294
3481 1912
6749 3187
5109 3534
7826 1233
2439 6838
9786 8805
8292 8469
3597 315
7078 4358
8339 9921
4890 442
4581 9979
2636 5909
6507 9536
4344 4518
3830 8904
6431 578
2090 1539
5192 994
2772 7631
7832 3637
7515 6123
2105 1111
7517 261
6548 5856
181 1437
7377 4762
2494 12
1749 9002
9549 7172
3519 4457
6075 1028
6114 9245
2568 1305
238 6419
15 8071
55 7530
5272 3240
9720 3868
4580 6268
802 4762
7705 8179
602 199
9271 2352
279 8819
9524 4877
4354 5599
5906 467
5922 8474
2852 6160
5971 3946
5309 7106
1475 1660
1424 2273
5528 6004
8541 6330
765 6246
5587 2447
6445 4857
4799 7803
4754 5401
2679 9108
2078 8585
654 8000
8137 4585
4160 4108
8531 547
2292 1084
2207 3716
3357 7735
9720 2977
5143 1564
9223 1809
4011 6746
6666 9889
4548 1420
5289 8306
1606 7368
6891 3339
6446 6106
9003 1684
1292 7533
2232 3584
9696 4439
7300 4132
3253 7020
7109 9475
8584 7410
1283 3673
5234 7950
3561 9782
448 8850
9166 3133
7296 7135
7552 3742
3241 6554
6505 4533
5166 8737
8118 4861
4255 6496
71 7508
4594 7180
6982 4256
4589 8266
7929 9823
7294 1489
682 7742
1418 9849
1953 9793
8062 9505
4613 1302
6059 1118
6915 2303
9855 6111
7164 5188
2606 7236
2695 7201
5494 756
1456 1162
100 9386
2063 7394
1953 2746
6214 4450
3673 8167
4243 1734
8751 8856
4116 4809
1052 1030
7112 1986
7141 5354
7174 825
3668 9870
8026 9163
1704 561
1403 1804
1025 3466
9198 4057
7291 6490
8508 2042
4656 2750
4856 3406
2684 8972
9294 3737
1 7484
5723 8221
3917 3975
9046 7585
4923 8151
7826 6627
9791 9229
8431 815
3774 8707
4872 1064
5196 4458
3107 931
7208 7963
5416 971
8013 5789
5787 9093
4351 2588
7313 8268
6563 7437
6932 1486
6666 4757
9192 6456
5065 7623
7271 8839
7408 3222
981 3683
7680 4088
5693 5967
3129 2187
8017 1141
7976 3803
233 2327
6391 8625
1673 4032
7141 8605
6597 3806
3362 5789
262 9506
4490 8612
9423 1897
2912 403
6659 592
5571 3430
7638 8700
5618 5654
920 4672
535 2232
6999 8005
857 9752
2036 7998
8356 8634
1803 1717
4422 3144
2301 8912
2835 1723
1887 5747
2127 9626
7418 7698
3055 6134
7476 9752
1787 9475
4424 2322
1707 2501
326 2564
2252 3442
1640 608
2075 4522
3404 7576
8746 5706
7566 1580
7429 531
8406 634
1235 6903
8332 5370
3036 6887
5121 5903
6361 623
9304 8068
3125 709
1710 6456
4151 4429
8143 7305
8952 2626
5959 8776
8332 3524
355 6839
5134 9840
7474 6370
6742 6884
1739 9779
4849 7939
6760 1210
8563 6063
356 2766
6772 3146
300 922
8654 8444
9306 8684
1069 5264
7459 479
9867 8893
8397 5001
8733 5870
2449 6553
3833 5267
7410 8682
3205 4169
970 1767
232 2406
5612 7004
6631 5913
9006 5284
4356 8311
3968 6504
4654 2505
8062 4520
1398 6458
599 1209
2328 3048
7762 7240
8315 5172
5921 1520
419 7971
4366 651
1455 9979
8735 8086
5891 7740
4448 1325
7129 8416
8908 1782
2000 6969
6303 3398
3426 7981
5686 6833
1029 3447
5151 422
9698 1072
3021 1196
121 7388
1847 1576
8445 1660
740 5414
478 5188
6739 7608
3604 6725
468 5604
3693 7850
80 8198
5831 5766
6110 6860
291 1260
8361 1068
3411 1382
2264 3532
9849 5190
6187 8293
7930 6927
3706 8408
2115 1523
6015 6798
8248 6484
3480 3019
4333 4639
1216 1242
1483 7326
9181 1774
9666 7542
3921 3076
8924 7264
7688 8772
3533 3874
8143 1462
1880 1848
9870 3995
4450 6964
1871 2697
4526 5351
5716 8859
9990 8011
1180 1472
5337 360
4325 6081
7902 9326
9157 7904
6589 6844
7754 121
1797 5896
1583 3677
8823 1453
7672 3272
8417 9543
5969 2942
5972 2763
2879 7040
774 4059
8512 7190
5499 3915
3270 3400
3240 3505
1304 9830
349 136
1029 2146
6033 2613
5823 5934
5145 4573
9207 4640
5194 6254
8661 2244
96 2618
9284 870
7757 8874
9139 3255
2788 2408
6655 7108
5913 9038
8016 7341
9175 9045
565 6286
2736 7467
3298 8960
3118 3583
3599 9391
916 2259
1634 1012
4878 917
2961 2634
869 2099
5889 4737
5586 3622
1844 2577
3739 938
9919 3992
9983 1562
1356 3798
9030 4654
2757 2147
8238 7436
1538 9154
9695 4251
1244 5651
5169 4205
9364 7117
6304 6331
1853 2968
9954 4776
5545 4771
5714 6542
8763 6776
8105 1197
573 8213
5851 4409
1438 5167
1844 4055
5399 2618
8307 7722
8269 4554
1926 7633
1670 9309
3963 3524
2276 4995
8300 8901
844 4014
6521 685
1868 4625
1882 2441
3916 8813
7929 5355
5058 9774
9410 457
2391 8795
9258 1738
3348 1184
449 6098
1571 5492
9622 3848
486 9000
3827 2410
4092 347
3095 5960
6052 4978
9480 9968
3790 8488
6401 8848
9340 6890
383 1730
5684 9642
4547 111
1904 4997
6209 3475
488 6909
8402 2053
5908 2228
4463 1079
3655 8638
8118 9707
3615 8677
752 8484
7164 7154
8410 6503
5122 8794
9312 1884
9514 3858
1995 1417
9934 8204
5971 1500
6191 4373
4633 3178
7680 174
4257 2413
8812 3453
2119 2426
2129 3951
1988 371
2183 398
6874 7305
270 7264
9189 9784
1122 2263
2279 2134
1545 9329
4714 7737
4780 9347
914 3539
599 6250
5952 9412
9703 8072
2916 2911
3101 4905
3282 5284
5303 156
3667 5573
7420 2855
6435 9621
5118 9793
2834 7743
9121 7548
5479 3901
7973 6393
7440 8572
3721 3391
7983 3423
2541 1978
6334 6721
6883 9617
2004 3264
851 5671
9916 9350
9606 7429
49 5802
7221 2883
3544 6341
1509 9023
1320 9482
6494 9839
9132 214
4309 8194
4717 7929
171 1050
4650 8133
1745 6654
2475 3675
3404 2390
3025 3009
9819 4153
8811 8118
7036 3434
5537 9624
3535 6858
183 29
7775 9315
1322 2083
7508 6039
12 8758
8169 4662
6890 992
2394 443
4668 5798
2833 8772
9886 3730
2924 9776
1847 1038
3209 8464
661 6744
6400 844
7852 4174
1237 9175
6258 9825
5213 6270
8582 3381
2010 6551
5453 4404
6994 120
202 906
8892 87
5715 2894
9863 8642
3932 4150
7105 5672
894 3504
7595 8746
7678 8832
8999 5014
8656 4212
1283 8317
8672 3293
5946 4124
8777 4018
5323 8979
6003 5293
144 1718
8187 1086
359 3197
6315 8543
8869 7209
3125 7542
7034 802
6374 7111
6896 6108
1322 8179
4424 1073
2551 1448
6276 1327
5467 2678
1384 1469
7971 2607
4266 7237
4772 4625
1512 1087
4246 1460
9375 7371
9002 6408
9253 5375
3519 6148
1483 5920
5405 6986
8072 7956
8435 4348
361 4980
7026 2824
6449 6075
6511 715
3311 1282
6419 4824
2369 1744
7363 1744
9115 6364
9231 8367
1739 3828
5593 4301
9749 998
1286 8899
32 799
4325 1473
5779 2429
4297 3307
8505 1886
5101 2894
3169 1519
8797 5538
3263 6159
8361 3457
2523 7592
2902 5341
2498 8496
9642 3325
9494 2006
2224 604
2806 6549
2077 9664
57 7454
2970 8562
9340 8071
2534 2508
669 2410
9126 3932
8569 8565
8468 2170
6156 1370
7511 8655
944 8231
3058 437
237 5282
1041 4122
2910 3119
3785 2967
1651 7835
2607 990
5905 5141
4578 6574
7551 3703
1585 7199
2267 1131
9369 9503
2501 7959
9236 3445
6189 2293
4961 7505
8655 7082
1626 1564
1279 6491
5610 2930
4325 8217
3920 1308
4436 8498
7883 3066
3279 546
264 6626
1677 711
7207 5258
8670 7521
8703 5938
892 4743
4521 9547
1824 7227
2189 3103
3717 7799
7112 9121
6015 1031
428 451
608 9390
3517 4966
1014 3781
2670 2692
5571 9877
9029 5320
7397 8810
1257 8290
3552 5778
8915 6455
4083 1104
9558 7800
8903 7748
7999 4918
8780 9507
6448 466
9975 9965
6511 989
4824 9182
4760 1473
9058 3788
6793 7534
2597 9129
6902 7229
4907 5816
3683 68
7999 4320
8948 6902
2067 6946
2898 1925
7531 9346
2391 7506
388 8903
9574 6291
9163 4333
7764 8220
9200 4557
6832 2875
3685 3733
103 9671
628 4866
9740 8627
9186 8687
6607 1252
6711 9505
3178 4242
9929 6648
1747 316
6629 1320
6607 5791
6732 4371
5090 5931
6 1921
9885 3691
5655 1067
4441 6283
5933 5259
5988 5118
3945 2595
6370 1734
2099 626
5976 2028
7275 8802
3423 4982
1200 1109
773 7932
6559 5863
4941 6565
8863 4826
1334 4517
5893 5775
1878 2904
1033 8946
8022 6057
1540 5470
7792 4718
6097 4846
7825 4450
3648 1248
9432 4848
3436 1283
3859 9995
8225 8800
6559 7088
4704 7893
1604 1675
4747 4562
4579 6859
3507 3679
3995 6126
9150 2865
843 5246
7711 9748
774 2437
2074 1284
7286 5510
2568 2223
5504 792
1022 3141
7880 6806
1033 563
9560 6859
6204 4139
4797 789
8897 8792
6915 8046
2735 8837
4370 445
8584 5144
2883 1736
7508 1247
7246 75
3470 3828
1946 5571
6969 905
3455 9082
2547 3015
5940 8751
8233 1815
618 7129
1685 7533
5175 4420
7448 623
5945 7111
6847 9907
8847 4354
1153 7172
5508 5702
999 7454
2351 7969
9438 5807
7050 1984
8822 4068
1813 8133
5884 2431
5261 7569
1042 1514
1989 8491
3217 9013
6680 63
8919 5526
4417 1150
2697 9925
6852 3697
8457 281
2744 7895
6088 9794
957 5988
3861 3850
4120 9745
6281 460
8393 8403
3053 1460
7972 6270
472 4651
6333 9391
1255 1828
1619 5032
2831 9550
9808 1288
9831 2551
261 5919
2344 2297
1906 7284
6147 7106
7029 3507
7566 5421
1909 618
7960 959
6889 8432
6689 4300
8901 7944
6129 519
4054 8960
68 3861
1326 9899
6412 2666
6896 9835
4964 8803
7119 1110
6987 5226
4617 4552
1725 7605
6249 9685
8564 4216
8116 6331
8517 7016
4275 5724
8614 9408
5762 9761
3269 7089
9659 759
9755 6555
594 4718
6436 8792
5829 3422
4017 1524
9053 5742
9130 5301
5426 8772
9518 4620
5103 9113
2714 456
4836 1327
9864 597
1087 4211
8765 1824
6050 8520
9458 6644
4316 6972
6514 1223
1472 530
3827 1603
7351 2956
6905 2776
2806 7501
8475 8988
7692 1188
522 2527
3594 1465
4203 5760
5676 2968
7584 1725
2566 8121
9448 7961
6171 7040
263 7644
7570 4090
9247 5999
8125 7230
8775 930
5809 8328
997 3500
9516 1519
6027 3109
2984 1309
8869 9740
5356 7532
2543 9001
5652 3070
6961 1822
109 7224
544 8759
2392 870
4757 516
8100 4611
2526 3909
2938 3523
7409 2454
6121 4515
6642 184
5824 5511
9924 2258
4121 2466
1258 851
6615 8219
3752 6725
6522 4297
5483 9993
5167 239
509 4345
4850 4114
8254 7789
8716 6742
1321 4836
2335 7963
5020 8159
4552 6022
416 8673
9568 2753
9524 6182
971 3276
2906 8572
8652 8389
9644 4897
9708 1231
9242 4557
5345 8575
3424 5139
6395 4745
9975 8730
3787 6074
7967 8339
3174 8383
8091 2741
1135 7614
2 3185
1968 2908
2836 1698
2376 3558
6595 3162
4789 5837
7719 133
5490 2222
5272 1884
8046 6325
613 1832
3477 8580
171 6652
8041 9341
471 254
8033 473
4518 1
4461 8433
2778 7916
1990 9374
1077 6779
6289 9875
7991 1778
2096 4341
4741 1221
1745 6433
3053 5222
6091 4303
2952 4131
3643 4503
5464 1676
6055 9982
2756 515
9494 5534
9510 1483
5986 586
8263 2274
1540 7332
4052 4715
1673 9872
5936 3418
6304 8990
9719 2394
3292 3750
7604 8015
8253 3067
769 4307
4128 4604
5902 3621
1216 5411
5104 7203
7077 4445
9477 8617
2856 4608
3331 4529
4479 9268
9026 783
9336 9823
3177 3706
3572 781
1720 2903
4927 3568
7211 9055
8172 4191
3754 9389
9602 8859
7670 6678
4382 7146
5294 7238
1753 9705
2845 7312
50 2949
8095 9386
3851 2350
3091 7423
4210 5891
1405 9138
537 9695
9271 9789
3885 3025
9177 3486
2962 7925
1243 7344
5070 7616
5661 7903
7320 9585
5214 8449
3613 4387
7834 7464
6737 2004
5965 947
8974 7370
1163 9511
7064 433
9299 948
4537 9554
5514 7499
7478 7836
5922 3627
5451 1582
1529 3850
2245 7822
2298 6937
2208 1211
4400 23
3215 365
970 3267
8814 3212
2777 5878
4725 3155
7905 9262
3787 4497
6761 1265
2332 2682
5971 8863
5343 7500
3791 8667
6400 7168
5604 8608
8379 1082
8631 2672
2526 680
5939 1340
4971 9796
7218 9696
2950 6201
8958 6737
698 6797
9081 3030
557 5051
2971 5900
3629 6762
4566 28
3930 1248
9715 3387
2331 8346
6060 4857
104 3077
6197 5075
2872 4493
5850 6901
694 4807
4717 2471
2682 3797
6580 3239
9928 9552
217 4635
6313 5862
5743 1321
7111 5457
4709 9442
4881 1847
5377 6064
4924 2653
1139 8876
7146 6989
5776 8919
2874 492
2468 6635
5369 9049
9874 6375
8600 1169
2088 5991
7031 7831
7313 4141
4367 3100
4661 326
4947 1117
6391 9871
3770 8609
8746 1994
6676 5601
1992 628
7172 4460
7263 2540
3508 8215
9994 2107
9384 2082
8099 6414
991 6490
1634 5358
9590 7374
6764 4536
9570 3154
5485 3339
2841 5310
5334 9517
910 7326
1223 8082
1785 8486
1701 6373
7779 1694
8480 7162
3776 7657
4654 5847
4146 7367
1204 4814
5820 9047
428 5389
2200 5914
8729 6120
1223 5141
6715 3212
3545 7938
1293 6409
7502 2994
2781 5280
5768 1261
2441 622
9997 8175
6469 5222
5541 8753
35 2439
7799 1543
7829 1078
7457 6557
7198 9759
2776 4992
2970 6321
4008 4263
3808 1510
8337 6590
6790 5183
8930 310
5805 4
9564 3353
5226 6183
2105 6341
8623 982
7884 6451
2060 6419
4086 337
6177 7941
5329 9147
5340 415
4488 9148
1925 3903
5737 9795
9086 5745
1183 5970
5750 746
401 2054
8008 3585
8395 6630
4567 7357
3080 6628
3775 8245
8044 9952
6185 4451
176 1524
4866 4665
672 6792
9647 7488
7665 9812
3233 8848
6860 61
672 7261
2115 8680
845 1589
6389 6491
8946 9469
4197 2721
8793 2240
2672 4977
6691 3928
6502 1557
8593 7174
9428 9318
5740 8171
9129 51
8097 5988
112 9848
4327 3307
8527 6251
4896 4915
2742 3841
5463 6939
6562 4255
258 313
9232 6949
4241 6812
9585 3912
5064 90
4308 804
8261 4516
855 6357
1582 2047
7283 5910
5354 5810
3239 249
1803 5981
4090 8345
3999 1731
3678 5336
3123 3989
2284 8443
800 2948
3433 6944
4117 7741
7748 2378
2256 9682
9814 3839
2807 7097
827 8161
3985 4066
9489 6867
1126 4658
6291 6204
7468 9969
1539 590
5036 4902
111 5837
7850 3544
3859 1967
2363 2685
5424 4620
3445 6316
9538 6253
4491 364
5492 9555
5509 4981
6422 6635
717 2712
3917 8185
3759 5456
9854 8796
358 9965
5711 9287
3508 9570
2332 6950
3333 7756
1569 6778
5151 2185
3030 9642
3628 8523
9197 9138
4582 6697
6851 5299
487 768
4562 4246
7303 4415
4120 7661
5458 909
6948 8966
1557 9280
6994 4890
8115 8564
1668 3265
1827 4698
3985 5456
4299 3181
5672 9960
9878 3601
6337 364
5448 898
5690 2751
6392 9810
1490 1849
1798 8438
1893 3355
8797 8888
8246 7990
8530 9914
2333 356
5690 6318
6891 1068
9500 3641
2106 455
8322 8444
1899 3769
420 8668
6520 6813
8477 8011
9741 1353
7527 1634
4709 7402
521 2954
5391 129
3946 8803
1564 714
5121 8456
1782 5699
3175 3889
7233 1496
3411 9132
6345 3831
7799 2864
1722 7355
1953 1463
8708 559
3097 4495
9040 4697
7449 5510
4826 2473
4312 6390
3188 9433
5924 4970
6210 178
9938 3443
1674 4427
3653 9098
8259 2531
3041 1059
964 4994
2522 750
6632 6698
5246 5672
1394 3773
2260 7299
6247 6572
4768 9435
7084 1770
5483 3293
1948 6500
7815 4702
926 1468
3799 263
5078 6840
1323 6042
2913 4924
6792 623
1622 3116
7374 4095
6890 9634
2473 3136
6206 7241
2570 3289
89 9132
7661 3117
5631 5476
7819 6558
8023 2696
7900 3100
615 9223
220 4607
5226 8091
5230 6848
1207 2604
2021 9176
2237 4494
2311 9522
2813 5960
3889 3982
6170 1550
7099 1801
8105 4917
9438 7206
8692 7337
305 9307
7639 1604
3913 3943
9695 222
790 1980
2826 3890
1155 6142
9464 4545
5664 2276
1583 9553
6258 7754
2181 4435
633 285
430 70
7491 9123
8486 8875
9508 7203
478 4500
1145 1252
4722 3014
4311 8627
6905 6546
4768 6368
1090 431
9723 3753
1063 7060
2585 3244
1494 3218
3530 1925
4367 2099
1047 3931
974 1633
1134 2531
6133 3358
4862 854
6373 9174
559 3277
5719 5328
723 7888
6838 445
2719 7901
8584 5304
2224 78
9601 6833
2003 5046
8932 4129
8978 984
6841 1190
3516 2974
4548 9457
4907 920
8630 5467
5276 4348
1873 7078
3315 8711
7524 6034
7691 7186
1338 9915
7264 2017
7826 345
7064 6757
5553 6041
8821 2394
8310 2336
6447 2857
2871 1353
4857 1501
7899 132
6928 9772
7211 242
9562 5813
7356 8331
2998 9773
9324 1341
1789 7149
2765 8853
4984 8319
5972 3804
712 5360
7219 7159
8218 90
9591 3074
1591 7490
4285 9598
8340 2574
9841 8980
9466 7196
7310 3543
6968 6633
4884 9836
3781 7649
9768 9845
7046 5739
3648 8837
2178 867
7074 395
957 6665
4548 3627
5233 8833
3224 4651
2486 3064
3631 1951
1338 940
5494 9385
8653 1456
9221 3512
184 8988
3356 7230
5805 7005
7146 7983
7872 4219
9457 9908
1962 4004
3534 8274
3916 6758
2925 6402
901 6556
9432 3318
8575 4926
2703 8306
7461 3002
1818 7645
3068 5174
5954 8873
3257 3099
7935 2207
7318 8470
2114 359
2474 6727
8633 7469
3485 1557
4949 5465
9192 4380
8783 8846
384 2564
7151 7846
6645 8969
6569 9713
5222 2522
9665 8479
6700 8678
686 5097
7147 3879
5456 9621
606 5167
8168 5170
7804 3116
1713 6995
8576 1574
6919 8960
4139 5149
7884 1862
4117 5532
1575 417
9133 2318
9976 5833
995 1740
2008 8142
5619 7464
8842 7304
2630 7009
3552 433
1204 5265
8508 9780
6840 6505
9818 2057
1653 8781
3919 6850
5391 6573
7267 4523
8891 8321
1434 9886
60 3442
9107 6759
1984 7948
4062 5694
6035 7615
7206 7239
3958 6792
8097 797
3297 8994
2854 6029
7774 7853
2878 4243
4425 1224
8766 3316
9545 1279
4280 684
4721 3386
7443 7785
1333 2583
4557 8448
1276 1762
6765 5235
9634 4862
6032 4009
4934 9966
37 3786
8897 3995
8029 3321
5219 6794
7716 5842
9152 3075
7605 3873
6461 5047
2736 8874
8710 7293
7321 9986
133 4085
5220 9767
25 2331
3775 6038
3375 4892
9824 2271
8887 7852
6671 5184
5725 5466
2104 4876
8541 9710
9828 6080
5835 3642
4953 4544
934 3352
4530 2147
8517 828
2992 8542
3159 6768
5659 7613
2738 5482
962 1624
4413 7634
6808 1216
4178 8912
6092 2718
9700 6999
8798 5535
640 4830
78 2654
8182 5687
4801 6698
7595 7793
6319 1832
5639 1977
9446 8377
8538 407
1079 2950
9120 7887
4166 3297
7878 1337
7094 7577
8336 6971
4190 54
1800 5348
2708 1060
1034 8588
7759 9708
6381 5156
1540 3098
7133 2064
1475 5670
2471 2554
9700 2670
1520 3865
7046 476
5202 5219
9132 4616
2189 3322
4671 5068
8670 8458
7207 782
7046 4965
490 3426
120 2030
7603 8332
4094 9078
5081 7644
2711 4780
1392 5310
8645 8439
5786 4926
4736 4917
9542 6925
8239 5291
3071 7987
3749 1356
8770 794
6322 9260
5299 7521
2368 2901
6932 7541
3058 2012
6263 5769
6792 7656
2157 6515
7173 7943
2519 1908
3938 3140
9912 2177
8431 4061
1242 3258
5417 11
4052 2817
349 429
1417 3796
3331 8349
2415 7468
1439 8679
4315 9310
7413 6472
6903 5664
5493 9423
7572 9431
2562 8562
2686 2071
2622 3929
5330 9118
5019 460
1935 5369
890 4431
243 5300
3858 2659
2767 5297
1337 7082
5685 9829
4632 2587
5492 124
2009 4142
9555 5650
3782 2241
7722 6404
7249 3051
6600 2267
4590 9614
7636 5480
4044 8959
779 7902
1617 4625
4277 4033
2785 9962
3861 7417
3628 431
7541 5637
5652 8175
2366 9434
1494 87
6916 8743
4217 3515
1009 8807
3129 9725
5366 7173
8683 7224
6154 299
1849 430
5411 5713
1471 9272
3130 5099
781 1749
1814 6433
9924 4180
5866 1417
5346 2781
159 641
6296 2248
527 503
3051 5893
8756 2812
4195 4909
3111 6044
6418 8522
2836 8968
8872 5966
4066 9653
8794 6960
7164 8718
2218 3029
1213 7565
6889 2452
9285 3184
4700 9812
4767 7751
6783 3522
1641 978
9510 4752
8101 5927
4352 936
4895 4302
7981 39
5033 6775
6999 2196
5492 9218
6304 6705
7861 3192
235 7145
7455 4935
8036 2221
3764 4818
5743 5405
5796 6331
1235 3897
2258 6666
5912 8232
2046 3893
8271 7079
667 6349
353 7238
5566 7736
5021 4505
927 5257
1649 8383
1270 9685
1682 5035
4503 8505
1518 1377
4835 3833
6353 8172
498 2265
6403 2545
6158 5753
702 7904
2101 2135
5141 8746
9871 1240
3250 798
7576 5978
259 8847
6742 3020
4960 2323
1524 6478
3700 6360
310 53
5610 1888
2318 2013
5512 9555
7766 7293
7458 945
9428 3677
9691 377
5996 4019
2254 3572
9997 2513
2418 7817
6612 7378
139 8137
4934 3840
5575 6324
4972 1184
8212 8369
4276 4802
7923 2041
2094 6459
4065 2601
1214 4834
2978 7210
8853 5232
781 9929
8824 4278
7745 5435
1655 7885
3571 7669
2803 224
3992 8854
2488 2203
7222 6764
8084 6223
9885 177
2681 3949
2778 4974
8784 5756
2183 8715
987 4044
9722 889
9401 7467
6325 2135
6430 974
9804 311
1199 3795
9165 3687
7077 6386
1529 5160
2608 1413
6416 6368
6442 9195
2420 6304
6029 4603
5018 8096
9726 5819
8985 205
3285 5309
2340 793
7363 2143
1104 8562
5938 268
3327 4093
7733 5935
9253 1419
7349 6747
8866 4869
7020 1285
1172 3049
6967 7269
2223 6693
3087 1207
6898 7451
7596 316
8244 4958
2459 426
4598 9476
1773 9004
3568 584
4938 3899
2003 3365
645 868
8234 7666
2153 484
1793 9121
8833 4016
6892 1919
6302 4868
449 4976
5184 9772
1012 8722
198 6689
8197 3050
5692 2843
3635 1709
7821 5638
6153 9545
7586 5466
7210 817
5950 81
1016 5861
5176 8987
7781 1478
4933 9309
7533 1195
9080 8546
9917 356
5234 9192
3407 2005
2034 7042
4793 9855
3758 945
9400 2422
6411 7688
3240 3440
8849 5335
9301 4024
4322 8160
6581 9255
7468 4114
450 6548
3738 1445
6904 8972
637 1389
2055 2671
8431 6848
3605 3268
7794 4083
5690 5283
2849 8
8723 1697
5344 8024
5722 9666
6183 2302
9999 3651
7495 448
1277 1232
1894 8181
1283 2531
649 4417
6281 9080
1265 964
3426 137
5047 9117
5420 7897
9125 4143
672 5547
2166 6394
5212 9428
9776 5211
3078 8349
6738 4355
9582 9711
3615 1943
2241 4264
6360 9602
4422 8704
565 7849
8841 6692
8044 4261
5667 8247
8404 6339
3794 1648
3812 84
1075 3587
6374 5233
3014 3112
666 3674
2822 5360
5617 6143
9624 3056
6823 5125
1759 8467
4052 600
5158 2095
4861 824
1420 4343
7164 6293
7070 2054
6378 9224
6720 3830
4456 9734
8021 6202
3408 1922
1561 103
8065 2264
3159 5966
7389 4919
4432 2519
6598 669
5693 2537
1493 7113
7959 9736
3406 5028
1789 862
5330 8509
4692 9787
9322 3792
7067 2729
5714 8628
2832 4857
891 7071
822 9359
1989 6333
1877 9666
7002 7570
2202 9575
5762 160
9310 246
5188 2178
1108 517
1765 6879
1382 1086
670 8449
3815 6384
8156 7727
1240 9047
5876 3141
8406 7865
9475 1361
8609 7555
8932 810
7129 4693
970 7518
4939 7237
9696 7126
7754 2539
5083 215
3626 5754
9743 8520
3216 7898
7325 5536
8024 3200
9756 7508
2143 9230
8869 751
6785 7800
1561 4992
3571 2531
2509 8510
9768 2204
6714 8601
4744 1797
9895 9449
8630 9637
7968 1845
8614 5293
8460 6637
8493 8216
4144 636
8524 4091
2466 5308
1891 4028
1379 6541
6559 3888
5051 7406
7172 2843
7085 1915
4640 6979
2442 3269
7694 409
6194 7386
6781 4653
5101 6353
3947 323
6989 2471
4415 533
8858 6306
4561 236
2846 2199
4125 8976
683 1296
2898 7768
4290 7538
4746 6732
1886 3518
7141 8080
904 5001
3811 6005
1353 7759
6329 9421
229 743
9954 9087
8128 4515
9324 2052
6714 4527
2107 7397
5823 5005
6243 112
2542 2067
6844 5507
5585 5063
3586 6489
63 8477
3573 1416
6235 9902
836 7543
1723 790
7708 929
6384 7031
2981 4176
2636 5088
2651 8459
92 8894
8571 3714
960 6493
9221 6545
2635 3886
4113 2698
2362 8765
5194 9676
9745 7109
7218 1467
7899 4925
2396 5361
3035 6456
9537 5671
1544 2187
5209 2715
1080 4858
6429 3119
1351 6729
9665 5065
614 4856
7763 4055
3620 4035
3730 3364
1144 2026
5910 121
6951 9385
5483 1064
5840 6098
7815 8463
8286 3023
1178 444
8960 8686
3564 310
6493 4307
5375 7107
9163 4217
1161 3861
9331 5970
8304 474
7996 5292
1675 6026
4676 8237
8169 1594
4334 5983
1136 2619
84 3393
3064 9045
2078 6628
433 8572
2013 6888
6757 2254
2183 8998
6115 1513
4967 5497
3067 4042
1867 4742
67 7622
2978 9315
9216 7312
5298 1430
1010 6461
4823 4074
6584 6902
1780 8097
6552 3793
4984 4387
6047 8246
3384 3240
837 9431
9816 3904
3472 1682
9725 4618
382 3781
3932 676
2172 308
2107 3182
7849 6930
8335 4432
4910 1193
2528 1461
4986 8591
6928 2111
7915 311
6430 8753
820 7324
2656 5371
84 3460
9989 466
7241 5000
1142 9413
6387 3249
3673 4235
1258 2007
9747 6168
3200 3353
8709 9265
1944 5636
2454 9859
7026 9963
9690 7847
7286 3425
3217 8449
6885 4285
8915 5204
363 1136
5696 6750
5464 9369
985 6722
2455 731
3969 6734
4084 2677
7078 7107
9392 610
8045 6417
573 7734
5342 8938
2237 9639
8466 9122
5002 7380
5405 5365
9595 1100
2114 5059
1547 4178
2859 4002
5988 6828
1815 1151
583 8893
9337 9975
581 7381
7471 2233
6194 3891
2250 8431
3529 715
8632 9610
8095 4036
4974 8769
5136 8168
3827 7762
3424 7765
1764 9413
5672 4658
1642 6255
4629 978
7309 5210
8360 5858
7444 5632
9749 9694
5141 4357
408 3772
3966 9582
8887 19
9429 5101
9266 3255
2863 2689
2099 4627
3180 7771
363 4822
4025 4992
5801 2412
201 5239
8270 8724
1949 8019
8417 7090
3454 9904
1941 7420
564 827
8518 9993
5929 8862
4327 8792
2630 6426
4497 5810
5275 4860
1711 378
9852 8591
2791 1131
4908 2139
9856 6857
1236 9351
5025 4690
333 6966
3189 1976
7794 1706
1968 4801
568 7374
3592 3198
4878 9168
86 152
5106 2876
1610 6036
1466 4401
7167 6374
7619 8101
4309 8856
7452 9335
3545 8864
6300 6734
839 5172
9520 3886
9973 1166
2339 4643
5443 7217
3810 5529
8449 8916
9485 58
4951 950
5538 3197
8404 3156
1297 2712
3090 9828
3125 6636
8691 9426
4448 608
5676 3967
5574 5649
5133 7913
1370 575
5129 5181
7184 4656
5175 6668
4714 1205
8697 1330
5481 7100
5566 7857
891 8656
7685 4016
6370 7454
4520 818
9142 196
4785 4715
6924 997
2627 8294
2651 8835
4553 9835
3491 807
7581 9284
3091 7357
614 9651
4456 7259
7507 6426
5914 6270
442 3363
3724 6041
4181 3944
7316 8966
8659 4239
1041 1285
3612 3693
119 9244
4606 3610
1129 3266
2894 4220
622 4587
3870 6157
1845 2456
2583 8838
8726 4104
2200 2449
144 7460
6393 7461
7505 6130
2778 8546
7415 6390
3317 8614
6713 7924
3302 7842
2268 7275
3141 2890
2940 8090
9047 5864
545 1629
5781 9272
5733 7981
2799 6957
6520 271
4417 4024
6401 8274
3648 4895
5743 6966
4587 2455
5968 7889
296 8236
6243 4516
1125 9183
2606 171
5047 3151
2880 827
2422 8613
9887 6301
5569 6406
6572 1064
1508 2972
9339 5157
7867 5081
2122 2453
8615 8090
1421 9990
6325 7664
4506 7450
7925 7112
8700 2971
1341 1579
4877 4843
1271 4764
1143 7919
2248 7715
62 3757
1765 9401
9993 711
5560 2114
4243 5253
1282 5664
5242 8686
4406 826
7214 2331
7938 5913
6381 358
8572 1258
5201 921
7101 6344
8840 9349
5137 9981
4184 6902
459 5255
7613 6019
8448 1856
2350 9730
8599 7593
9494 3005
8419 6707
6415 7436
3699 2795
7794 2270
4053 4073
4270 1153
416 4188
1581 5553
4169 6844
3533 4628
2099 1146
1726 546
4081 4076
1355 2679
2747 848
5684 2245
8635 2098
9681 2333
4894 8553
5682 25
2625 9952
2258 4120
4139 3839
751 9387
1761 5363
4015 3860
6509 5741
5486 589
895 7920
3269 3643
9847 31
5888 8481
3209 6647
813 9182
5199 7574
9207 8903
8604 1464
4101 3822
6382 5931
3208 8144
1293 7223
2003 8882
4042 8568
9471 4938
6487 3818
9660 7413
4929 5547
5893 8138
2193 7786
7319 8471
5359 7604
8452 5042
9069 3631
8864 6529
9562 2071
4672 1933
9295 7755
814 4415
6322 1364
9353 3888
5182 90
1300 1189
5637 8272
9327 8909
6057 7724
8458 2495
5328 6909
7537 5475
539 6400
2003 1179
9550 7755
3113 9923
5509 5006
4338 2909
6370 4769
7876 2631
4860 254
3820 1575
8527 4226
484 5662
1949 8942
9236 8356
6930 7851
4909 7469
5329 7992
9728 4879
5746 3919
4801 2333
8925 9139
6321 5295
4987 4197
9005 9847
4451 2824
1421 4056
7050 1905
797 78
1926 1111
9513 8856
8963 4422
7403 4291
3492 7130
9170 316
2127 3971
2649 1052
4188 8970
7426 9175
4245 6430
99 9776
332 1521
4910 8462
4505 5707
8540 6431
6819 9131
6365 6860
4631 3768
1150 8123
1976 1399
8439 4104
5370 2166
6235 636
2215 3660
9812 7539
1168 989
7314 1500
2510 2224
1040 8095
9010 9580
5604 6907
8711 1969
3766 3341
6816 4917
2543 8792
6316 2060
3974 2764
5306 208
4479 8600
4947 5369
6138 7194
6359 3452
9774 9948
6755 813
8042 5764
1472 3646
2671 1261
6694 6437
4602 3509
2432 8224
3379 9827
284 7354
3669 6669
8641 8149
5268 4667
3517 1405
1860 954
5936 1633
902 2690
3526 8944
8455 4998
3668 2204
6259 361
8641 1939
4949 2152
1242 8329
1978 2605
6761 5648
9274 5401
4875 4541
67 9471
7025 1928
425 2961
4640 2406
5651 9245
2428 5184
4242 6097
7388 1579
7537 7108
4598 3565
9260 5840
1893 1237
8445 8654
7964 7718
5133 2838
3337 5201
3388 1440
8208 3813
4401 3926
7298 1131
3171 9726
6315 7413
5822 3703
71 4438
810 4669
8003 69
508 974
2385 8953
9628 1428
7749 4760
5345 2164
1039 8733
3604 9247
3624 8006
3173 921
9137 6344
647 6530
4835 7548
232 4906
1985 2121
653 1066
3269 1161
2040 6734
1192 2746
8162 19
7507 3506
2183 9625
2239 6867
8872 5863
5951 3123
7864 6166
545 8511
2695 6459
6058 4007
2444 9123
6128 3097
188 476
5338 3308
7210 6530
6054 6450
7629 4639
9956 890
4264 3273
7757 4214
215 3707
8416 8079
951 8961
6589 3647
6498 3725
7654 8942
3926 4860
3118 5194
6415 8456
8502 3624
6064 5634
73 3692
273 1108
5662 5616
4381 3418
9830 4596
8205 9324
2674 9156
8284 341
3881 5860
4067 1534
4802 9072
7474 7920
4265 3888
7454 2766
8592 3517
8401 9744
8289 9753
851 5029
5368 5233
9526 6276
907 7730
5599 3582
7965 4961
5002 1845
820 9069
4459 6701
8141 3011
5699 3484
7978 3152
7330 6569
7749 5730
7392 7116
6561 8243
3223 1928
4554 2748
9283 5462
478 4881
122 9522
920 5124
2445 1740
5272 7983
9521 4491
993 5219
7975 8972
9451 5304
6619 8278
2112 4010
6472 8673
3332 9695
1679 7886
2442 961
4426 3999
6921 4548
4599 7841
751 7045
660 6023
5027 180
1592 7100
6478 9567
7150 7007
5950 3768
6363 8062
8858 3913
7814 2189
3607 571
1153 7129
2612 5580
2206 9533
1206 6806
8453 3036
4929 9113
137 1034
371 1729
9213 7928
2375 6362
4935 8325
1209 2376
7465 1145
6290 6357
3334 975
6929 5566
8104 9541
1145 1389
151 3431
9274 8604
6467 5281
8795 6605
6315 244
8334 5528
8173 1787
2968 4186
111 4177
7641 8656
5322 3930
5012 9735
4906 3019
5301 4088
2559 7525
6556 3790
2034 5829
3472 8502
1109 2267
6185 8504
3590 5597
4031 2841
7385 6999
8106 7496
2255 5747
7230 8656
755 2242
9470 5661
5261 4770
828 8900
3373 7384
2689 5408
4292 7240
4988 5401
585 1172
3904 4176
6769 9014
8096 5232
7092 6202
2728 425
1948 1036
9081 2703
3278 9629
9444 9619
4398 1350
8518 8851
8734 2285
4258 4104
9525 324
584 110
1496 5567
5365 9344
4581 3460
4576 2751
9662 8383
3176 2688
9419 3335
6471 3776
2964 6993
3394 8441
8343 2990
8370 8155
6354 2627
2259 6957
2951 3922
8146 5526
9489 3510
5949 4069
8050 524
7899 7711
8907 2153
1478 9404
6568 9028
3179 610
6020 7652
9051 5441
641 7421
4674 8074
1126 8012
5031 5157
1933 3176
1761 1422
6687 7710
6570 4736
9313 4469
3525 9298
6622 6082
8702 3189
5109 2959
4878 2207
611 3929
8727 2331
2428 4480
405 4633
2491 5436
868 5504
9691 2630
6926 6377
1418 4574
2191 731
9043 6796
28 6744
2877 8730
1011 9066
2768 5890
2351 4458
897 2157
6789 4404
6637 8273
9037 9128
4787 984
4631 4478
3614 2635
1933 6111
7210 4125
6842 7331
1999 6871
4074 4876
6679 6165
5020 525
3133 8451
4983 4030
607 1772
8434 7244
1123 8549
7450 5911
9533 3160
388 4225
5795 2321
336 4083
7525 8257
1414 9524
6206 6567
5479 2885
3810 498
4489 6943
8949 9473
972 9556
2323 484
7878 3446
9034 5328
9357 9645
8488 9745
3870 5361
3145 5285
523 669
3541 3016
1272 9748
661 6751
3711 4472
8328 8200
1414 8356
7672 3466
8990 9995
3950 6868
3441 4062
3274 3876
3707 2840
4700 8656
9280 7845
3940 9803
9593 7481
2818 1943
8307 4559
8694 2017
9031 8101
1296 1523
6456 46
4989 6524
1120 18
3391 5640
5159 7744
9516 9945
583 4215
8600 9864
3138 2539
744 3810
1099 4642
5753 484
9201 5526
3581 8231
3626 4877
832 1160
4923 5822
7684 6043
6919 2154
1682 3156
976 2277
3101 1560
6492 1700
2502 9631
5319 3246
4519 7497
7888 271
7981 7088
5797 2640
6397 501
7517 7230
2740 2440
4130 1503
9562 2127
3657 2323
5283 4633
4600 9463
7272 1091
2242 9774
1800 7561
4099 6319
6136 3065
7670 5195
1232 3466
7836 8708
5047 6431
5937 7787
8871 1145
9290 9512
4351 4025
1834 9635
9738 6434
9097 8088
8604 1338
8941 1483
9978 3039
8881 7192
6104 6550
3466 8415
16 1301
7123 6142
7732 4138
3928 7682
5284 4297
8272 9635
8322 1184
347 9138
8697 523
7226 8379
2940 6166
9862 3997
283 8743
1188 7466
5292 4654
5881 6387
7034 3003
2528 5845
8220 7536
4605 3503
1832 3955
4217 1232
5139 5643
370 3835
6166 8675
2213 9107
5919 3154
3103 6202
1896 5370
3667 8267
1103 626
4654 9216
4708 8261
5060 2928
5796 743
7510 8707
4698 2805
9940 915
8449 1388
4750 4614
1141 8043
4799 7060
1196 7902
4340 4171
4351 9086
2437 5454
9713 8170
4669 5499
7510 808
8427 4384
1551 7016
3091 7329
9821 4109
8244 8269
6576 4073
2883 7717
2115 7682
5855 4390
6663 1273
8561 2092
358 2076
7546 1149
1325 3293
6649 8835
4101 6154
3218 6732
3169 7388
4060 2990
1496 3382
2337 9151
7455 5220
6867 648
3981 3800
5038 1722
5073 4677
3814 6511
6754 2438
7660 8079
5731 4308
7992 911
1541 1209
7643 4710
9677 2781
8779 1172
7242 1116
323 4697
7415 8269
6424 2474
3148 2541
4196 9300
7218 9089
5810 5050
1526 3470
4207 8337
8857 2198
9248 397
4487 7969
6187 4163
749 6044
6414 7991
7160 7816
3766 4575
6085 190
8128 311
2731 3403
9611 1027
2491 5421
6078 5097
9970 1363
4512 9905
3562 3759
1381 9128
2806 7568
3290 3555
3611 782
2624 1850
8599 7470
7504 5762
8739 5631
6073 2548
112 5683
3575 2604
2182 731
8780 3230
2095 4370
3135 6736
8129 4516
5863 2013
3162 231
6647 7852
1013 9271
780 9612
6740 8284
6452 6557
4994 2524
9105 5106
9287 2680
8789 1468
4490 8647
5778 6585
3016 8913
4399 2223
4507 1340
4236 7669
1571 882
6599 2585
1232 7380
3275 9051
6742 9728
5608 1735
3330 4712
7921 2616
8471 6709
5164 2961
5356 941
624 9451
932 5024
1674 5439
6364 5910
4186 9015
7872 784
2678 9104
9243 7032
8154 7064
7838 3761
8799 1168
9553 7798
4863 8023
5586 26
983 941
2046 2687
1470 2978
7711 3144
8417 5153
133 2602
5246 8005
4466 7924
7108 4787
6035 6340
1850 3872
101 1728
5040 732
9526 9904
8755 5111
1008 817
7131 4134
3504 8602
7112 2293
1745 6608
8525 1878
288 3771
961 5833
2773 8069
620 8808
4409 2470
2680 5589
4198 8799
6321 4803
9781 6154
992 1868
6971 8124
6002 474
6725 3113
2767 9549
799 1292
2506 1088
5063 3467
6921 8915
2615 8620
7723 8103
1090 1481
4770 6367
1358 2169
2248 1139
8323 3241
3007 5294
1364 87
5768 9168
3200 8536
9795 5079
906 3379
6167 5969
7926 4166
4883 540
2786 3684
9722 4955
6244 5570
1321 7603
7739 4649
9821 6061
7890 2827
1354 332
2914 8202
9500 7193
7816 372
2271 8722
3752 9517
5769 1677
3683 1730
3296 7548
5415 4096
2502 2737
9666 4902
339 7404
9551 159
4543 7440
4065 6977
8851 8058
5178 9429
6330 4072
9802 9680
2793 3553
9197 8562
6309 3958
291 683
1505 6785
4779 4007
9523 4444
9988 940
2926 9539
1100 7469
8057 6244
5524 6908
5381 701
6336 1710
4773 7216
1389 8645
1847 1664
8285 8156
5622 9656
8839 8206
6440 4696
3291 7041
218 3279
7982 3144
3896 160
1692 3031
7483 7216
1017 2863
8997 7354
4573 4848
5648 7042
3493 7496
8706 2856
5651 5407
2511 5569
4691 30
264 7983
7071 1562
2340 6131
4706 7315
7370 7477
345 4853
5772 1363
8795 4768
9796 3368
694 5443
1488 5266
2938 193
8123 9669
6679 633
6316 1370
1742 6580
431 8814
9221 3850
6023 3927
1164 4472
2482 1509
403 8254
2872 9198
3021 2667
2565 4795
9190 4053
60 2127
5326 8183
2874 3083
9896 9190
4453 1637
6849 5963
1529 6069
9813 8632
1074 976
3103 3557
2486 3506
1810 6437
2703 5911
9105 6348
705 8294
1479 765
1499 7884
27 4374
967 9923
3563 6499
2638 411
2462 4168
6481 2274
2799 7555
4330 5902
2190 6816
486 4001
3252 4268
990 3435
615 1695
2807 2095
3539 5386
1057 4645
9760 2024
5646 4401
8524 8285
4813 2064
2452 2372
4338 6330
1005 8668
3310 3196
6562 3796
8276 893
8064 9266
5407 9759
2039 9294
2932 5578
4679 3989
1302 4438
6014 6948
8839 5616
5232 4730
7680 8763
8181 3096
5092 9187
1764 9481
3461 9405
3276 1736
1376 2419
2080 6784
3256 4119
6077 6188
775 755
176 2077
6272 7269
9026 6189
2884 4257
919 563
4099 178
3660 9191
443 6503
8672 3904
6986 3026
6719 8363
6524 8799
5146 9780
2917 2301
7046 4772
4135 7223
6849 406
4491 6953
7674 8455
2289 9672
96 6388
9851 3756
6657 293
1337 6407
4198 8324
512 1995
7765 7036
794 3989
7895 4790
6290 4940
9562 1503
3241 7490
1909 8812
4442 661
7266 6731
333 7362
4197 183
2197 854
476 4613
7261 5753
4015 7773
7749 1779
5888 8543
5768 4861
4411 3136
9801 3973
4639 3042
2541 7627
1853 6983
8289 197
4793 8622
8638 8990
8805 834
922 359
6527 8184
6113 541
7035 4940
2321 2922
4561 8089
7783 8972
1225 8663
4023 5864
2783 6564
3491 5715
4626 1779
5912 497
1479 5628
565 283
7542 1488
642 4068
750 7834
4609 7785
2773 6930
1786 7334
6098 647
7385 8402
388 1407
4265 3171
9051 8835
9965 4755
1692 6955
5252 3171
2583 5817
4533 124
8384 6255
4192 9134
4088 9880
7998 7941
6810 862
5274 3986
1509 3737
2387 2977
5145 7731
6148 5274
7645 6113
28 415
3067 6359
3587 6729
3254 9199
6853 1638
5453 1044
771 9542
2003 9848
7482 8813
709 3834
3877 3298
7572 6264
6275 3795
5073 2422
147 2717
9614 175
4212 3760
7613 7799
488 866
6997 7342
2504 3529
9465 4355
3070 1467
4202 1630
1358 4912
6543 6314
8210 5193
3656 4484
66 8730
7985 213
2525 8678
1467 6737
2437 9080
5614 2925
9947 3690
1345 2450
7219 1889
6805 1367
4435 2086
4076 6873
8077 618
3186 6286
6891 6843
1848 6957
6651 911
7171 9176
9589 8638
6992 3104
7718 2605
7109 7664
7374 8454
1192 5671
1421 9077
7038 5857
1162 1113
3808 9239
2811 6994
6603 9702
4915 9530
6658 1565
440 4907
1820 1108
3545 8812
4212 2341
2495 1320
4 9870
853 2275
6619 2274
1351 3657
9210 2513
5849 4096
2830 9739
1090 511
9440 6005
40 7177
8650 1560
2083 469
2668 6707
359 7959
9048 2854
358 130
3802 1211
2406 421
4564 3757
5157 4853
7350 1005
8949 179
744 1117
1770 1262
8202 1810
8439 6851
4449 1601
7320 8196
8308 7679
6155 7356
1611 6513
7486 6493
8803 970
6914 3366
4728 3149
9298 3156
4154 8247
4414 5977
442 6184
8319 8644
7995 7836
5494 3522
9437 3892
1718 7745
1570 8952
6179 4261
6543 4743
753 5345
5714 8746
9790 441
1894 9088
4676 7127
8413 9090
4183 8855
5274 2501
7499 4347
336 4071
7869 852
7964 665
9676 612
9617 5854
4873 6159
596 6705
2582 7389
5450 2372
8909 8423
2538 3584
5550 2029
2674 811
1962 7948
3312 539
3373 4727
4611 1241
5579 3653
1907 5254
4265 2602
2186 217
8762 3862
6922 2422
1250 3451
5873 159
1873 9490
3743 8502
1518 6417
391 4560
5443 4782
5099 8816
9510 788
1136 6167
4441 3043
2500 8707
6724 5765
2 6564
9627 6924
8987 877
1453 4859
1036 3327
4349 5858
2907 6946
3354 4378
1505 8797
9160 7684
8692 8669
8472 9828
5915 3992
3949 9494
3777 672
5258 3779
7237 4885
702 7302
6841 2156
3239 8956
6562 7588
4813 547
5613 8167
4925 8197
8043 4085
5880 6734
3832 5431
6561 825
501 1588
318 4278
2260 6656
8057 575
1540 9838
7877 8381
3072 1116
8415 712
9783 3227
1260 6474
2473 7264
4671 515
2427 1629
7249 7339
8139 4888
9243 8640
6476 9562
2917 9815
7296 2052
390 8836
1890 9346
8295 4962
461 6709
5675 1323
1014 8014
7797 3487
6356 3546
4002 9863
6255 2329
7201 4393
7217 7522
3033 4771
8162 7029
4586 5457
9082 6055
4292 2050
5400 3665
7012 5862
1452 3765
8264 2467
2857 7139
5954 9214
685 1035
154 6940
4443 7355
2411 2739
5955 6523
7510 4117
3552 3174
9574 3712
9229 4945
5762 4629
8610 2773
1569 62
7618 9833
3608 474
8050 640
766 8735
2754 920
6753 7198
9354 243
9937 5309
6766 8525
9426 317
1699 77
4029 927
5022 9791
6635 3632
3643 8204
4773 1260
9115 8381
2813 7165
99 4659
6978 2854
6658 4810
51 6012
5053 1066
2399 1818
9591 2903
2136 2368
2980 7244
4375 8003
8114 1009
2713 1756
292 7486
4095 9407
6945 7987
7650 8123
2645 4628
976 382
9438 2106
6394 5569
3172 9872
7387 3842
2774 601
6210 6833
7846 1663
4835 7038
2673 8627
8794 2965
7191 3967
3450 5214
3032 2179
3337 6757
6807 5392
7139 7323
7499 4611
3970 1749
4482 1356
6670 8335
1958 3959
5167 882
5622 1081
7920 9374
9708 7792
3417 7978
2837 6868
3191 6948
9047 6528
3704 6932
1920 842
5333 497
6532 9303
3325 1013
658 9996
9348 3695
3954 5594
5656 9576
6675 4654
8950 7461
3524 2366
6517 7440
312 9709
4388 437
6236 9171
7369 9235
13 3780
810 7624
3082 4136
8638 4820
4131 9064
9594 8085
4657 6329
8739 2410
982 8767
950 5586
2212 7467
3025 2524
7175 8492
2962 4490
7663 1409
4803 8755
6269 5614
6378 9351
9750 5015
5249 3880
5158 5922
3043 893
2250 2860
4383 4311
1627 5333
975 3839
3878 4001
7442 2132
3571 403
7701 1233
2892 2503
9988 9161
9196 7445
9590 23
2459 5918
3903 8696
1839 8025
9590 5168
885 3972
557 3591
383 1533
8509 4261
6613 5950
7472 183
6354 5172
2496 324
8755 2483
563 7950
9928 152
7974 3466
6070 2955
3240 8988
2059 2829
5234 4023
7880 5792
7614 8263
7325 6122
2524 3937
2071 9996
5199 9504
6247 7695
906 5001
1257 1469
4029 1184
2701 2002
5729 9850
6037 8970
8838 8096
2877 4071
2118 757
941 810
9020 8266
8011 2622
3281 1160
3697 8481
1743 1022
6175 2649
6023 7432
5198 51
9696 7899
3133 6503
7748 9170
6551 7664
8344 9429
2814 1540
1264 3755
2350 1362
2021 1439
5064 5302
2599 8761
4861 4342
9783 1036
8071 6884
9547 3268
8014 320
1166 1146
6824 9993
1394 3374
7657 9738
3881 1549
1277 5145
5304 4706
7587 8404
6145 2650
4785 8745
1410 9646
4165 2271
1760 2235
233 2386
6582 8247
2706 8827
472 608
8820 1866
3983 7555
2683 8943
9104 3960
5167 5486
9746 2753
4969 5890
5403 9754
5713 7892
477 957
1241 3317
4271 1474
5703 853
799 9488
9680 1271
96 9578
4217 5158
8211 6900
4100 8393
1938 345
3879 1683
3098 9927
8653 8501
9680 5444
7471 1235
7480 8712
5631 1751
1264 2412
3683 2064
1900 4441
4414 3075
4019 8631
8233 2229
5530 3411
622 7469
3757 5580
230 7934
5506 9962
7514 6264
6485 4984
8578 3964
3696 4209
5715 6039
7700 9398
8103 9600
3839 2517
3753 8937
1147 3064
2244 7757
6476 3945
6304 1311
603 7613
323 7188
7575 7837
4530 4059
2821 3108
8023 7596
8396 4817
3634 6095
5293 2816
6774 210
6412 526
225 8638
3591 2470
6394 1145
7494 2697
3535 8098
1389 3858
5285 8964
1695 9816
4101 5595
4002 3202
3190 3476
9098 7903
9571 4391
1797 6344
5680 8209
7950 5906
6847 2619
9455 4319
3764 6948
8096 8378
5045 9485
2235 1409
9527 5009
2303 3627
603 7384
7908 4872
859 7006
3854 1508
2475 5651
8932 8155
3860 6881
5139 1785
9500 4593
6104 4342
1541 4199
2719 7665
4762 6033
152 4288
2121 3534
8994 2724
917 6902
8676 2855
4986 2529
4364 8540
9259 3295
7773 4197
175 2912
5982 753
7505 3165
5095 124
8443 8893
8869 3205
4925 9021
7493 7046
3634 7566
849 5630
4467 603
8486 531
4211 3928
9071 3469
7223 7922
7667 8477
833 4727
308 9418
7892 6482
620 7414
5374 9489
618 1377
9589 9190
9503 3222
6755 1430
8852 2300
2033 8416
3910 6244
2343 2980
9713 644
902 8458
199 2814
3185 507
2231 2155
6989 3931
647 3441
3419 1265
4819 4086
1534 4321
7308 8289
6830 7239
1668 8863
6733 5578
5106 155
9638 5897
799 1618
5434 2078
4432 8619
2585 7743
1852 653
1673 2500
4094 6171
4844 9992
257 7457
5391 7565
5746 2220
5882 8493
1082 3694
4070 7267
3849 3707
3164 5727
6404 8598
7805 836
8295 1469
9658 1225
2122 1330
4804 6216
7501 727
7287 7758
8184 2677
6402 5008
4898 3362
3500 5980
7056 7571
4326 1983
2356 8569
7711 8761
7166 6594
675 6539
8063 332
8843 184
2741 3647
7480 1320
4374 4766
157 3636
8522 7638
8645 3419
999 2144
478 9135
793 4804
2196 4229
3372 9907
2989 1616
7580 4743
8155 5642
5075 8076
6906 8895
2801 5464
214 7175
1308 371
811 9830
8009 534
3249 87
2678 3727
9222 3472
8531 2496
7701 1902
3482 1768
3518 1061
6511 2751
6703 2664
826 4687
1558 3628
150 2851
1881 1458
3223 3771
1288 2310
4305 4537
2397 8063
9343 2697
1534 7873
5194 313
853 8676
2081 4371
9737 9671
8201 7518
3413 105
2205 4971
4812 2355
7822 6694
3814 2123
1543 5102
4434 6928
717 6831
4990 59
9529 7603
9011 4722
7916 9864
4476 1075
5313 4212
1824 4592
1729 5237
4697 3934
1286 9510
7369 186
7282 1182
2310 8825
7363 7823
6831 9159
4653 1820
296 5260
501 9307
1060 9496
248 5536
1649 5561
826 3473
1231 2556
8710 5928
7569 1074
5437 4937
1261 2718
7198 4650
2622 5639
2472 9453
4797 8204
2352 5093
3464 2853
5478 5603
3428 5726
1139 5077
2365 1965
8551 3596
5600 8339
603 3169
9414 6040
9185 1753
9838 7462
6403 2459
3100 8875
2990 7898
7078 5342
4069 1620
9275 9548
7224 2702
6352 9442
7779 8718
2485 7408
3392 8086
6826 3995
2333 7318
1114 2596
9071 951
57 5473
4489 3158
5426 7479
2134 3582
3900 6203
6282 3174
5750 3505
6955 3181
4025 5812
