1000
13883 0
196631 -1
-204578 2
350500 1
320939 -2
245806 -1
-331791 -2
-454833 -2
47736 2
414455 2
157300 -2
90451 2
-234800 0
-11378 0
153504 -1
-328480 -2
-436328 0
120864 2
-396717 -1
262025 1
421761 2
-179412 1
-312151 1
-407413 -2
-440676 2
-65722 1
-173918 -1
220951 2
81302 0
119313 2
338427 -1
156030 -1
26585 2
62400 -2
116913 0
-382973 2
308505 -1
-255543 1
-476053 -1
62120 1
8602 0
130888 0
-465571 0
-335768 -2
-70727 0
378653 0
-285602 -2
274681 2
-22437 2
-407968 2
206535 2
395926 -2
67429 -1
305037 1
398627 2
-69383 -2
-195509 -1
267445 0
-441964 2
298223 -2
460291 1
200497 -2
-499321 -1
-377850 -2
480092 2
-462041 -2
-424346 2
-75712 -2
-264944 -1
201764 2
151837 -2
207343 -1
335204 0
244293 -1
291000 -2
232761 2
490250 -1
-305843 2
-498616 2
-121681 2
-16152 1
219765 1
296788 1
-2377 0
355032 2
233017 2
69984 -2
320566 1
474190 2
-475676 1
-137898 -2
299301 -2
-191027 1
-308738 1
350568 2
-221521 -1
246581 2
297953 1
398719 1
-266567 1
-13590 1
373593 2
-225461 2
-60224 1
-311465 -1
-33334 -2
-482675 2
286964 2
-270094 2
-419838 -1
-275628 -1
447501 -1
-61638 -1
-389540 1
-100598 1
395415 1
271481 2
-475411 2
-247845 2
111706 2
351720 2
-330779 -1
-473742 0
-62921 -2
-222420 -1
-186982 1
365065 2
-158576 -1
2024 0
269876 -2
-14628 2
126352 0
-21659 1
-349473 -2
309386 2
167201 -1
97188 -1
419082 2
-156360 -2
299126 2
221486 -2
87691 2
-467887 1
368679 0
-3855 2
-411976 1
-408953 -2
260377 1
32471 1
-410547 2
227329 -2
-404704 2
-267385 2
-208119 0
61179 1
-147910 1
-322225 2
-250521 1
282760 1
42943 0
-221999 0
-199741 1
318356 0
201341 -1
-311127 -1
242323 -1
-121851 0
-471426 -2
-322719 0
-338762 -1
-240599 0
-473118 -2
-178997 2
-398206 -2
52628 -2
-341406 0
171335 -1
-236784 0
-114807 -2
-349597 -2
-418180 0
388089 2
-258619 1
-93041 1
422212 -2
-320700 0
122509 1
355006 1
238294 2
-388615 -2
183420 -1
-459992 -1
375453 -1
342000 2
-101662 1
-406417 1
117070 1
-32584 2
-368876 2
-367272 1
424576 -2
94047 -1
302774 0
-106066 2
340291 2
-409253 1
-482087 -1
-378310 1
243922 0
-24696 0
200276 1
-166185 -1
152163 -1
-250974 0
170618 -1
-117607 1
291969 -1
176173 0
412406 -2
-191220 2
47082 -1
117689 -1
-444561 2
227273 2
-131967 -1
-496740 2
301799 -1
306299 -2
304845 -1
-123164 -1
311987 -1
490757 -2
152268 1
301534 -2
31770 0
-418351 -1
-136157 -1
-193836 -1
-285263 2
78870 2
-256516 0
-23894 0
105846 1
117618 -2
-455658 -2
297386 -1
260729 -2
151051 -2
-182769 2
452381 -1
29552 2
162649 0
356375 0
364091 -1
-277694 2
265183 -2
238355 1
22021 2
3062 -2
378939 0
66657 2
-341527 0
159195 -2
270166 1
-447736 0
-417903 -1
256285 0
-360757 0
-29651 -1
-439988 -1
258519 1
384185 2
-214304 -2
157953 -1
215561 0
328761 -1
-104401 -2
-295122 -2
-297533 -2
-139036 0
290969 0
-274857 0
281619 -2
155899 -2
467417 2
-173783 -1
-189596 -1
-373319 1
358558 1
395082 -1
185172 0
-365776 -2
483087 -2
-177093 2
-113900 1
-437103 1
365557 -2
349785 2
4679 -1
-136436 -1
-112677 -2
6968 1
309497 -1
-151306 1
197313 0
17394 0
38334 1
-441458 2
-497172 2
-140561 -1
45268 0
393511 -1
-319764 -1
198974 -1
348846 1
473930 0
24824 0
63987 -1
-326568 2
454944 1
349545 0
96392 -2
321667 0
-383504 -2
-425769 1
115331 2
-15898 -1
245102 1
419563 1
11724 -1
-120421 -2
239292 0
-108704 -1
131903 -2
-486990 -2
-165916 1
418291 -2
367827 -1
254806 -2
-350496 0
-131816 2
-377016 -2
100604 -2
-102385 0
160691 2
272829 0
81121 1
-337036 0
-330281 0
196277 1
404334 2
449921 1
182789 -1
-100916 1
122697 1
-168594 -1
-339928 1
-29583 0
262736 2
321223 -2
453705 -2
-294820 1
411319 2
-212702 2
291220 -2
368621 2
-402981 2
244801 -2
421281 0
237500 -1
128269 1
323242 -1
-390660 -2
14414 -2
-319787 1
433634 -1
-398507 -2
148860 1
-364741 -1
-267567 0
395916 -2
395514 -1
-242278 1
-294282 2
400140 1
376028 -2
189932 2
414709 1
448706 -2
393187 -1
17431 2
-335190 0
496219 2
75547 2
441806 2
-314524 1
-400863 -2
497031 2
114079 1
-169051 -1
161366 1
10951 0
-310498 0
-498900 -2
-119538 1
-413457 2
52922 2
-197362 1
-409943 -2
361989 0
-15017 0
-342140 1
-477084 -2
-19039 2
-217608 -1
-449253 1
-288436 1
286213 0
-492712 -1
-4048 -1
133539 -1
-105510 2
-7824 1
-478393 -2
-351538 0
-5116 2
-470655 0
-490794 1
-48365 -2
300284 -1
199605 -1
276457 1
181454 -2
-229196 -1
-254750 1
-14737 1
-246447 2
144935 -2
-256525 0
491923 1
44263 2
163428 0
-321188 -1
266272 -1
-218237 0
426202 0
469534 -2
-27183 1
-362214 2
-418485 0
263241 -1
206491 -1
313696 -1
433248 -2
1494 0
364434 1
-216420 -2
252671 2
-355275 0
-434313 -2
-342917 1
-457875 2
-293692 0
-358929 1
392355 0
-349744 -2
44998 1
-385232 2
-200893 -2
61845 -2
-190216 2
-414925 0
341860 2
94433 0
-166978 0
472240 -2
-363473 0
59511 -1
-336062 1
-391952 1
-277534 0
-149717 1
-203255 -2
419 -2
-161025 -1
388063 -2
-347626 -2
-128447 2
-53646 0
447864 0
49644 1
33102 -2
225092 1
-9502 -2
182694 0
165766 -2
-454571 -2
193500 2
421120 -1
181142 1
-420782 -2
-94203 2
222067 -1
433636 0
-339482 -1
-136566 -2
44508 -1
400981 0
168189 -2
446014 2
-430345 2
-1042 1
267540 -2
202572 -1
-146428 2
-309869 0
71425 -2
-242553 2
-322167 1
-171429 -2
353333 0
471609 -2
118747 -2
-385466 -1
235741 1
-302968 0
-447251 0
108124 0
-145472 -1
-383470 -1
434587 0
333527 -1
-496888 0
3815 0
-469270 1
39019 -1
-265470 1
360081 1
-282973 -2
-308026 0
-17615 2
-406695 2
-461349 -2
-114594 -1
-201683 -1
-245718 0
333466 2
499263 0
-331065 2
-266263 1
-53527 1
-134630 1
179587 -2
-323100 -2
-368693 1
337646 0
-101857 2
453215 -1
-114713 2
264217 1
255506 0
-366520 2
-416904 -2
-48574 -1
-151721 -1
-494985 2
-388171 -1
268544 0
342558 -1
-17544 1
163140 2
225358 2
-294209 -2
-493107 1
31017 0
-318148 -1
221474 -1
288241 -2
316262 0
447184 1
-338445 2
-255959 -2
320645 0
-499202 -2
79936 -2
-434246 1
-69116 1
398667 2
-404084 1
395722 -1
20207 2
491919 -2
-486398 -1
349008 2
-245528 -1
-217914 2
-108371 -1
-15986 2
-451303 1
426955 -1
1391 -2
418928 2
-353414 2
423880 -2
-50455 -2
395628 -1
75067 -1
-279605 -2
-290614 0
435574 -2
-99481 2
370069 1
-13591 0
-202498 0
-90453 -1
88168 1
-297781 -2
-448433 -1
-360766 -2
145813 2
-268012 -1
-411269 -2
-343093 0
191388 1
118041 1
-219670 0
21807 1
-347099 2
57343 -1
-407379 0
268191 1
-473509 0
-156339 1
-183495 -1
-119895 1
-25205 -2
-364530 -1
146256 -1
385106 2
-113549 2
-40798 1
-470251 -2
461789 1
6759 -1
-176983 -1
-277716 -1
457589 1
400906 0
-241093 2
-25109 1
498227 -1
-469972 -1
-402440 -2
38871 0
144635 -1
-433219 -2
-85489 -2
416328 0
359444 1
336035 2
-459713 -2
211494 -2
274165 -1
124264 -2
143577 1
-337990 -2
-473588 -1
-211667 -2
-163463 -1
-75022 -1
-96155 -1
320507 -2
288557 2
309372 -1
281675 -1
231079 1
197320 1
-68336 -1
-426479 0
28386 1
373604 -2
129507 0
-162125 2
-137749 1
-26473 0
123374 0
-229830 0
-492260 1
211430 0
-449300 2
411624 0
301999 2
-418222 2
331139 0
-251468 2
21218 2
345788 0
490281 0
26322 2
-316250 0
-456528 1
387657 -2
267360 -1
400697 2
-474548 1
226879 -1
446212 -1
-393865 -2
1002 -2
-17522 2
440066 0
413077 1
252851 2
-245456 2
437190 -2
-113318 -1
174377 -1
433593 1
-272062 -2
431391 -2
320415 0
150244 -2
446131 -1
145657 1
436320 1
-393129 -2
-454062 -1
144875 -1
406824 1
253940 2
-2814 -2
-9324 1
-497072 2
-175409 1
10158 1
263362 1
-316918 1
297892 2
-498300 2
-194702 -1
-43629 -2
215450 1
292201 1
43535 2
-468727 2
260496 -1
247185 0
324785 -1
-448114 -2
116483 -2
348944 1
-203576 -2
114458 -2
449727 1
46700 -2
35819 -2
-424694 2
84807 -2
222774 0
-225651 0
98314 2
167480 -1
184855 -1
441308 -2
-457286 1
-359890 -1
134032 2
56962 1
61455 1
-386467 2
-133910 0
118454 1
-427858 0
408493 0
-478506 -1
270393 -1
-337239 1
317717 1
-413394 -2
185076 1
368116 -2
-470589 -2
-200124 -2
-237547 -1
451293 1
-7718 -2
-319880 2
-496389 -2
-139185 -1
354669 1
232663 -1
-53566 -1
-302873 0
202140 -2
-40555 0
-423153 -2
-69246 -1
-211805 -1
-61873 1
298189 -1
300812 -1
-309805 0
-29069 1
-153823 1
392496 1
-401875 2
467177 1
-445390 2
-202260 2
159930 0
462146 0
-99870 1
-363012 1
257342 -1
-187525 2
108836 -2
-192936 2
190825 0
487381 0
80368 -2
238575 0
-193900 -1
-432241 1
-311630 2
206141 1
389008 -2
-196610 1
490681 -2
-111595 0
137842 2
212590 -1
82929 -2
49447 -2
-129380 2
309223 -2
477786 -2
151058 1
-185989 -1
-126978 -1
-115763 -2
-291028 -2
489983 2
-273108 2
-491177 -2
487884 1
463595 -1
300072 1
-395947 2
331238 1
233790 -1
-301341 2
-141269 1
-246519 -1
-68898 -2
113778 -2
-306908 1
-467246 1
-191044 -1
-319456 0
-102995 2
71356 2
296974 -1
177469 2
400849 2
471463 -2
-159174 -2
2281 -1
497516 -1
181151 2
109345 0
-21713 -2
-355955 0
374006 -1
-293972 0
-259009 0
444358 0
467509 -2
-298819 1
5245 -2
-168525 1
354892 -1
109783 1
211903 -1
275642 2
-73884 1
397703 2
236502 -2
61531 0
218871 -1
-265684 -1
-153442 -2
48520 -2
485896 0
-400081 -2
148574 2
-153917 -1
-117713 1
-449775 2
453686 1
-111959 -2
22538 0
360801 0
183570 -1
317491 -2
108874 2
-326277 0
-259543 0
-21172 1
-408932 -2
-154886 1
370158 -2
-9199 -1
280934 1
-138916 0
-11820 -2
-335212 -1
-88720 1
-106045 -2
-491913 0
177560 2
352475 -2
-327676 2
346459 2
-69874 2
-229433 2
-84586 -2
120421 -1
25352 -1
173850 1
-251544 0
261704 -2
-203910 -1
-195481 0
-229582 1
-279126 1
-393771 1
368594 -1
337078 0
-428787 0
301430 -1
378181 -1
36759 -1
-322328 0
78413 2
-13358 0
-430352 -2
-326313 1
-294161 0
-478316 -1
-299910 -1
246847 -2
165198 2
148394 2
1 2
-346027 -1
-437385 -2
-496877 -2
197278 0
236555 -1
83401 2
-124422 0
443668 0
97937 2
-480856 1
-158951 0
-316250 2
99703 1
459620 2
-62689 -1
240018 -2
-272636 1
-437427 0
-472480 1
131497 0
24706 -2
244719 2
-344724 0
-77324 2
-154220 1
-256477 -2
75316 0
360821 -2
-496697 -1
84108 -1
416421 0
-244202 -1
107237 -2
169997 1
61836 0
-126446 0
406036 2
132428 0
287215 1
482355 2
-279477 1
-161938 0
-274176 -2
-459008 2
409741 0
174602 2
