1000
-20221595 342814341
35090473 37654772
-550059373 232729764
-50747851 421259605
-635686507 897274114
-48660631 -831130245
-902932128 -209309295
578844584 486065255
861419784 312517788
-469529655 283568082
-858921613 149636055
-537249279 -386793920
-883506270 563913802
779227465 695856262
-739379824 -811246842
-560572484 246426549
-850551235 641086995
-680955447 -226523518
-672602644 -963059142
-759480288 -385963528
883809085 -38205014
-30471052 -814108050
-699605636 -270738571
-480173272 -442227210
471480736 -113981077
-967459144 -254217543
-628991926 -812002469
977458599 -382733473
-417779545 -253947717
565041859 87758970
-219405937 -571353115
-793975248 511074093
-365728301 674346760
847470872 94727699
991929209 828965375
596477680 290160574
873878739 -878164710
478303883 -428738039
-598502508 437091942
205617010 -297453574
832594526 762943979
-193821553 -399783523
111156051 -147116372
624455256 179732674
-224705205 -826692082
-258845166 48442088
-754387418 -334309029
-133929185 -755759997
31517319 -647764387
135717670 786644432
86483389 -163807045
-739453048 247396642
-729457659 492622814
-198437213 466562440
-610685161 985278686
492087549 -458901945
791032710 -369250489
249952971 707912491
-221439364 544819371
193673242 406229242
723662284 203705408
-649768908 871370663
551280212 -714745653
-430744654 -977829158
415942048 484910897
21172906 -154723026
807596932 -839707582
-570698143 538240669
238631862 -902824559
-518728264 183712532
227952079 -982237268
366688145 724004555
573477574 1014568
449328557 263038787
-921980599 -335094442
-689270637 817241198
-692357638 -18213726
735043173 -109625926
447523907 -739736346
-449284449 496347508
-294380614 -527779365
-216898430 -445673519
-941805779 -604785889
629453724 -768216199
-642658993 958025911
743104829 508547494
364543925 -560759116
834822478 -674444670
-169851038 -277446071
179168226 857766939
-640777086 509702869
500090381 -767194910
437927141 -484133838
501081430 -250918960
516816378 557737865
-248533245 -990374477
583482635 -317443339
-394261725 -64310822
-207469693 -998410509
-56659868 -244409942
32001377 323672817
-336769794 430174991
489679006 -210856480
679438060 269299072
852325097 974106007
-694584095 -836808876
800361719 -929586153
-448825311 -914414543
-949803546 -620303165
-90531344 160472278
443480015 -818779768
-261321815 756699455
-327602192 -150907026
976826050 432903941
486465765 465711652
-258817678 853017429
-117839547 -952800120
735242641 551501330
496414507 682072121
-351361667 226454077
282945463 611591921
-877530273 423840932
858878515 703593745
-530563228 968243249
-865094246 -310948375
-818650198 -602278286
-306025743 -91149814
133303486 990734130
-269642689 -230620371
862679048 -7116963
38942053 -619066912
-911175229 -836629897
-621320422 735993415
762537010 192576051
-722681840 838482514
-436037134 -135332863
-258418052 -924538062
99343868 117556092
-862054882 -134147168
-589107551 -972477428
-936732622 978563951
-477286660 469158250
962102888 -656294262
694839481 -386182420
753433477 82172601
445331087 -983112978
-255121140 942817140
723877176 -324692115
188772537 31043297
-347777676 -521047643
241052139 -152176954
929220621 -419038229
901994162 701635575
-344429243 406838026
620810243 -306050273
-460943390 137832351
-138779020 253591595
862387657 -166386281
81259371 -57546726
767267127 415957301
183478212 516864075
544329049 -916788509
804595143 373416244
-314113478 -792731080
601586383 -375547528
280025461 -169738187
348741631 589969897
511678538 643595367
316383208 314939798
-215229000 292790308
222937970 -350205817
831141425 -848856903
835254547 984917652
930712876 -123167306
493125408 146627772
354677793 -158681771
-307490755 640628188
550408153 992104478
832611960 585404658
-19528949 450714046
730659154 794308514
-864100680 -908719128
588002176 717950611
-796634380 299158420
-451537755 317278616
561152070 -401564272
62012681 -595699429
474689574 -264902215
156937898 4569646
35906208 36178391
-742435037 570473766
646971301 -370821194
303455432 -463781232
908354467 -390044060
-355212162 974860920
-435768539 -717888824
516200034 825692204
537411451 -445286943
87110473 566861838
-281920779 659019125
991552804 270819411
380129638 785365542
921626585 -135019354
-160299083 204404990
-539267174 -856301372
524683616 550639583
610749478 -223356374
-589751732 -730692873
-310517078 -929739918
994577859 976522702
496393506 -642207878
-994023253 764662416
211275317 543195513
169886488 -434265805
-828391927 -608328013
-331101751 777315535
-212476163 478667891
-95338270 239483841
767614121 -370241033
-894832021 -542454272
-891167806 -981567232
613271265 -429668760
183818721 -311754554
-412734856 -250400532
-563178340 217634573
420702341 899775298
-32078059 684373677
-256993667 -676396144
-562534393 -377674839
-138942904 543027417
-923844649 907014963
-149865784 29400215
-23457013 -146103515
-556331232 884499449
737532950 -883485332
-120617803 712659011
-681066394 777458243
-901006320 -305542695
-277100452 -591697809
-510943304 -899608072
-306161651 -804921069
76702010 -380125433
-62329581 -918262281
-511215676 -441348164
473977647 806833423
902633931 -719680720
663521375 701401644
-382241460 -490622769
182672525 859518264
436372173 -256937655
-268253521 -293865081
-445744208 -328808162
-386014737 -349431426
101619572 -893242440
280022002 -348342831
-773501736 -689824541
-712292452 -707653123
-624227387 -887461797
-743235249 101041395
33043262 -867009454
-208760850 -210982360
367728775 612406434
-548765739 -304625947
861701344 -710814880
-933393705 -254517360
-723653099 -143987015
-9640441 468938764
-89008407 -620475946
707529805 878055891
-275714182 134969404
-583785690 545114869
-258093794 -520749930
-100658417 901595388
803674860 -18951118
901414120 -752283950
392595177 -927186811
-773969867 -183501627
-865362393 -229434645
368542256 672577912
286742202 -948015668
-467973033 -829397774
-403596431 526064546
-262893311 -12948509
394052701 79026461
486846674 723401936
-235650468 1646781
-654029118 -11793676
673381822 -896042787
-333248671 -357634623
-922961154 -615426500
299338101 346797188
-372481775 232621689
731509735 377205546
637942119 -578949226
409769480 -522493275
699999855 -661176486
629411366 -259757485
819003178 -749072898
128217552 437966762
139294914 572264361
-175144959 30623706
-904360475 -578727685
-904096927 627293041
393797705 -535728516
709215875 297688488
-204349038 476362980
443416566 232864169
-574739996 -679676997
885884003 -280050403
-258684648 361095649
-732781483 -66356773
-427784592 290908754
-354542830 244397802
-561760494 40644455
-21063787 917947348
-682578835 786995191
41432736 -311438155
23992533 78702396
133293902 -676239235
157783597 -71653573
554985216 -212951120
-429818650 36308183
-177853906 -124011939
-9924840 -884371316
455626314 253798900
858945728 -387618242
-952327236 -816454610
-746749908 628615168
-212853292 -49886264
-211492859 312411789
-812462751 -404056781
273912734 -977112981
600090833 -737406667
-63701731 990375852
634154051 -618256631
-296572062 412334051
298376054 -888044058
-246811899 -294966090
197634192 761237518
-851598041 -637968458
-529900980 934219568
-221888818 -905884120
-921999070 -693397583
446612129 -744011115
-925743122 504658001
-924035122 -255675734
-330026953 -596281814
973104072 815612812
-989234767 25101922
662533711 -80355948
289800135 -218662427
-136717048 203967471
353809524 -988581613
663667106 -909997086
-548698910 -880363025
963369211 196697887
443681867 375781785
445079332 288972144
987593779 -610863384
-131922610 884556252
-846965982 907688350
655871489 -992509396
423626154 222752742
669656086 -15939152
958966151 501200018
-753240943 746153503
-503898242 -79035381
769781604 538625050
-701237787 -594804427
494231568 576863950
-942804971 -663470381
332281466 573234579
110852390 -257113264
24297547 738464038
-317313577 875516665
-829910355 -5039071
-996085338 -154610158
-350107711 -507886814
-997123217 459170679
-145837414 -527292159
-153829610 310784345
-952449137 -576264620
-926808711 -117293735
-46948681 -844507372
-712292245 835356695
-872571917 -298693159
-763498203 -218773381
-357209158 355317031
750020468 -252679569
434461188 630301300
194696520 407822885
729892388 -950242946
591326600 -950344497
-506955352 975825742
887503822 -365038160
-914339880 -516596068
-405773928 843434043
31268691 -457165551
169779990 722017487
-25875088 -907672201
122969957 -163241516
708805108 -442486948
199523743 -446937415
971439160 397955393
-457218170 15824346
126510391 -693392878
722397480 -551861628
-970675844 -716002196
635695673 426643154
-957231157 -378610424
-19212589 -588817403
821605290 309793902
268168236 570526897
279991387 -443543816
426409958 379038161
-503038789 43285577
-218877035 -51146724
-337949270 872402676
-948100286 -796246192
-508776880 165868875
22952753 -928540599
-241228111 -18226375
-728989910 -210820150
-701722255 -793153494
774963693 362101847
180819642 -137718141
209812091 788974593
-913500065 982990673
-247059057 -768414426
811476148 -653832356
954351395 777231676
-277234441 -953077630
49959051 -834019634
734721426 691253554
-522207201 717674848
-506310741 826495117
-979834290 56785468
724048174 926798417
338332873 -438476525
-779914010 -246353496
-629061639 350491463
-579420672 96842771
900186501 243004423
921016451 309221204
778247480 -32421542
-172803923 -420096751
201506286 -986200735
431371062 692574482
-707085142 962276475
-70209245 -207971181
-357126275 -424853064
-12164612 -321715766
-333116005 699690146
-732348884 -646855300
600988596 238914708
301885737 -958932928
-138435108 582694340
-501213595 908445258
-53582387 -526807608
-455001955 567616680
-268205651 498087641
98712155 800516345
-107856329 -364765801
-82581541 666773773
-699372899 -984754762
-440086630 -994493400
-118508842 30132809
-607811631 -399265725
816274789 568692341
-621588123 799923745
652200576 258201321
-464876880 204281997
184952222 101421913
184039145 -518468703
-497357146 716398138
183957780 -377171805
678188919 -854474895
445339595 -304680737
-298175310 550117168
495764122 -614927536
-887344993 685670934
576103792 737466930
200017679 322122841
372233612 -269895902
54620298 366511569
-837706951 56761926
-349069519 474988159
800208807 -494380687
214055643 758843603
-498782472 -954950962
-862434627 300668044
143360446 -93182694
-666711730 952207183
513412776 19941855
-479515406 338687620
-866697019 182459777
728841867 -287338243
984035184 382674023
801608525 537837035
-440649388 -626908051
66953325 325566433
805025727 -664521707
-561058929 61193026
-286143609 405114893
-884833499 177604658
-612456327 -300521639
953168467 774152590
-293243900 -604419646
-105101762 -770039724
-522279028 -706882844
335423207 -540909424
921523656 556734418
917491669 307042881
210347521 318899274
-933539474 229177975
-555800987 861495363
-281569859 -38769402
-469008333 -347990670
-757747453 544663286
870946012 -438675568
-926667829 769335615
647711684 -449348808
335257750 56726607
400560107 -598333757
-380248212 -422726938
505167722 929288693
-825758340 -783101309
-52605128 -993045801
687093664 -986951356
365491140 -15642657
-81058271 920129771
-721388625 264874017
724435866 -457793170
-450836090 427279239
713172162 491556892
177050427 -367435026
-552772356 170831246
-534132435 881216697
38817061 856833959
636691921 -742896385
-484682863 16346392
323929184 -182550370
-766767218 170308073
-643778215 16489239
218236895 -41286336
-23569735 -972868823
524175867 -687820778
-544581090 -131824337
-729114551 762376577
582331054 499379228
-446549862 -797290665
632575388 717567657
-129989100 -777743448
-768251634 -600903403
-35650918 472133954
-563326740 -476352537
740603802 -644293858
-411488367 -997370535
-45333980 -958637501
580304611 -778215600
-771008734 631937450
-664588823 260702310
78970390 585730869
962273058 -308221126
468729908 -698246515
487434137 -757091526
943888889 496754481
583786545 429579335
879004829 -792310018
-176435539 875903887
-792489213 737715137
899612430 862867482
127409348 -698187368
837882264 -548934218
-177659343 -628001649
8348460 -901709410
-446020986 -327334460
-880328898 -290463711
706569385 -813588543
751566968 458302620
253724166 -794594916
-366272412 -160528817
-15332231 -871091079
-121757500 -236477296
-394361607 -718988885
-274421364 -690490050
-737401426 -938378749
-194820129 239339176
-248660727 -585317640
-988292060 162103860
264893007 -291725329
317261496 -857599105
-706579561 -321061084
-717304756 -725811774
-967299758 -811026451
424607120 -314505704
978007952 -953529865
364284966 -493947779
-642758465 -418166765
-414822379 -749826756
-549927141 -776455220
-886810050 485116040
953185823 706970073
-507324634 523336583
738375448 920038559
547258275 946862182
-382938360 575700315
644732769 -808249683
-815793580 196702662
840843760 362552875
-610977759 47885659
339524281 -663358818
689844815 -784834955
291534077 529550684
-736271783 878914956
-845126406 662476293
-93489794 -823321302
650923987 -67214058
151932060 654562080
153429753 882985635
-980169980 -859452319
541116449 -228306049
95691949 893965773
288808632 766793230
675927191 500655500
-769183551 76719760
710004938 386163443
710110532 508638000
864998529 -863547451
-840332195 -20911113
422832772 589326390
-612833739 -731042037
413626157 -341678167
217449650 323630516
869772867 537074597
58236323 -545128805
812826653 -513005409
-808213944 150573442
-891291650 285825237
957144011 678336421
189517267 -16462352
558763065 486664344
-898009703 -336867661
-527481054 25468074
674763171 -277597729
696534712 55952488
-678223338 -959823704
508753111 -582326783
-800698403 357534126
-44746220 104535012
159675342 -569496964
-187154366 -35139174
294204265 560715918
-735329620 260393177
959379277 -678357115
-590215057 146763457
117166223 -510506276
394589422 516584253
613501364 -898445613
-280370606 28838552
-358320839 -731149375
340871471 771581393
520490827 862860176
815076407 171324740
-595481902 -904452458
651952084 356349363
13533852 43638699
252065724 303275325
738262996 -640559838
77732035 -297530559
43174700 240938306
-274309263 317655395
-459438187 -577600859
-372294668 559954163
-617216092 483744341
-979967716 477421402
869681964 220397461
168687939 889902191
679406112 -450157952
-181738520 789620946
-751676192 632287546
-146026093 -349685539
81298618 610897623
40731753 -90437754
-349915991 824458184
-839089926 279062326
32092588 -128469274
-551085691 85915443
743751089 -969341195
101840571 -962987478
136902109 732933741
-853071015 708402370
344349412 449387458
-192057672 -8697205
-226459191 628624455
73008327 -905614904
-449274238 187126402
-625915149 79931189
516139108 -296392099
-47327113 -54922299
41132286 -440279573
-392462771 452990029
-237952897 -996792882
-465736366 115599918
-225682043 -956867414
-320855406 629716909
508194505 892839686
-879362076 195225456
198285159 875305573
584719533 -326635171
174856081 309286477
910591352 295662774
-75113955 386181455
922562457 -596669130
406450666 989524233
-689968480 736613244
-981511561 -192168892
256744127 842934493
674141403 116022996
-143482849 -569839767
798504048 347803465
602932363 148427423
-438568988 226503023
-652133470 81039915
471033317 -897266280
768447742 -706747925
640020715 853019144
818022819 193136540
551058066 264898748
487342478 -170833522
-299325535 -533511497
-402995786 36432615
-832449369 -758144938
447201099 947113772
-704764610 141765517
-614753767 -391345503
-220310161 -586730164
141126918 526362770
678575774 566729397
-316531519 219810119
162087113 146152060
748576802 -297235350
-779136778 -688673751
-510774380 -326108148
601460677 490447776
931327611 807229765
516813624 -362593548
251135571 -595296141
-723789324 -979671636
371279979 -839527541
-20912945 393220139
629936404 551921109
921290981 545346385
-229502316 -37067201
453707924 723915937
-663608801 647313903
-232406096 653137303
882579509 733063616
-26285782 781031619
51115704 869789791
452218630 -267381714
807448129 61007202
-990311645 -21691409
719444643 -321068126
-61129747 -280686063
-444387309 -124714342
259678475 545045269
573941159 -187561128
-290836291 -825394464
150617288 -426822860
102016970 50149872
-117045277 13675295
-38214875 -118201169
929850890 -434215301
-704485505 750477923
464165086 145414866
-954221967 -424476444
-131970579 127945324
-194560611 904210343
566897563 -116982874
500459933 176724008
-709172414 -551950089
-359833420 -791454027
46599688 518426326
575036764 176877399
-996427776 -887455848
-101189827 238097772
-172168288 -657354164
-211990844 831938425
270240660 543864179
-525855289 938008537
-418621394 -466207735
321386675 300400340
-670686238 -904614172
-142782862 734368193
359894430 -557518810
-707759439 851780979
-421342550 865335126
428014391 -658226367
-355160503 -509166039
-166097977 -669924270
-155107110 -925805860
302808768 280473754
734738414 934557920
-301258669 80171341
-167222935 -46369704
172333078 386547146
-985595688 136903029
-803999889 -324384006
-134317293 -21664302
-455588596 669746986
-5454739 -280731026
254589416 477912704
151641043 265619598
-383464488 -31346230
740816782 758832091
-568137207 468706224
-917047341 183784761
543412803 718621490
-331282772 -656139714
961874568 -876403673
-378646379 -44567023
-506002737 -844889042
-448547278 689145451
523251597 -77635595
-372783695 259175172
730261740 461530334
148663504 254605382
-612381783 -743434584
-513232123 319178034
296998696 433887769
238374921 924067895
-370778941 -895523053
424643170 940102370
-95467568 -117059591
708342694 -18945554
965203736 808283699
717925878 -94815539
-462495191 857689954
-396702182 -181628000
-858361241 -577755738
-417315553 -609935589
577580868 -508456559
-653692131 -31225931
-457196895 529624719
872862956 -774699246
-270315069 -274140631
-103315233 -790271112
462080020 377868258
-689464294 76902573
-430459113 -794615091
-15033577 -510270344
784590872 535053066
-508410208 -667950761
882347811 -491328243
562103073 -103638493
-882030205 -66254676
-26667011 -348110536
-366563880 420519271
-744095596 -772957342
-380255262 -937440836
329103094 293384832
468482213 -338429704
-64446370 -262296132
76030198 5973650
839984436 327621513
611332237 825389203
464327293 660655844
165166307 -640309263
411039138 -656860988
996006258 194603434
-767797759 -647486411
-528808161 978746534
-769279419 -47588097
330513432 596991389
-281866402 -703326507
-139520130 -762235058
915908884 -427740895
149296530 -291577820
-185919424 -469255321
683412952 932061028
285305879 616666831
889270057 -396943662
6040938 -17508106
570117950 -808862894
585657344 -94080380
17233137 -325735665
152857410 -68909335
768033625 -14661665
504428447 296021139
-704306482 -312147333
338103345 -720307282
260813392 689634679
-679538319 -37677504
-116753145 650077910
395885336 -835180416
-167301413 164117782
-248623545 216736285
283952138 -372058069
149925724 424791614
320156543 269632704
-416362264 255860107
985004753 874968519
429672502 519385957
-913028873 -880331097
-433904817 -335624885
740348998 -185026760
279980623 -609545425
554879526 664201915
672951193 -599735133
-316858119 -635977318
-891198634 59724770
-574201774 253032620
-577877085 -828077873
224475774 719302103
500327966 415400776
-911486221 432478670
-374310608 -478689604
509176896 856524721
800560020 78149642
179960065 380520083
523177449 -680509154
-278072562 754223629
528433693 457155803
-482748092 13578044
316287409 546414780
-467066052 -117952004
677665859 -100366357
-233684251 -346846888
127573056 281414828
504016551 -663690780
563936667 142219115
-291310280 -793800490
626873328 626402840
226611448 596063669
123290875 -981298781
233594852 303480400
-535528892 373339837
183508650 631712840
544745035 612626665
-887553107 589690073
256146312 326126236
489837826 -502951350
-659113793 -332080787
497065069 -439252111
-640022105 -584158830
645882554 -78911502
768893651 960718428
-368799207 525856049
-140326318 707033431
661944646 -272895502
-569363574 427458481
61716117 -435549719
-413053837 791273617
398129544 -304258637
-735823761 272466781
-124150039 -396541227
-162255919 625011098
-919428252 523921410
37190781 -987698876
549204722 -621657878
-604097515 378008639
444426421 236508142
292151020 -739773118
-239174448 -574009115
-363936840 706720658
371000279 -67234230
240575571 935792816
946067500 214098915
-107184434 -217652338
-138018550 150491983
847529952 557346182
-598207699 -773085636
494290141 -276569705
-292486318 -246383652
-830875036 114369240
161157634 551580847
-681828875 922865996
506898091 -392534695
848059214 -846230729
208934732 -846074409
555841569 -975115489
238087853 -401809481
69669568 812332378
-226843740 -290536525
-569012014 -186489182
-7489905 786466868
747239523 -895883433
-67120644 742749815
565966330 898387126
-448792241 -547143981
709876633 -972650995
828534588 -89607313
-645330360 568392786
-912496676 -72838166
891184212 361880783
-460917765 -304631139
-827235874 -119753529
-601457360 798949319
672918405 -326054173
