1000
55674334 -5
-214948206 0
411917637 4
678668837 10
-530862033 -5
-235489962 6
-231475911 6
77992593 8
-955138980 3
754944560 -4
-803633649 -4
999282373 -7
952667520 8
-698878304 9
78542642 -2
768012014 10
237785164 -5
-913699139 9
978346543 -1
318932511 5
188667491 8
-606479757 2
881760624 0
-660330409 -6
452251462 -9
688949666 -5
-2349315 7
960482426 4
-265734887 -2
798265897 7
-349727097 1
473957078 -5
-473549993 8
-111857364 6
220582771 -8
42022103 3
216031636 -4
-796826472 2
-128356445 6
921103554 -8
-20657404 2
450698419 10
-10523470 -6
550815329 3
-286330019 8
308896949 0
-65793905 -7
281803370 -7
-469967878 2
646759559 4
487399762 6
452228420 -10
-462929748 2
-954198298 -10
550377707 -7
-509760525 -1
592116262 -8
144502315 7
150555116 -5
614290282 7
357862425 5
-200310425 6
708862364 -1
812850220 0
454496404 -1
-834390877 8
818424313 0
945693043 3
-921462891 6
-64313668 -6
730014451 10
-904497834 -1
190129207 4
794454183 3
-325360126 -3
-295289452 -10
-902111706 6
526926074 0
753416791 -10
717467661 -6
-531015613 -2
251270138 -9
229597298 -3
-570614395 -6
-585120196 -5
6256010 -2
-160022894 -2
-648373407 -1
-831807874 6
-223851704 -8
486086493 9
-524298958 5
673181091 -3
870987730 4
993730955 -8
940577323 1
-270317283 2
-72283175 1
790695196 -5
-756498520 -4
-775950397 7
586185445 2
-845206626 -8
-96341280 -4
-238902299 -1
-545555889 -5
-99673283 7
730947908 9
433538321 9
606322235 5
125048233 -3
-608536388 10
-332512550 3
-553719737 -7
-886097420 -4
878956631 1
976263902 5
-740789339 -5
-260987084 5
534192926 -7
-390279569 5
-9600440 -6
-368868417 10
613550665 7
139154082 -2
-983101077 10
438864468 -8
770838797 4
-835000968 5
941970022 3
-541347804 3
784843717 -10
847223140 1
-6207721 7
-18627115 -8
-629658721 1
-458904910 -9
-704979473 -4
-768160613 9
-747021231 -4
261985389 -7
362819142 1
-477093008 -10
485956914 -5
706402736 2
-626445768 4
-252059701 -9
-105853298 -6
944998945 6
-753143953 7
490952227 7
-42772997 9
-989587487 -1
957007054 -3
556638075 0
-939496469 7
511987690 5
-760946658 8
-457640351 -6
161467571 7
-471574865 0
244666103 9
-706467083 -2
278509020 1
-996902595 3
803298977 10
-820137088 8
788759071 10
980827001 -9
314089754 1
-246790760 -4
-557519278 -6
-301561989 10
296233452 5
-847138212 2
-649552266 6
679458533 1
-161713235 1
-173937699 7
-845281551 6
-76855977 -4
-360376908 2
-119702226 7
375370275 8
754668725 -2
-787509969 6
211441597 -9
291388770 1
-209576733 6
965888331 1
757065203 10
-901897370 -6
-627701966 -9
588749411 2
522403637 7
-206358163 2
872992626 2
-931687654 -9
976953449 3
296474392 -6
801778446 -6
-646409069 3
619741321 8
973629862 -10
-235439696 -7
615921602 -8
-908892447 0
790244690 10
186925216 -3
-91286774 9
-9715998 7
56186412 2
-990568807 -2
-836291139 8
389930551 -10
-839866936 0
25437649 -2
583060445 0
426539736 4
800717081 -6
-702834475 9
347391121 -8
15710748 -5
863889312 4
-594890004 -3
-493654883 -6
710987103 1
356512651 7
-20403591 -2
190197445 5
-227641053 -10
42357855 -5
154556299 8
356831005 10
527236176 -5
-952384553 2
204264760 -7
-375189527 -2
887321196 -1
-639892887 -6
-866785064 1
200839490 -6
163800744 -7
-281815090 10
-8356915 2
876263422 0
-246579642 -3
-735514734 0
-232929835 -3
-410271720 -7
-122649637 1
546953837 9
-272193857 -2
-459949362 2
-872880957 5
64939170 4
-754976043 -8
-657813021 2
-369073419 7
-26332239 -4
470860253 -2
571154179 10
690559785 -9
-494121893 7
-332623782 5
-746621105 -3
587590525 2
-174312159 -4
-158077131 6
775514536 -5
-147667717 9
986692576 1
-481079511 0
844966330 -10
-400621195 -6
505399526 8
-899137990 -6
412317413 -5
279577143 2
-662914320 -4
929597442 -9
17415982 1
327316221 -9
509635510 7
-717759861 -10
867374227 8
-854894925 10
-962549362 -9
161012155 2
-891315420 10
222908192 -6
-987558257 -7
259855261 -2
-902944914 4
715720197 -8
781866598 -7
-306475516 -7
-822404008 1
-903495403 7
851008901 2
247324558 -3
396162847 -4
442886907 0
-559900693 10
-745007925 4
-773083898 4
-324323620 -9
-409837129 -3
-132006664 1
916272000 10
868380701 -8
610236838 7
-618059584 8
807330267 -1
-559923913 -10
807881939 -1
504318114 -6
109675620 -3
198445749 -7
251000439 -1
985879662 10
-282057384 -4
-507288539 6
249468398 -7
-69842387 3
979632041 -9
-960807973 7
831307885 -3
346136627 0
387131849 5
737703724 -9
973648973 0
-174549528 -7
-909620192 -10
775952353 6
594715594 -2
-929472027 10
419053783 8
826456081 1
-864600663 -3
361199634 6
-296916446 7
-105261073 9
596173064 -5
-202138422 -10
-729614481 -8
652091821 2
-520145548 -8
466720155 -8
336435369 3
-459111285 -4
-421555966 4
153513465 -6
-78532915 -4
-130455672 8
380371412 9
407757898 -9
-731789638 4
-979852511 -2
326290874 -8
-58678559 -8
889970846 -1
-697527553 8
202465022 0
645229103 2
-835437732 -9
63687088 8
-89285326 3
-92960450 8
104839091 -8
445095419 8
-63178895 -10
5495675 5
-645430192 -7
904171609 3
-93785426 8
224363506 8
-645148493 8
-307153423 5
739526052 10
279810386 3
140064482 9
-638631709 -10
-129919502 2
-540975764 7
556066722 -2
282626905 6
789825591 -9
-530058755 5
963938606 -5
628322843 10
532019930 -2
881650052 -10
-87906135 4
-267280511 10
-160880449 -10
-484359672 -6
-510094030 1
985604711 9
-965785129 -2
339272168 7
-51498809 -6
855278706 0
483814140 -3
268288396 -6
-56839289 -8
-667141436 7
375926428 3
-43344633 7
-94983308 5
-466619219 0
512090743 0
10836993 9
89042680 -10
-383588698 -6
-148511801 2
-338086157 8
856920881 5
-804979464 8
57908287 -8
350634755 1
-162823336 -6
703143335 -9
548383566 1
-841547597 -7
276934971 4
841368177 4
-231404995 -8
-88560376 -4
224521184 3
193958128 7
-139020659 -3
-379688825 3
930500394 5
-666222881 5
-883688834 0
346886575 2
-666739194 6
609887346 -5
-550349771 -9
-759149851 -8
-664975735 9
-951858507 -1
629515182 3
-663894438 4
754836567 1
831721248 9
-91715400 -10
-935249329 1
671318657 -1
-528521736 10
436048441 -2
-534824338 -5
-708976444 -4
768024381 9
-527177670 -3
648107954 -5
-999863669 8
-641313515 8
929202097 -8
167706894 -6
-586165070 -1
229762437 0
795898841 5
283546356 5
189109217 6
89953324 -9
487972685 0
263722310 -8
-626778280 8
-103610831 6
-395153096 -4
-567606488 1
726721481 8
982605524 0
-134687878 -4
998252573 -10
259805823 2
144843168 4
600090031 4
111553366 -4
450293541 -4
386719987 1
705692835 -2
996241506 -6
-248230654 7
-89603471 8
-125668931 -3
322651328 -7
267743423 -8
666778099 -3
-589316788 -7
-74535887 1
-396480231 9
-3772531 6
-148070399 8
-679875778 10
511303652 -8
-832535745 3
916792862 -7
447990304 8
-635897508 6
557384854 0
-536942090 -1
998994079 -4
-382764725 -5
913010129 5
-654853891 -2
870297187 -9
-965328778 -6
727308308 -2
-680342253 1
145643539 -7
-269294092 9
-925838697 2
-893977102 9
-469301202 3
-865413629 7
-625793113 8
-143246907 3
-917551198 -9
-301306471 3
-27305096 -3
-727033373 -10
-476127221 5
-608926730 -5
874561968 -3
465434447 6
-764542744 7
-577619683 3
393974101 10
-637830983 8
394849430 10
494775370 2
-393921509 1
-679831623 0
-313047906 5
201450221 -8
688245726 3
776772105 3
696895726 7
-236214922 5
-838270229 -6
-275431785 -5
107057600 3
528505879 6
966728217 10
709062785 -8
-510736342 -2
930091976 1
-948994848 -8
-59124305 10
503480750 6
-660641917 8
-566813877 6
-838796197 2
792270972 -8
-17899556 -6
-97694485 -7
892263350 0
181831370 9
626582873 -9
-326787812 4
178788067 3
814830506 10
88825869 -7
538464035 1
283311633 -2
468239885 7
-605801558 5
587772010 -10
597276040 -3
-956805839 -7
-121295843 -9
139654684 -7
155007904 2
-163275364 5
168288369 5
215316646 9
-73474857 5
-459191181 6
-949467958 10
994081742 -9
-941109935 0
572397881 -6
78515016 -9
-239175630 -8
-413199427 2
329898985 -8
-896249309 -5
-353897964 -5
-875946017 -4
-364158140 7
780305572 -4
-334099834 -3
-12690063 -3
-862885195 -4
236145406 -10
445746559 -9
-55879853 0
714685403 2
-569775575 -7
-308769376 -9
-718378596 9
-925533045 7
948070857 0
914457128 -8
-494210643 -7
709753426 5
439200469 -9
373944241 -1
-738500170 4
-831526491 1
-686387698 3
24048950 7
-543341317 2
-861751440 7
742819801 1
-922558816 1
528858018 -3
626039458 -2
-697572305 2
93535828 -8
-2472445 0
-874743294 8
-701736322 9
-287502773 9
-606581562 -5
-385833062 -7
-467459313 -8
-222565684 -9
-23968805 -4
-833984760 -5
-931216939 -8
-584347958 5
-669867388 9
393789063 -6
506835660 0
-140911900 5
-694743394 9
-88030000 8
-155856068 8
-996808058 3
-490396944 0
588129665 8
-465653793 2
654167631 3
27086916 -7
-333586273 -1
-950180588 4
767067674 -7
-344609522 -10
488587228 5
-13662597 -6
-169182462 6
976890367 7
797496690 0
639966410 6
-577046348 0
-380090215 -6
-783665136 -10
538040080 0
888391880 -3
-479513317 6
-352069898 -4
-999410260 10
646632166 -2
592915125 -1
-390037667 8
615233510 6
331436474 0
-9654669 4
6115042 1
830163156 4
389755300 -6
-435807193 -2
90703896 -8
-584036056 7
-568607346 3
-580064119 5
290654368 8
-296395948 7
192223960 10
-570013572 5
-968788558 3
395401351 -6
17021895 1
-696992125 -3
156427344 -3
-446169552 -4
-636403150 -6
235125535 -5
-882074132 3
853183478 -6
524633668 2
-588708438 -9
-964924300 4
-402995561 7
-50776134 -7
-19021967 9
772113137 3
-21644636 8
310280743 -7
-259490735 0
-277011940 9
612345421 5
-584678458 -2
-777755436 -3
-646921010 -6
-371902389 -8
-869414469 2
487505698 -5
944584627 -1
-587285089 2
100873338 1
-848039702 10
857799237 6
-476005760 -8
-880583375 3
842306850 -8
-828903833 -7
196489353 -2
351833658 8
610245066 0
378530249 -4
274998750 -1
362441221 -10
964815218 -6
-681169753 5
-526223256 -6
209280366 -10
-899043445 7
713405753 -3
459552081 6
218460560 -2
-537291002 1
186094962 2
459180942 7
98083243 0
562171222 7
999088332 3
-818727771 -5
-130886755 2
309752184 0
-405607588 6
-117581740 10
-475459261 -8
772554566 4
234603 10
484077706 -2
-814095811 -4
806334391 9
445349334 4
883218605 -4
688015211 1
-824686654 3
-866089745 10
805144183 6
-422632285 4
194016726 0
654208595 9
308728039 -6
732286064 4
27741749 -10
588084161 -2
-897421280 -8
434859276 -7
995350297 0
487996872 -9
-274652585 0
-351010193 7
-317530401 2
-425297444 10
-520035619 -7
-625169677 0
532956827 0
414042430 0
820440788 3
643683463 1
756504068 5
-155692109 7
-143422051 3
620734700 -7
-646370204 -5
-93347470 -6
-971526585 -1
-993436818 -4
-243222159 -7
-505892926 -7
642892420 -8
-314628188 2
623229691 3
-194358828 -5
366167422 -5
-146826189 -8
980792580 -4
-213414649 0
-999966645 5
-269468056 0
937753762 10
-70718566 -2
586415478 6
-180169885 7
557523193 8
401878096 -8
506095142 5
-983116601 2
653193150 -6
-889842137 0
577467000 -4
570787290 0
-92391358 -1
-631255934 6
-214031177 0
-635665439 10
494573198 9
849071625 -9
-687314559 -2
-980337972 -9
-924234217 -7
-790809381 0
-311495653 -6
-357988855 -7
-458951720 7
340736903 6
672788171 3
658877319 -7
-49411320 -2
-661156387 -9
-453581663 6
318086635 -5
251987637 6
61806755 7
871663786 -3
860493346 5
-104403264 2
785585586 1
76898253 6
359381749 -9
644168434 3
-619568855 -4
-815914874 -3
195301781 -10
-243862416 8
538381350 9
-12460973 -6
-591140745 -7
703256977 -8
-483342513 8
909318671 7
508252339 -10
-485264810 1
717701412 1
803602964 -10
167897818 -8
-27888982 -2
422571738 -9
-810214430 8
602347014 1
-154932467 -6
-817264273 6
180332778 -7
582889682 -6
594949058 -10
-295356305 8
318897996 3
-971161427 10
-89047792 3
-751977486 1
48629328 -4
-735359025 -6
210949902 10
-620120768 0
120481535 8
302264988 9
762257553 -2
-201461320 -6
441986994 -6
-999718347 -1
721225071 -3
909677275 4
-551629838 -5
-620067109 9
915373861 -4
31455387 -6
-671802586 -6
-207262382 3
-757606999 1
59239396 -6
-695775969 -3
676507897 -8
-998444424 -4
167926897 -2
314882365 0
-944304268 10
231900035 6
590289022 -2
297833689 2
526776286 -7
806757994 -10
689893785 -9
-277960826 4
3766198 2
743831585 -4
-426984622 -7
848376388 8
910997464 3
579540634 0
-505197259 -4
685608565 -9
-830350091 -1
653837802 -8
169128084 -4
-266015437 -10
885817199 9
705684445 4
908367924 4
-976830305 -2
772790469 5
624111320 2
107325170 0
-968984682 10
957397650 3
41875568 9
-717051588 -4
-144584835 -10
404025468 10
263179926 8
-909269011 8
-841610355 9
-360141624 4
-394558306 7
495323612 6
794822798 -3
268866267 -3
-939304451 6
-920963419 10
436549608 -9
408601394 6
-685045215 -6
-297594918 3
-88252112 8
192601877 2
761584811 3
-822852753 5
500083096 -7
594024534 4
94388810 -1
961575490 3
790646292 8
37058168 6
518204567 9
369123513 9
-603017831 4
-461788432 4
-470343937 4
-78832495 -3
-619965410 9
-945346801 0
767143659 -10
934771988 0
-261628628 5
885882015 -9
-501494530 -1
438947746 5
-407687338 -2
910872618 3
-96847027 0
-700360984 -7
101094857 -6
17535066 -5
-698448372 -6
-178182154 6
917906733 -6
117007412 -9
589597049 -8
-660021008 1
-901762105 -2
803942260 6
-762082031 -9
-968619677 4
-504019202 -5
150256142 -5
-817683768 -5
-48100438 -2
-424387760 10
937408821 0
-762639000 -2
-701323375 0
385387188 -8
-702278321 0
-865294150 9
-539745095 7
-312479830 8
-509899224 -3
-609270225 7
475717888 -1
860315141 -4
625633425 -5
994226048 -9
