1000
12159904 1
243414183 0
-611059236 -1
-566499282 -1
-2201050 1
16362452 1
-756481918 1
-229757836 0
-218467928 -1
937415376 0
599477693 0
-841448456 1
634066666 0
281908193 1
914062501 -1
-850205107 1
-198719136 0
-734409540 -1
-815503412 0
-882938482 1
-513708835 1
-862275600 0
292839868 1
-908135473 -1
925180595 0
-436883035 1
-642561761 0
-172851150 1
-703412488 -1
648037452 1
-159067236 -1
27996704 1
846965416 1
826429314 -1
617468212 -1
-822215331 0
-538573663 -1
104588130 0
-831271937 1
75617929 -1
820328403 1
-557658560 -1
516097696 -1
-824392788 1
-342680127 -1
78271126 0
-778455329 1
-988920119 0
831030857 0
-523037659 -1
481858741 0
-874743875 1
-710401591 0
775466118 1
930008881 -1
867277796 -1
-401735467 -1
201962279 -1
-979856080 0
-677512616 1
-690071753 0
16626898 -1
858670270 0
270800401 0
-662772106 -1
801285920 1
558920544 1
162377347 0
849816808 -1
144479810 -1
-60462956 -1
-228736621 0
486475804 1
-128950558 1
-776149828 0
5700883 0
360264955 -1
-740916860 0
-495747872 0
-827017913 0
181300491 -1
-618237702 0
270966590 1
-157722778 0
-15269201 1
36549145 0
473014733 -1
527589718 1
-332290586 1
-990878599 1
464840603 1
-625445010 -1
-997211331 -1
121127572 1
228156648 -1
428002908 1
-684385504 -1
363551350 1
297267544 0
-909810154 0
958442079 1
-734882843 -1
564158270 1
616718227 1
587322604 1
837078760 -1
332909384 1
295336303 -1
-171293002 0
517654617 0
-851044310 1
-226692528 -1
552149861 1
696832632 0
472237345 -1
537236595 -1
377905926 1
-491364695 0
353338843 1
-629063769 0
745441371 -1
130577055 -1
76050933 1
155341903 -1
-665933100 1
72463636 -1
-344874525 -1
-106552218 -1
-300480165 1
-841408612 1
-728341858 0
-449027359 1
-434334594 0
104141490 0
326463078 1
55814430 0
-515773304 -1
85132079 -1
-742394580 0
-374828431 -1
192237960 -1
321981567 0
-207893365 1
354041687 0
-516793130 1
620995972 1
-663478139 -1
923640222 1
-847989273 0
-128144064 0
-89720441 1
863944104 1
-808539663 0
-250487678 -1
-802346671 -1
847489474 1
-68706778 -1
-349240647 0
-555128048 0
432504110 -1
667920417 1
-241427397 1
-146487014 1
-819037635 1
62982813 -1
239213971 0
861983993 0
240769762 1
114326134 0
713932061 1
-76456916 0
-691825815 -1
-598704007 1
767147352 1
-485102126 -1
896483126 -1
-575010469 1
-790649639 -1
-467522724 -1
347968488 1
-692508506 1
56245844 1
993423990 0
892648448 0
-770301809 1
-814353589 0
173188002 0
271035596 -1
-935937043 -1
576282422 1
-522603793 1
20328033 1
-183285628 0
-46340571 -1
905617499 -1
-110200197 1
-386680309 -1
-192542045 0
-602713136 -1
-11756684 1
-438705552 -1
-947877145 -1
875153754 -1
-29082564 1
624048471 -1
-236195950 -1
-126701776 -1
969191959 0
167840435 -1
441817571 1
-182123694 0
-327398584 0
-217302324 1
-289460964 -1
418653210 0
941322895 -1
-750428728 0
410936285 0
327599823 1
-172593688 -1
510167388 1
480918179 -1
937206117 1
479512193 1
5322022 -1
-345278273 0
-152628970 0
-886213431 0
-71257686 -1
137919285 0
151400221 -1
559941946 0
137927430 1
762973928 0
520937652 1
-683359866 -1
-302528545 0
-852524707 -1
512803673 0
85747698 1
159882811 -1
-373589025 -1
759793016 0
-518098291 0
734296005 -1
878444055 -1
-246143321 0
661968095 -1
-39722319 0
-531163856 1
823985167 1
535214881 -1
884543808 0
-975899574 1
258188190 -1
-423599213 0
599597290 0
930995903 -1
-777150056 0
681384193 -1
496371542 0
-331084074 -1
101654605 1
-670092448 0
-403346489 0
-341851585 0
-172300556 1
597658254 1
-423218897 1
321389192 -1
-129926212 1
-278028539 0
799728732 0
-254048744 1
8343849 -1
-446115144 0
-190538970 1
-385365135 0
711059995 1
-554856454 1
77604029 -1
643421967 -1
-338960056 0
258958548 -1
650818875 1
-781640484 1
-405408167 1
362660808 1
303896822 1
566099007 0
-148624234 0
-716060275 1
-452140633 0
-386631349 -1
-63123700 0
726148195 0
-388376954 1
835629410 -1
600228788 -1
-51806333 -1
-632014993 1
992439325 1
975651111 -1
884113003 1
374016105 -1
75965115 -1
823394359 1
-378713864 0
-483585340 1
-668994418 0
602894601 1
201183918 -1
-720492081 -1
-489496952 0
-229935087 -1
384459379 0
-283407203 0
-73940952 -1
886023882 -1
133833535 -1
73602486 1
-799279844 -1
-515837532 1
900981042 0
-188852869 1
-29250585 1
858408447 0
-268546540 0
-391239075 1
270658585 0
941003531 1
179410613 1
290977379 1
257831393 0
-966635167 -1
263506867 -1
196945060 0
-361426568 -1
-612207872 0
-641011435 0
-768526515 1
417033820 1
-520004408 0
143004975 0
-323286307 0
-498079138 0
521549511 -1
878665018 -1
522884855 0
79572003 -1
312663973 0
-306819099 1
-657058390 0
-576364430 -1
782092461 1
367040960 0
-588677462 -1
10178638 -1
583612474 0
560157190 1
-910943768 0
471608966 -1
798270231 0
-684609523 0
-976430080 -1
-969015519 0
-791012845 1
-402366908 1
917615219 -1
-192204722 0
-176649736 0
165443176 0
-906006105 0
240453374 0
106943047 1
968517041 0
-267870724 0
-77385382 0
-957292322 1
285298659 -1
-142205387 -1
-109779422 0
429797995 1
-595012553 0
436100770 1
-697509673 1
-761560692 1
660592054 1
-785293517 1
-519711900 1
810465619 -1
-824985852 0
-310076238 0
146371849 0
212328810 -1
-276454356 1
411759548 -1
568873486 -1
-366976154 -1
84866978 -1
301703281 -1
-870978703 1
-442682685 -1
33764249 0
663976366 0
-809853815 0
-973905638 0
-657057518 -1
673728388 1
-764115614 -1
193399255 -1
105185305 -1
330076873 1
-726045547 0
-235887258 1
27957780 1
-483073629 -1
-516986671 1
546779975 -1
-652471024 0
-493600137 0
-612275547 1
-75761875 -1
617588677 1
-830894705 1
482751841 0
899921257 1
-771431607 0
-707762183 -1
-201551212 1
-105815500 0
-582292274 -1
577982394 0
-467299286 -1
154416354 1
381022935 0
-399816278 1
-558333129 1
-386162163 -1
-86869430 0
341248673 0
676616595 1
547989313 1
178300690 0
192047833 -1
-648365138 -1
95110269 -1
871291653 0
-483405131 -1
152816713 -1
-686192997 -1
548563064 1
870211647 -1
-23430527 -1
-173614547 0
-615303106 0
-866356187 -1
-726633556 1
-785154402 0
-984246261 -1
515263207 1
-765686891 1
-12679836 0
-416400143 -1
-292978959 1
273391535 1
838968939 0
82961416 -1
-888331765 1
-723809351 1
848828670 -1
-648301994 1
104014212 0
-168637889 1
-48638368 1
-681184768 0
-468030530 0
-589566201 1
206723880 1
-977621835 1
92244198 1
716016774 0
199152163 -1
449902799 1
-340861712 1
-469932466 0
-795763099 1
86103123 0
-413549024 -1
-475615999 0
-985238952 0
228745919 0
-302944147 0
977791616 1
332263486 1
918203835 1
-977840089 1
-716837816 1
362307816 0
492314809 0
936175444 0
913593616 0
89195031 0
354286834 1
805051786 -1
329013215 0
745120822 0
-784338061 -1
175518267 0
752242080 1
382609768 1
734455646 -1
-971696495 1
-904733207 0
751766658 1
935054182 -1
162006440 -1
284452663 0
273815487 -1
981093692 0
910458872 1
-92176415 1
-247392468 1
-122791344 -1
803412433 0
-531102572 0
-447635989 0
284821072 1
-741263447 -1
-171163474 0
-615128161 -1
351431507 1
75153028 1
-812479153 -1
839965056 0
-85545527 1
623639038 -1
-454546732 -1
198337218 1
-67877809 1
474430003 0
26542763 1
-441162020 1
-831882985 1
-705355382 -1
-231593364 1
416790399 -1
875632621 0
-748002593 1
-454081975 0
-646511838 0
614554568 1
-292296734 1
524626644 0
-915557168 0
-361378976 0
-923803718 0
-223130294 0
-858162593 -1
618110271 1
-330451772 1
601844662 0
-105789453 -1
844800630 -1
-618757701 0
318380183 -1
-223184536 0
-667950362 -1
696262458 1
813920392 0
-867574784 0
515852262 -1
959197616 1
585952147 0
-237729557 1
802443806 -1
366083443 -1
-126327935 -1
537453238 1
998717074 1
536334367 1
-378415835 -1
486521650 0
596053111 -1
322795928 0
-937987829 -1
-34996338 -1
-789304247 1
-99623828 0
49504783 0
171129821 1
579738691 -1
631259990 0
-54185264 1
-628669977 -1
256343307 1
368965673 -1
-304192595 0
-492154370 -1
-57786931 -1
560334143 1
-910828012 -1
334783419 -1
813679851 -1
943689923 0
-884208208 -1
244089406 -1
365521044 1
10597327 1
-309219222 -1
130551006 -1
-601194544 0
-183243833 0
-868007740 -1
-59140910 1
-460614890 -1
983671614 1
364998279 0
42638283 -1
-382675230 0
-288297501 0
824449168 -1
-84063599 0
-910110554 0
715303374 1
-48735547 0
805446736 -1
-558757773 0
-374538395 1
-819853601 -1
-983896750 -1
-536598730 0
-732837179 -1
-764677669 1
-812678055 -1
556524615 1
390883432 1
-524817296 -1
-375603279 0
-380973356 1
387093557 -1
91287175 -1
-831672838 -1
-881652082 0
316862794 1
956818346 0
-177570669 0
66715114 0
533848641 0
-211753681 1
778977701 -1
-688698948 -1
314717579 -1
-776391262 -1
27899505 -1
-355883290 0
-516398943 1
902469200 1
325637442 0
-366347099 1
-596263475 0
248381484 -1
-729536150 1
-431316568 1
-547482227 0
-606285137 0
766105033 0
-258626623 -1
843728408 1
289640121 0
-762658340 1
-198579144 1
83329952 -1
-435837825 -1
992848088 0
119527105 -1
801303876 -1
237879949 1
-766300679 -1
960174204 -1
-31163162 1
806284118 1
-545224262 0
-791189999 0
-209544409 1
-341262385 0
370286306 1
-908175916 0
-337521924 1
883141102 0
-446762565 -1
889372685 -1
-552695370 -1
-441517893 0
888994066 0
82471319 -1
375425241 -1
-110728695 1
-998718164 0
2458831 -1
136775267 -1
98953382 0
-187846480 1
-433971416 -1
-461152658 1
510894665 -1
599730702 0
593191734 1
-120117377 0
-361510841 0
-984793437 0
420630982 1
595877187 -1
-451472103 0
-232038206 0
-536477042 1
471072828 1
649177578 1
-136899364 0
149756224 -1
-706722575 0
-783571475 1
-102974821 1
-357075522 0
-249335215 -1
-142508401 -1
96111048 0
-764433545 -1
850141149 0
-541685842 1
829835545 0
881005405 0
199915178 0
1881970 -1
58220498 1
213263657 1
-675153582 -1
381284341 0
61943962 1
779707706 0
-855466607 0
-513486001 0
929067942 0
-902319518 1
659970388 0
871710141 0
-9101145 -1
534076393 -1
932382910 -1
155702492 1
-787615373 -1
-165680736 1
-435079877 0
974101015 -1
-38290109 1
-850154906 1
633926654 0
484366894 -1
189737201 -1
-180111608 0
563610449 1
-123298904 -1
-373610784 -1
-157162577 1
671103830 0
-347237459 0
-958738842 1
876572295 0
-283808902 0
111403985 0
-93128030 -1
-627542927 1
-286206359 0
-400953788 -1
455878635 0
-779717123 -1
830602736 0
-363396270 1
244149629 1
-629676297 1
-988039853 1
-40604155 -1
-781103923 0
296467748 0
-460899411 0
36635346 0
168983424 0
-980195717 -1
-511635288 1
-110057574 0
-3056881 -1
-860675101 1
240348591 0
239135907 -1
48192104 -1
-540914517 1
391920039 0
661812604 0
707967533 -1
-252252921 0
719631606 1
-328252947 0
269816982 -1
909794251 0
-906797101 1
911817991 0
-473139893 -1
-514200245 -1
-193978620 1
-502749854 -1
-356157946 -1
-798448345 -1
602859107 1
766426867 0
-372803684 1
81778593 0
856444836 0
-362076538 1
419267835 0
145677928 0
94724410 1
-600507705 1
-616683800 1
791580582 1
168911654 0
830989232 1
4835353 0
654295383 1
-334591121 1
-623857518 1
201397948 1
-916924112 0
-13104143 -1
-477188675 0
-355732272 1
-838724345 0
-329218073 -1
143006524 1
-401568123 0
-624682827 1
520393509 1
-95307851 1
-388811804 -1
-678888965 0
608644777 0
993881856 0
30053051 -1
773461032 1
815897520 -1
-61550705 -1
301327803 0
283152687 0
216766530 1
951673328 1
-980409475 1
321045769 -1
581427747 -1
533457873 1
101333418 0
-720454157 1
-923463388 1
597124118 0
422136467 -1
927632757 -1
-657724981 -1
961266207 0
454084579 0
-939536735 -1
-161791273 0
582342580 1
976259243 0
-28632830 0
-915589813 1
915699479 0
-987601366 1
873349080 1
-727735236 -1
-748923681 -1
-999764031 1
-744749474 1
330042331 1
-275500203 0
422563829 1
-150705743 0
914255042 -1
307613286 -1
-573279238 -1
52922106 1
936531159 1
325244772 1
832861054 0
-994532285 0
864554829 1
-311551735 0
264543594 -1
-349899351 1
2522316 0
50343615 0
867007558 1
439008040 0
-707185551 -1
414413209 0
-941844714 0
-560395395 -1
686986583 0
839514972 0
23115429 1
888449505 -1
984739073 1
165034035 -1
151403237 -1
-28149698 0
-768165905 0
169309256 0
468548214 0
663099577 0
312371643 1
-765830341 -1
-115793385 1
-294691946 0
683428434 1
372639711 1
362350181 -1
988901193 0
141207456 0
-980167553 1
802134376 0
967108477 0
769259342 1
538889082 -1
-211780626 0
808202171 -1
-659235014 0
524901962 0
-326587297 0
-987354381 -1
163593248 1
622614957 1
542783680 0
-369157530 1
-633346434 0
-572018987 0
-903018768 -1
-472756943 0
818190658 -1
339570932 0
231497815 1
-293057226 1
853412530 -1
89975104 1
383261833 0
-485098850 0
-837891576 1
-756497428 0
681795343 0
-874222673 1
839322219 0
802761410 0
-39152409 -1
194100747 1
-994473595 0
397224141 -1
-324806774 0
517878369 -1
-906670949 1
161480857 -1
683014239 -1
-996803133 0
-575670096 -1
319226737 0
-171394302 -1
-805680556 -1
396462914 1
683060595 0
-898152969 0
-561876852 -1
-423726324 1
320742366 -1
371701677 -1
-710502364 1
202882838 0
866972955 0
263332466 0
547290423 -1
814474104 0
-558268107 0
732170312 1
8267809 -1
737124878 -1
-357932748 -1
-964750238 1
-879969599 1
-712068021 1
870915577 1
75728600 1
987353189 1
-845596590 -1
772677686 0
-115408755 0
625208447 1
