100
-4 5
8 -8
1 -10
-2 2
-1 -7
5 8
4 0
5 5
-1 10
2 6
9 -9
-7 -5
1 -4
-8 -10
-8 8
-7 5
0 -1
-5 6
-8 5
-9 5
-10 7
-9 -6
6 -5
9 -8
7 2
8 -7
2 -3
3 -7
1 -6
1 5
-1 -2
1 10
4 1
-6 -8
2 -1
2 -2
-1 7
-4 -10
-7 9
-2 -5
4 6
6 1
5 7
-1 8
3 -2
7 4
-8 -9
0 -2
7 -6
4 8
3 0
4 -8
-9 2
-4 2
-5 10
-8 6
7 -7
-5 -1
10 -9
-10 -4
-1 9
-1 6
3 -8
1 9
6 -10
7 -4
10 -3
10 5
-7 -2
6 8
1 -9
1 7
-7 8
-8 0
5 9
-5 -8
-2 9
-4 -7
-2 -6
0 3
1 2
2 9
4 4
-4 -4
-4 3
2 -10
-2 1
-6 5
-3 7
10 1
-4 0
8 -5
-2 7
0 -10
1 -8
8 8
6 -9
-4 -5
-5 -4
9 -7
