100
7 3
-1 0
-8 -4
-7 2
-1 2
-8 1
2 -4
-9 -2
-5 1
8 -2
-3 -1
0 4
1 1
3 2
-6 1
-4 -3
-9 -3
6 0
9 -4
1 -4
0 1
-1 -2
6 -1
9 -3
-4 1
8 -4
-2 4
-2 2
3 -3
-1 -3
-7 0
5 1
6 -2
4 -1
-7 -4
-2 1
-8 2
-1 -1
5 -1
6 4
5 4
2 -2
2 -1
-1 4
1 0
8 3
-4 -2
9 2
3 -1
7 4
0 -2
0 2
10 1
-7 4
3 0
-9 2
-6 -2
8 -3
-3 3
1 -2
-5 4
-6 4
-5 -2
-10 -4
-8 -1
2 3
10 0
7 -4
4 2
-10 1
5 -3
4 -4
7 0
-1 3
10 -2
7 -1
-9 -4
3 4
2 4
-10 2
9 1
-8 -2
-3 -4
-3 0
0 3
1 2
-3 -3
8 1
-4 -4
6 3
8 -1
1 -3
0 0
-6 -4
9 -2
-10 -3
5 -4
-1 -4
-5 2
5 2
