100
-23 0
12 1
-1 0
46 -1
-44 1
-18 1
9 0
-5 1
30 0
-35 -1
-8 0
-12 -1
21 -1
18 -1
1 1
11 0
-29 -1
-37 -1
45 -1
42 0
-40 0
0 1
-50 -1
16 -1
29 1
18 0
-39 -1
-27 0
43 -1
-49 -1
17 -1
28 1
5 1
-28 1
31 1
-1 1
41 1
-2 -1
4 1
28 -1
-26 1
2 -1
43 1
-39 1
22 0
32 0
-4 -1
-30 0
29 -1
16 1
35 0
-3 -1
29 0
34 0
-48 0
27 -1
18 1
47 1
-35 1
-5 -1
10 0
-46 0
41 0
-25 0
5 0
-20 0
48 -1
15 -1
-44 -1
46 1
-7 -1
17 0
49 -1
38 0
39 -1
-46 -1
36 -1
-34 1
-8 -1
14 0
19 0
24 0
-42 0
-45 -1
-37 0
-48 -1
-22 1
-21 -1
-35 0
-24 -1
-9 0
-11 -1
7 0
39 1
2 0
23 0
28 0
-33 -1
-28 0
-10 -1
