97
600 800
900 500
800 500
400 400
100 100
100 600
300 700
500 300
900 300
400 300
900 900
900 600
900 200
500 800
700 100
900 400
300 1000
300 100
1000 700
300 800
1000 900
800 600
300 500
300 900
600 500
100 500
800 100
900 800
100 200
900 1000
900 700
500 400
300 300
500 1000
600 900
700 500
500 900
700 200
200 300
200 200
700 1000
400 100
100 800
200 100
200 600
400 1000
600 600
700 600
1000 500
500 600
800 400
400 200
500 100
300 400
600 100
600 1000
1000 100
800 200
100 1000
300 600
800 300
200 900
1000 1000
400 700
300 200
100 900
500 700
400 900
700 300
1000 800
700 800
200 1000
700 900
200 800
400 600
600 700
200 700
1000 600
200 400
100 700
500 500
600 400
400 800
900 100
800 1000
600 200
1000 400
100 400
500 200
1000 300
200 500
100 300
700 700
600 300
1000 200
400 500
800 800
