789
2700000 3000000
2400000 2700000
1600000 1000000
200000 1900000
700000 1000000
1100000 3000000
1300000 1900000
1900000 600000
400000 500000
2800000 2500000
1500000 700000
500000 2700000
1800000 300000
300000 2300000
2900000 600000
700000 100000
1300000 1800000
400000 2400000
2200000 700000
1000000 2800000
600000 1300000
1800000 700000
1300000 900000
400000 900000
1200000 1200000
1500000 1000000
1500000 1700000
2100000 2600000
1000000 2400000
2000000 2800000
200000 400000
1000000 1900000
1600000 500000
2500000 1100000
2900000 2700000
1800000 200000
1200000 1300000
300000 900000
1700000 3000000
2300000 1200000
1700000 200000
600000 1000000
400000 1100000
2000000 2400000
1100000 200000
1700000 1800000
500000 1900000
2500000 3000000
2700000 1200000
900000 200000
1000000 2300000
300000 2500000
1600000 1100000
500000 1500000
300000 2800000
2000000 2700000
2600000 1000000
1000000 300000
2100000 2500000
2900000 1400000
1400000 1600000
600000 1100000
1300000 600000
3000000 2200000
800000 1500000
1300000 1200000
3000000 2000000
1400000 1800000
100000 2700000
1300000 800000
1400000 1100000
1100000 700000
2400000 2800000
700000 700000
2900000 1600000
800000 1600000
800000 1200000
2400000 100000
2600000 1200000
3000000 1700000
300000 1700000
1700000 2500000
1600000 2200000
2300000 1100000
2100000 1500000
200000 1500000
2700000 500000
1900000 1700000
2500000 1300000
2800000 1500000
1700000 400000
2900000 100000
400000 800000
1600000 2500000
1100000 1500000
2600000 3000000
900000 1900000
1400000 900000
1200000 1500000
1100000 800000
2700000 1500000
300000 1500000
400000 2000000
1700000 1300000
2700000 2400000
100000 1700000
2700000 800000
1800000 100000
2800000 800000
1300000 2100000
1000000 1300000
2200000 100000
900000 2400000
1200000 500000
400000 2900000
2800000 1700000
900000 2500000
1600000 100000
2200000 1600000
2200000 1400000
1200000 1900000
1000000 500000
2200000 1200000
2800000 2200000
100000 1900000
1300000 2200000
1300000 100000
2900000 2000000
100000 2100000
500000 1700000
900000 2900000
500000 100000
2900000 1000000
200000 800000
2000000 700000
2400000 2900000
2100000 1800000
1200000 100000
2700000 1400000
700000 500000
1900000 3000000
500000 2400000
2300000 1500000
500000 1800000
2900000 700000
1100000 2900000
2800000 2100000
300000 600000
1300000 200000
2600000 600000
2300000 300000
2200000 200000
2200000 500000
200000 2000000
200000 900000
2300000 500000
1800000 1300000
1800000 2200000
1600000 2900000
200000 2700000
1000000 400000
1600000 2600000
400000 1400000
1700000 1700000
1300000 3000000
1800000 1100000
300000 200000
1200000 2100000
300000 400000
400000 300000
2600000 1700000
1800000 800000
2300000 200000
1400000 2800000
2800000 3000000
500000 700000
1300000 1000000
2600000 2800000
1100000 2100000
1900000 900000
2500000 2500000
1300000 2300000
500000 500000
1900000 1500000
2100000 2400000
1900000 400000
3000000 1100000
2400000 700000
1700000 1500000
1400000 2700000
300000 2400000
800000 1000000
400000 2600000
1700000 2800000
100000 600000
1400000 2500000
1900000 2300000
2700000 2500000
600000 900000
2500000 1200000
400000 1300000
2200000 3000000
400000 700000
2000000 800000
1000000 900000
2600000 2700000
1100000 500000
1100000 600000
900000 2700000
2900000 2400000
1600000 1400000
2900000 800000
700000 2000000
2600000 1600000
500000 2500000
1700000 2100000
2700000 100000
500000 200000
1500000 1900000
700000 2600000
100000 100000
2900000 2600000
300000 100000
1100000 1900000
1300000 1600000
2900000 500000
2200000 900000
1600000 400000
2500000 2100000
2100000 1600000
2100000 1400000
2400000 1200000
600000 2500000
1800000 3000000
3000000 400000
2200000 2100000
2200000 2700000
1600000 2100000
2800000 1100000
300000 2000000
2600000 2600000
700000 2700000
2100000 500000
2100000 1200000
1000000 700000
1000000 2700000
600000 2200000
200000 1400000
2800000 2800000
500000 2900000
2400000 1400000
600000 1200000
800000 1100000
1400000 1900000
600000 200000
600000 1700000
2000000 400000
700000 1100000
1700000 700000
1900000 100000
3000000 3000000
900000 2800000
300000 1800000
2000000 100000
300000 1100000
800000 800000
1900000 2900000
1000000 1500000
2300000 1800000
2600000 700000
2000000 2200000
3000000 1600000
2400000 2400000
300000 1400000
2200000 2400000
1800000 400000
2300000 2200000
1200000 2500000
100000 1000000
3000000 1900000
1500000 1200000
1300000 2700000
2700000 200000
800000 2400000
900000 700000
1800000 1400000
100000 1800000
2200000 2600000
100000 1200000
2800000 1200000
1600000 2300000
1300000 500000
2500000 1700000
800000 1300000
2000000 2600000
2100000 2200000
2100000 3000000
100000 900000
1100000 2300000
1200000 3000000
1300000 400000
2900000 2200000
900000 1100000
300000 800000
2300000 2100000
2300000 2900000
400000 600000
1800000 2400000
500000 1000000
400000 2800000
1300000 2000000
2100000 2000000
2100000 1300000
2400000 2100000
2500000 400000
800000 300000
1000000 1800000
700000 1900000
1700000 1400000
2600000 2000000
700000 3000000
1900000 1200000
3000000 2100000
2300000 1400000
100000 400000
300000 2900000
2300000 400000
1200000 2400000
1400000 100000
1200000 800000
700000 1500000
1200000 1000000
2800000 300000
2600000 900000
3000000 2400000
2200000 1900000
3000000 100000
2200000 1800000
1100000 1600000
1600000 3000000
1500000 2100000
3000000 1400000
1200000 1600000
100000 300000
200000 1200000
400000 3000000
300000 2200000
2100000 700000
1600000 2000000
600000 800000
1200000 200000
1600000 600000
2400000 2200000
400000 2700000
2200000 300000
1600000 900000
2000000 2100000
2100000 200000
200000 100000
1500000 1500000
200000 2600000
2300000 600000
300000 3000000
500000 600000
1800000 1700000
1300000 2400000
1100000 2500000
1300000 1300000
1500000 2700000
2300000 1600000
2600000 500000
800000 1400000
2700000 2000000
2800000 400000
1900000 1300000
1500000 2200000
1800000 2100000
200000 1800000
2800000 700000
800000 600000
900000 500000
2700000 900000
1700000 800000
2900000 2300000
1100000 2700000
2400000 1300000
800000 2300000
2900000 2500000
700000 1300000
2800000 2900000
2400000 1700000
1300000 2800000
1400000 1400000
400000 1600000
400000 100000
600000 1500000
200000 3000000
2600000 2500000
1900000 1800000
2100000 2700000
1300000 2500000
400000 1200000
2000000 1700000
2500000 1600000
1100000 900000
1900000 2800000
2900000 2900000
2200000 600000
1900000 1000000
1600000 300000
900000 1400000
1800000 900000
1500000 300000
2700000 2700000
2500000 2900000
2900000 2800000
200000 600000
800000 100000
2300000 2700000
2200000 1500000
1700000 100000
1800000 1500000
1800000 2700000
1900000 2200000
700000 2800000
700000 400000
200000 1000000
500000 1400000
1400000 2200000
2600000 1500000
900000 1300000
3000000 1000000
900000 1000000
2700000 2900000
2600000 300000
800000 2500000
2300000 2600000
1200000 2600000
1600000 1900000
2100000 1900000
2100000 600000
400000 400000
2800000 1600000
2400000 1800000
3000000 300000
900000 1600000
2200000 1000000
3000000 200000
3000000 600000
800000 2000000
1400000 3000000
1400000 1200000
2800000 2400000
100000 1400000
500000 1600000
2900000 1300000
400000 1500000
2900000 3000000
2400000 300000
2500000 1400000
2900000 1200000
2900000 1800000
1700000 600000
1700000 2000000
3000000 700000
1400000 200000
1500000 1400000
1100000 2000000
1900000 300000
3000000 2600000
2100000 300000
1000000 3000000
2200000 400000
2200000 2300000
1600000 2400000
800000 1700000
1800000 2600000
900000 1500000
2000000 3000000
1300000 1700000
2900000 1100000
600000 2700000
1800000 2000000
1500000 2500000
2400000 800000
1900000 2500000
2400000 1600000
2300000 2000000
1000000 1700000
100000 2600000
2500000 1800000
1200000 2800000
800000 700000
2200000 1300000
1500000 3000000
400000 2200000
1400000 400000
2400000 900000
1600000 2700000
1300000 1100000
800000 1900000
1600000 700000
1600000 1800000
2400000 600000
700000 1600000
200000 2800000
500000 1200000
1000000 2600000
1500000 1300000
500000 2600000
2000000 2500000
700000 2100000
600000 2000000
2600000 1900000
1400000 1000000
2000000 1900000
500000 2300000
2500000 2000000
900000 2300000
2800000 2600000
1500000 400000
1700000 900000
2700000 1300000
2800000 200000
500000 3000000
1500000 2800000
800000 500000
1800000 1000000
1400000 1500000
100000 2300000
2500000 2600000
100000 2400000
600000 1900000
2800000 100000
300000 1000000
1800000 2500000
600000 100000
1300000 1400000
800000 2700000
500000 300000
300000 2600000
2000000 1600000
2700000 2200000
1000000 1200000
100000 2900000
600000 2400000
1400000 700000
200000 2500000
800000 3000000
1700000 1600000
2300000 800000
900000 1800000
900000 2200000
400000 2300000
300000 2700000
1700000 1000000
1000000 2000000
2600000 2100000
1700000 2400000
1100000 400000
2400000 500000
300000 1600000
2000000 2300000
1400000 500000
700000 800000
1700000 1100000
600000 2100000
2100000 100000
600000 1800000
2500000 800000
2900000 400000
3000000 2700000
2400000 2300000
2600000 400000
1100000 100000
2300000 1900000
800000 400000
2300000 1700000
400000 2100000
1100000 1100000
2800000 1900000
600000 1400000
2500000 2700000
500000 900000
1000000 600000
2600000 1100000
2300000 2500000
1700000 1200000
1400000 600000
2200000 2500000
2500000 700000
1500000 500000
1400000 1300000
1100000 2400000
2600000 1800000
1700000 1900000
1300000 2900000
100000 2000000
2600000 1300000
400000 1800000
1400000 2900000
2000000 500000
2700000 2600000
200000 1700000
1100000 1800000
2600000 2400000
800000 2200000
3000000 2500000
900000 400000
700000 900000
2500000 2800000
500000 2000000
2800000 2700000
1000000 1600000
1900000 200000
2500000 100000
1400000 2600000
2600000 200000
200000 1300000
2400000 2500000
700000 600000
1900000 2000000
900000 2600000
2400000 1000000
1600000 1600000
900000 800000
1500000 2000000
700000 2300000
1200000 2900000
1700000 2300000
1100000 1000000
1700000 2200000
1300000 2600000
2000000 2900000
1900000 2700000
1400000 1700000
1000000 1000000
2800000 1300000
800000 1800000
2500000 1000000
1400000 2300000
1500000 2600000
2100000 1100000
2500000 500000
1500000 2900000
1500000 2300000
1200000 2300000
3000000 500000
2300000 2400000
1000000 200000
2400000 400000
200000 1100000
300000 1300000
2100000 2800000
500000 2800000
600000 700000
1200000 900000
900000 3000000
2700000 1000000
500000 800000
2100000 2100000
3000000 2300000
2100000 800000
1800000 1800000
2700000 2800000
300000 500000
3000000 1300000
1300000 300000
200000 2300000
700000 1800000
3000000 900000
1900000 1600000
900000 900000
400000 2500000
1600000 1700000
2200000 1700000
2100000 1000000
2900000 1500000
100000 3000000
2000000 600000
1100000 2800000
1700000 2700000
2700000 2100000
1000000 100000
700000 200000
1700000 2600000
2500000 1900000
700000 1400000
800000 2600000
1900000 2400000
1600000 800000
400000 1700000
2400000 200000
1000000 2100000
100000 1300000
900000 2100000
2200000 2200000
900000 1700000
2000000 2000000
2000000 1300000
100000 2200000
100000 700000
2200000 1100000
1800000 2300000
1500000 1100000
2400000 1500000
2800000 600000
1100000 1200000
2400000 2000000
1200000 1400000
2700000 1600000
2500000 900000
2800000 2000000
2500000 2300000
1900000 1100000
100000 200000
1400000 2000000
2700000 700000
1000000 2500000
200000 1600000
1800000 600000
2200000 2000000
1000000 1400000
400000 200000
1800000 1900000
1500000 800000
1900000 1900000
300000 1200000
2600000 1400000
800000 2100000
1600000 1500000
1000000 1100000
1200000 400000
2600000 800000
1500000 600000
1000000 2900000
2400000 2600000
2600000 2900000
2400000 1100000
2500000 300000
3000000 1200000
700000 300000
2800000 2300000
600000 2600000
2300000 1000000
2100000 1700000
1900000 1400000
2200000 2900000
700000 1200000
800000 200000
700000 2500000
1800000 2800000
2700000 400000
2800000 500000
1200000 300000
1100000 1300000
3000000 2800000
1100000 1400000
1900000 2600000
2700000 1100000
600000 2900000
1400000 2400000
800000 2900000
1800000 1600000
800000 2800000
200000 2400000
2900000 200000
2000000 1800000
100000 500000
1000000 800000
1500000 1800000
2900000 900000
2100000 2300000
2800000 1400000
1700000 300000
2500000 2200000
900000 2000000
600000 300000
2100000 400000
3000000 1500000
3000000 2900000
1500000 200000
1400000 300000
1700000 500000
1500000 900000
1200000 2000000
1200000 1800000
1100000 2200000
400000 1900000
