99
600 400
600 700
500 400
1000 200
100 400
200 900
500 1000
200 300
500 300
1000 500
900 600
200 500
200 400
700 400
400 700
300 600
800 400
500 500
100 800
1000 700
300 700
700 300
100 100
700 700
500 700
800 700
200 600
600 1000
600 200
900 800
600 600
400 300
300 400
1000 800
900 900
700 1000
700 800
100 600
300 800
400 600
1000 100
800 900
500 600
300 100
400 400
300 500
100 900
800 300
400 900
700 200
900 1000
300 1000
400 500
900 300
400 200
500 200
500 800
800 200
700 600
700 100
100 200
700 900
500 100
900 500
300 900
900 400
400 800
600 100
200 700
500 900
800 500
600 800
800 100
1000 600
600 300
200 100
100 500
400 100
300 200
100 700
800 1000
1000 300
1000 1000
800 600
100 1000
900 200
200 200
1000 400
300 300
400 1000
900 100
1000 900
600 900
900 700
800 800
600 500
700 500
200 1000
200 800
