997
10000 71000
7000 74000
10000 100000
9000 35000
6000 88000
10000 15000
7000 71000
2000 69000
4000 61000
4000 80000
3000 10000
8000 2000
3000 39000
6000 39000
4000 89000
3000 28000
8000 40000
2000 26000
4000 7000
3000 42000
1000 59000
4000 25000
2000 90000
3000 5000
5000 38000
8000 62000
3000 79000
8000 43000
1000 23000
8000 36000
3000 98000
5000 43000
7000 21000
5000 97000
1000 92000
9000 12000
3000 21000
1000 52000
9000 83000
6000 41000
8000 59000
10000 37000
9000 93000
9000 29000
6000 36000
3000 14000
6000 92000
5000 23000
6000 94000
10000 45000
8000 3000
4000 10000
8000 58000
3000 86000
8000 26000
5000 1000
4000 73000
7000 52000
10000 58000
9000 40000
3000 82000
7000 90000
6000 57000
7000 62000
5000 44000
10000 18000
2000 44000
10000 43000
7000 93000
1000 20000
4000 64000
4000 68000
1000 93000
10000 78000
2000 23000
9000 19000
9000 84000
1000 62000
10000 49000
5000 7000
10000 93000
6000 90000
10000 40000
8000 66000
3000 81000
6000 67000
7000 95000
2000 92000
8000 5000
9000 10000
1000 82000
5000 13000
5000 4000
5000 28000
3000 40000
8000 7000
10000 30000
4000 84000
10000 85000
2000 17000
7000 46000
5000 71000
2000 2000
4000 97000
3000 84000
1000 3000
7000 59000
3000 54000
10000 98000
3000 24000
9000 1000
6000 25000
7000 72000
8000 49000
2000 25000
8000 52000
8000 73000
2000 42000
2000 54000
1000 44000
5000 78000
3000 16000
9000 26000
1000 27000
9000 7000
9000 31000
6000 86000
7000 27000
9000 13000
9000 92000
7000 3000
9000 80000
7000 64000
6000 27000
8000 25000
10000 13000
7000 75000
9000 79000
3000 89000
5000 55000
2000 43000
10000 82000
6000 63000
5000 100000
2000 28000
1000 71000
4000 91000
5000 49000
2000 34000
2000 30000
6000 72000
8000 11000
5000 10000
1000 84000
5000 42000
7000 9000
7000 73000
2000 12000
6000 35000
7000 63000
1000 88000
5000 92000
3000 92000
3000 55000
5000 95000
10000 67000
4000 86000
7000 43000
5000 32000
8000 51000
3000 76000
2000 55000
10000 38000
7000 22000
9000 3000
6000 49000
4000 53000
9000 34000
9000 66000
6000 62000
4000 58000
8000 65000
10000 20000
10000 34000
9000 57000
3000 96000
5000 3000
4000 50000
6000 20000
7000 78000
10000 1000
4000 8000
1000 100000
7000 11000
1000 1000
2000 73000
10000 95000
1000 31000
10000 76000
8000 29000
8000 48000
9000 81000
4000 21000
7000 97000
2000 97000
6000 1000
9000 54000
3000 63000
10000 56000
1000 15000
6000 71000
6000 61000
1000 67000
8000 38000
6000 3000
6000 47000
6000 83000
9000 74000
4000 13000
8000 6000
10000 53000
2000 20000
2000 9000
8000 60000
9000 64000
3000 64000
1000 46000
6000 99000
5000 9000
7000 48000
5000 48000
6000 66000
4000 95000
4000 87000
5000 53000
6000 76000
1000 83000
3000 47000
2000 35000
3000 4000
3000 99000
4000 52000
5000 70000
5000 15000
7000 25000
1000 19000
1000 45000
5000 91000
1000 63000
8000 95000
10000 97000
7000 100000
8000 93000
9000 71000
9000 50000
7000 92000
7000 65000
6000 13000
2000 18000
5000 89000
1000 22000
1000 11000
3000 45000
8000 79000
10000 9000
10000 31000
3000 46000
7000 49000
10000 28000
3000 97000
10000 7000
4000 39000
10000 3000
10000 63000
1000 42000
6000 40000
7000 18000
2000 100000
9000 15000
5000 17000
1000 77000
2000 71000
5000 25000
10000 16000
2000 59000
3000 93000
1000 33000
2000 4000
4000 55000
9000 46000
3000 31000
3000 26000
3000 1000
3000 32000
9000 32000
5000 60000
7000 55000
7000 23000
4000 94000
7000 58000
5000 80000
9000 68000
2000 80000
4000 66000
2000 64000
6000 10000
9000 100000
8000 100000
2000 68000
3000 25000
3000 13000
1000 36000
10000 52000
4000 100000
8000 77000
2000 33000
6000 91000
10000 35000
7000 42000
10000 70000
9000 78000
8000 80000
7000 53000
4000 85000
5000 64000
5000 22000
1000 55000
4000 40000
8000 61000
10000 87000
8000 21000
6000 8000
4000 71000
3000 67000
10000 79000
5000 79000
3000 6000
7000 14000
4000 12000
1000 26000
5000 65000
1000 16000
2000 87000
2000 96000
7000 28000
7000 50000
2000 36000
1000 89000
8000 39000
4000 92000
2000 19000
9000 97000
4000 35000
6000 17000
4000 72000
5000 58000
3000 41000
7000 36000
6000 51000
6000 65000
9000 75000
9000 41000
5000 12000
8000 50000
7000 83000
1000 2000
4000 76000
4000 62000
9000 44000
8000 97000
9000 5000
8000 42000
9000 65000
5000 66000
10000 54000
7000 1000
9000 94000
10000 89000
1000 85000
5000 33000
6000 22000
5000 76000
9000 17000
3000 65000
1000 91000
1000 13000
7000 17000
7000 4000
9000 76000
2000 94000
3000 15000
4000 48000
6000 87000
9000 23000
4000 65000
10000 62000
2000 89000
7000 15000
4000 70000
7000 51000
7000 30000
6000 23000
6000 97000
1000 18000
5000 96000
10000 19000
6000 33000
9000 85000
2000 60000
1000 40000
6000 78000
10000 64000
9000 99000
6000 12000
7000 84000
7000 10000
7000 87000
10000 61000
1000 30000
3000 51000
2000 41000
5000 16000
6000 2000
5000 11000
6000 54000
8000 68000
3000 7000
5000 30000
1000 65000
5000 18000
7000 2000
7000 8000
6000 74000
4000 49000
8000 90000
1000 72000
2000 76000
9000 9000
5000 83000
8000 1000
1000 74000
8000 9000
3000 66000
4000 16000
6000 14000
6000 89000
9000 36000
10000 94000
4000 82000
9000 67000
6000 21000
8000 98000
5000 84000
6000 80000
4000 3000
10000 42000
7000 98000
7000 40000
1000 4000
2000 56000
6000 84000
6000 55000
3000 61000
3000 72000
4000 99000
2000 46000
5000 31000
1000 56000
3000 44000
10000 41000
9000 2000
4000 69000
7000 61000
2000 63000
8000 4000
4000 20000
10000 22000
6000 5000
10000 86000
1000 34000
2000 62000
10000 48000
2000 32000
2000 48000
10000 91000
1000 79000
3000 59000
3000 91000
4000 37000
7000 99000
1000 66000
4000 83000
5000 62000
3000 35000
3000 100000
3000 56000
6000 7000
6000 44000
3000 34000
6000 45000
6000 53000
10000 39000
7000 31000
7000 80000
10000 66000
10000 92000
4000 67000
2000 10000
8000 14000
3000 48000
6000 48000
4000 34000
9000 98000
4000 43000
3000 23000
3000 12000
8000 67000
2000 5000
4000 88000
6000 77000
2000 8000
8000 55000
5000 39000
2000 13000
4000 38000
9000 14000
10000 73000
9000 72000
1000 86000
1000 32000
4000 42000
9000 22000
7000 94000
10000 46000
8000 85000
7000 13000
9000 59000
3000 85000
5000 72000
10000 47000
7000 32000
7000 44000
8000 84000
8000 91000
4000 90000
6000 52000
6000 34000
7000 35000
2000 86000
4000 32000
1000 29000
10000 55000
4000 59000
5000 20000
7000 45000
7000 6000
5000 68000
1000 96000
2000 16000
6000 79000
8000 31000
7000 79000
8000 8000
10000 32000
9000 42000
7000 47000
3000 19000
8000 88000
9000 6000
6000 38000
9000 24000
4000 63000
8000 34000
4000 56000
1000 97000
5000 37000
2000 74000
5000 27000
3000 52000
2000 14000
9000 69000
7000 41000
8000 87000
2000 77000
6000 29000
4000 6000
9000 8000
5000 75000
5000 90000
2000 66000
6000 16000
9000 38000
5000 67000
1000 8000
2000 47000
8000 94000
3000 53000
5000 14000
5000 94000
1000 68000
2000 61000
9000 86000
8000 72000
7000 5000
7000 38000
3000 3000
5000 41000
6000 32000
10000 24000
1000 81000
8000 69000
10000 36000
2000 21000
2000 82000
2000 15000
6000 56000
3000 73000
9000 43000
9000 73000
5000 81000
6000 46000
10000 11000
2000 6000
5000 69000
7000 29000
9000 37000
9000 70000
2000 84000
9000 21000
2000 79000
1000 51000
4000 74000
6000 64000
9000 48000
10000 10000
2000 49000
4000 93000
3000 87000
2000 53000
9000 18000
3000 49000
1000 50000
9000 96000
4000 57000
1000 7000
4000 1000
7000 69000
6000 93000
6000 37000
9000 82000
9000 58000
5000 98000
5000 56000
10000 51000
10000 26000
6000 81000
4000 22000
10000 77000
5000 46000
10000 68000
6000 70000
9000 4000
5000 99000
10000 60000
8000 13000
1000 73000
10000 14000
7000 89000
9000 62000
6000 82000
10000 29000
6000 31000
2000 7000
10000 17000
5000 61000
1000 76000
4000 36000
6000 9000
2000 98000
1000 47000
6000 75000
8000 76000
7000 60000
6000 4000
9000 53000
6000 11000
5000 45000
1000 48000
5000 77000
4000 26000
7000 66000
3000 11000
2000 70000
8000 33000
10000 2000
2000 83000
2000 67000
3000 2000
4000 11000
3000 68000
5000 88000
3000 22000
7000 7000
1000 69000
1000 38000
9000 77000
1000 98000
5000 40000
4000 77000
8000 82000
10000 65000
8000 10000
3000 20000
10000 21000
1000 43000
2000 95000
6000 15000
1000 53000
9000 55000
6000 42000
4000 15000
6000 95000
3000 33000
1000 75000
6000 30000
8000 53000
4000 45000
8000 83000
1000 87000
8000 45000
10000 6000
4000 5000
5000 19000
8000 37000
6000 60000
9000 16000
4000 9000
3000 9000
9000 33000
1000 61000
1000 90000
3000 29000
8000 47000
4000 23000
8000 54000
3000 58000
8000 44000
8000 64000
10000 84000
8000 92000
10000 23000
1000 64000
7000 24000
4000 51000
3000 8000
5000 59000
10000 33000
8000 35000
4000 98000
6000 85000
5000 52000
7000 68000
7000 82000
5000 50000
1000 24000
8000 78000
3000 83000
5000 35000
1000 54000
2000 29000
2000 27000
1000 99000
3000 71000
7000 96000
3000 30000
7000 12000
5000 24000
1000 9000
5000 51000
3000 57000
1000 17000
8000 74000
7000 85000
6000 68000
4000 79000
1000 12000
3000 17000
9000 87000
8000 57000
10000 50000
6000 100000
3000 69000
5000 82000
3000 37000
7000 77000
7000 76000
3000 90000
4000 17000
3000 75000
5000 74000
4000 31000
9000 95000
2000 39000
7000 91000
3000 77000
8000 20000
9000 52000
8000 30000
7000 16000
10000 8000
3000 27000
6000 19000
4000 24000
1000 14000
10000 25000
10000 59000
1000 70000
4000 4000
9000 20000
3000 43000
6000 18000
4000 30000
1000 5000
4000 2000
5000 73000
8000 22000
8000 46000
5000 47000
4000 47000
10000 80000
5000 21000
2000 52000
7000 67000
2000 38000
8000 71000
8000 18000
2000 3000
2000 81000
5000 5000
8000 75000
4000 33000
9000 90000
1000 6000
1000 25000
10000 90000
1000 94000
1000 21000
6000 28000
4000 81000
1000 95000
9000 11000
9000 39000
8000 23000
3000 78000
7000 54000
8000 89000
10000 88000
7000 20000
3000 36000
3000 18000
4000 41000
4000 14000
4000 96000
2000 57000
10000 27000
2000 72000
2000 91000
7000 26000
1000 80000
3000 95000
2000 37000
10000 57000
8000 16000
9000 56000
5000 87000
10000 96000
7000 33000
6000 59000
3000 60000
9000 47000
1000 57000
6000 6000
1000 41000
10000 12000
3000 62000
5000 34000
4000 29000
10000 75000
8000 32000
2000 58000
5000 36000
7000 37000
9000 49000
7000 81000
4000 78000
9000 28000
1000 78000
10000 81000
10000 5000
9000 89000
5000 86000
1000 28000
5000 6000
5000 26000
9000 61000
7000 39000
8000 41000
6000 58000
4000 75000
2000 88000
6000 43000
2000 11000
2000 65000
3000 94000
4000 54000
2000 99000
9000 91000
6000 24000
8000 63000
2000 50000
8000 56000
8000 99000
2000 24000
5000 29000
9000 30000
3000 38000
6000 96000
8000 19000
6000 69000
9000 45000
7000 86000
1000 60000
2000 45000
10000 69000
2000 85000
7000 70000
1000 35000
6000 98000
7000 19000
1000 49000
2000 31000
6000 26000
7000 88000
9000 25000
10000 72000
9000 88000
5000 54000
8000 17000
5000 85000
8000 81000
5000 57000
9000 51000
1000 10000
6000 50000
8000 96000
2000 78000
10000 44000
3000 74000
4000 44000
3000 70000
8000 86000
4000 19000
10000 4000
4000 60000
8000 27000
10000 74000
2000 22000
7000 57000
5000 8000
9000 60000
10000 99000
3000 88000
9000 27000
5000 93000
8000 70000
1000 37000
4000 46000
1000 58000
3000 80000
7000 56000
8000 24000
6000 73000
2000 51000
10000 83000
1000 39000
4000 27000
2000 75000
5000 63000
4000 18000
9000 63000
2000 93000
5000 2000
2000 1000
2000 40000
7000 34000
3000 50000
8000 15000
