106
26731893 50586451
-61253062 -29724145
16807041 -97806428
-43205591 3605905
-74725765 -9682721
-60532265 -72804839
52440454 -63998048
-58930757 95897883
47189637 64245610
34282263 -95781997
-72444990 -58434919
15547447 75483183
10037771 -72133235
60437321 -26946211
38477544 -16095220
-54407216 -46579962
83058224 31475624
-53690954 -52264131
60102291 -34602606
-79705864 28940878
136976 11514010
60062340 -19997850
-66363064 -71866506
-60102189 34602030
43053977 -25869878
61253164 29723569
-59460387 -87284811
-4972850 38914961
-40582496 -75434392
-34282161 95781421
33106791 59723099
-52375628 -30078718
63020044 74182960
-43053875 25869302
-69976337 -66101647
3821105 -27534027
-26730453 -35814016
-96732767 78162935
1544284 -99572888
40657360 47795520
4972952 -38915537
-14501607 31223927
-47189535 -64246186
17478701 90592917
58930859 -95898459
-33106689 -59723675
-63019942 -74183536
48267547 -2209071
60532367 72804263
43205693 -3606481
-61245671 -96456983
86232730 32544090
72445092 58434343
-86232628 -32544666
46048641 18441152
-99770995 89651602
-60437219 26945635
-80884205 -45722573
69004357 30916507
44898013 81003096
80884307 45721997
-40657258 -47796096
-42810486 -35287761
59460489 87284235
-26731791 -50587027
42810588 35287185
69976439 66101071
-3821003 27533451
-98198292 -70977337
5874106 -95152539
78163795 -59240251
78069270 30899760
-52440352 63997472
-78163693 59239675
-15547345 -75483759
-92103513 90203074
-38477442 16094644
54407318 46579386
99771097 -89652178
-83058122 -31476200
-17478599 -90593493
79705966 -28941454
-16806939 97805852
-136874 -11514586
-60062238 19997274
66363166 71865930
-69004255 -30917083
61245773 96456407
-4279826 -90432656
40582598 75433816
-44897911 -81003672
53691056 52263555
52375730 30078142
-78069168 -30900336
92103615 -90203650
-46048539 -18441728
4279928 90432080
-48267445 2208495
26730555 35813440
96732869 -78163511
74725867 9682145
98198394 70976761
-1544182 99572312
14501709 -31224503
-10037669 72132659
-5874004 95151963
