992
-18608219 -66902631
14718318 -23899989
-25234107 -26516846
-61453014 -96876093
-42170387 66340615
39485411 29946864
-74841727 29454717
37648588 -19602434
42174447 -80900272
72720892 -44709075
-64548905 -91306946
-48790163 54376578
-74952811 63782371
89997327 50981425
2800472 -7419947
57784812 -98168190
69260365 -4363015
37349337 -97342602
86459940 -68257619
31330369 29347227
62163534 61920731
31673200 -24308716
-44531636 49866345
-25393469 -67475460
-20289971 -94941282
-69774875 28753751
-27119496 -11904892
-14271869 -29929744
-60527325 79189837
-98648319 61380718
-58349331 78541965
85259865 -76519923
-8657686 82346422
1456721 -95705326
-13241980 6220564
43383689 -88347424
-86893143 19612629
-42176051 80900858
7006873 53438870
-43781199 -9066773
-17748981 48660038
65306305 -58118946
-27371395 77098751
-62596423 -10403598
80575540 -89221939
-25480217 -98105692
95241272 91642368
-67240030 -4783418
32171728 56934300
-39877947 67969626
57131712 -19331902
39563579 73044556
-62165138 -61920145
-51318568 57163068
-60166182 25670684
-93480441 -87979628
-25634746 73954810
49139413 4568135
-40031075 -44597660
-93923544 -57364390
48788559 -54375992
-53746946 21388202
14560854 -91710972
85218031 -34153921
29667428 -74419181
84606920 6407524
-79722183 -9012589
62050028 57498691
9149267 -10490882
94994192 -36902051
-35899377 58181628
81447727 11013229
18658548 -78976840
-66342374 -86962457
9105774 21199776
-7008477 -53438284
93412451 -22983617
67645566 8401220
29934924 -57043929
69476357 -57237850
-77877514 -73056742
50982144 -22180055
80841557 79234551
-97256519 -51427680
25805155 31132849
-72544875 61641040
2611989 8011949
67503848 -1788879
54168607 -36555639
26467212 42785325
-66934948 56775087
-79146396 -58750503
16995249 7427666
64404207 -54172161
-64858986 37398331
25391865 67476046
-2802076 7420533
-52676081 -80642892
29479042 -147057
31960591 -72824936
-75207269 -21701284
-28404455 39965091
33273956 -56078814
-6451679 -46133339
-38778814 57286452
-89682705 81517052
-84045544 53479265
-85261469 76520509
64857382 -37397745
-52583658 96136627
70391793 17372923
50208068 64435029
-66010674 9542398
-48456048 92829005
8656082 -82345836
89127450 59574301
41558410 -16458745
77350904 78475034
33603289 75458195
36349308 -78071655
16835271 41269037
17820346 -2052991
-82906873 20126286
-836803 -53985505
37672567 46822450
-85020336 -58835930
59983169 70638357
76545908 40083523
-54547761 -37608746
-34746415 28467588
75599435 29758641
-24067397 -30675964
-92270342 90623126
-60821233 -11915062
36440553 -7950300
-46154775 79213754
68158109 -91780662
-65307909 58119532
52582054 -96136041
-42331795 -92020203
43756122 93121821
-59126614 -55577051
50099674 70536578
-46200489 -42056942
-62811829 -77458839
-22931285 -57349857
47620989 74417161
-26603005 -22060652
98646715 -61380132
52109118 -96909270
-33759614 -28288325
77571009 -47014372
-22549615 28667941
61432487 -76472323
-70380753 10093492
-36828529 -77462850
41790203 -6023477
43781281 -43924556
-76066924 -35830745
10357084 -18803995
-2364525 -19647650
38967610 -7895185
-90005163 3179516
28901535 90996119
-21328189 75898971
-33384379 95219406
37097794 78981929
-17023395 6257539
59574710 80774212
-71031637 93929810
10249735 95970687
57052223 -36462908
-31674804 24309302
-12176954 -29235947
-51514441 -91418499
26666998 -48112724
-10348787 13795824
39876343 -67969040
28402851 -39964505
27117892 11905478
-57428752 50468937
96835307 61339125
-76606322 -92158458
-21329788 -22656615
21326585 -75898385
3592700 -55546603
13240376 -6219978
89681101 -81516466
-70483106 39160322
64547301 91307532
-32098869 -70219705
36507248 -36620338
28673922 -14809608
15826367 -67000396
90003559 -3178930
-94684595 -75863935
-69923743 82128715
5978148 -93901728
85018732 58836516
-32173332 -56933714
9504513 89126422
4334428 -5125012
17265743 19408686
51316964 -57162482
42401253 -8337382
60164578 -25670098
54474539 -13096451
49045129 59366029
-26468816 -42784739
67795133 -27922629
-85219635 34154507
98958639 -89403384
63434990 -53441740
-2146682 -56357130
-5514833 48578395
-84608524 -6406938
-9506117 -89125836
3084571 -96733622
-69022746 43616692
4546277 4679204
-6528637 -69312829
15643724 59304545
-57349226 -20202419
-65665436 97053068
15992594 -71460216
-14562458 91711558
41372943 -67517565
-18660152 78977426
-83045601 -37361325
-19024147 -98430176
-93414055 22984203
-42402857 8337968
-50983881 58718894
-8574775 -52104678
62594819 10404184
-62051632 -57498105
-96635899 -72319301
16354880 -69365525
-25806759 -31132263
-47516340 56881621
97198674 68878888
-37361614 26850685
25982863 -51668177
-26468962 -88432958
-12427036 -25520017
52674477 80643478
-22401482 16217214
-64405811 54172747
65663832 -97052482
5096214 36572230
-75456366 -3963820
21688020 19435555
-48186835 -62250688
-29332200 -44077029
66466189 54623985
17021791 -6256953
45981086 -64262747
38777210 -57285866
-3705742 64176455
-16720533 65265577
-1458325 95705912
-43385293 88348010
-10819554 -93360368
-93210776 -65740802
-75421549 -29969876
58751551 -59676208
-2613593 -8011363
41025632 26170175
86255661 -12702098
57347622 20203005
60525721 -79189251
69922139 -82128129
84305891 76848368
-45907213 -20876473
-53243372 92293587
-49354716 -18998936
61451410 96876679
41938354 33384556
-62554091 73624154
-91663222 68783234
-35511662 95184343
-28029213 35371548
-75601039 -29758055
13617392 45438794
-49046733 -59365443
98425178 -69240578
-26668602 48113310
96412685 97875409
-74567036 49571695
-9035342 73762308
26601401 22061238
85265526 61881248
24425388 -65194893
90477364 28576766
-39780541 -50916782
-42721894 73549074
56050438 38349464
-39565183 -73043970
42562412 -60493881
51031161 9447779
-96945063 -17675713
44052608 39428011
10817950 93360954
22929681 57350443
-50983748 22180641
70706164 -26869233
-10232093 -71056680
36687955 38402409
-72274675 62678370
-86501329 62506331
-41791807 6024063
96634295 72319887
40075107 70262889
45837929 41576910
25232503 26517432
-28903139 -90995533
-7469602 -21081399
-54272174 -18248125
-12014062 -12317648
89496688 16063043
-19972218 -56764899
-48727650 21533774
-10251339 -95970101
78903049 -21393730
-92227512 44125576
-95242876 -91641782
-89894290 -15013834
-3594304 55547189
-78529968 -84465565
-96836911 -61338539
-73122099 77427636
35598710 7280691
44491358 98173071
50146895 -42626017
-55634223 -80435320
-29936528 57044515
18158368 -75669463
32097265 70220291
-29669032 74419767
-35600314 -7280105
-84360431 -67712586
70221867 92988479
-89696432 21875506
-22339876 -26553588
15766422 -30214861
-5979752 93902314
-43186110 -20892517
-4336032 5125598
-62033831 -89917180
-45028232 -65111278
44176758 -73985532
70379149 -10092906
-18332910 35106098
-13618996 -45438208
76604718 92159044
71437130 -4784123
76947613 -12908064
14270265 29930330
91899616 13152811
-5097818 -36571644
-90478968 -28576180
-10286376 96789859
-98960243 89403970
-40052585 51368627
-83418690 84923253
24096849 92168891
6527033 69313415
25905239 1579035
-94995796 36902637
-84095230 93040688
-39970342 -14766723
-60258721 -45430841
-3445628 -34323092
83043997 37361911
-84307495 -76847782
97891117 30983181
74565432 -49571109
95565228 11839436
39778937 50917368
-23426044 -25080347
-93416464 23047451
-68246710 12687780
-15768026 30215447
23101987 -48635610
73929559 -20216089
50677572 87990964
73120495 -77427050
18238730 97867624
-69977160 -65825676
-67505452 1789465
-25984467 51668763
61443428 3983167
89983332 84411117
-57045966 -35558648
-92398669 -50973566
-59844433 -68026097
-43757726 -93121235
58085584 96058914
36418669 67559870
-10358688 18804581
12345146 -14366796
75454762 3964406
-97735866 -3514252
54577011 45202678
57914972 -83137355
-90784202 60571598
84043940 -53478679
-15738089 2075989
16718929 -65264991
43177473 -20254808
34268701 -84563122
23424440 25080933
-41939958 -33383970
48454444 -92828419
-66337422 -19931760
28560979 6319779
-16356484 69366111
-54578615 -45202092
-52668117 -31195804
-59984773 -70637771
-99690199 22203154
-81932774 -44927542
-43472441 43535320
58031171 55215823
74951207 -63781785
45905609 20877059
-89267147 -26345855
32901325 -97013469
35587520 -40837198
2145078 56357716
89694828 -21874920
-65133154 -45538795
21689564 63987466
5573777 22947171
-79821462 -93978564
-57053827 36463494
26704095 -55663696
-8650959 94682094
45026628 65111864
12425432 25520603
9033738 -73761722
48185231 62251274
-74742985 1991658
-86490521 -40788959
17747377 -48659452
62552487 -73623568
21368658 79550225
19406533 -89907446
-98622841 92002377
35621221 42284850
-44424987 -25422082
2515649 76331066
98945801 -54885442
-43179077 20255394
-95406732 88134920
-49227650 -55982188
42450221 -85039440
95281258 -97789185
-34270305 84563708
-36689559 -38401823
-39862470 29286875
18606615 66903217
-26705699 55664282
58557421 8151394
29893113 80202313
76919765 -41841423
91469782 93295280
-76000792 -41484229
-40076711 -70262303
-31356817 -6630614
53745342 -21387616
11565196 21334711
-29057109 92975463
-20003046 -658365
70685236 -94839134
-86878869 1113193
-86257265 12702684
-58087188 -96058328
57427148 -50468351
65131550 45539381
-56052042 -38348878
17546439 41143937
92225908 -44124990
-81090000 77044057
48726046 -21533188
25478613 98106278
45689933 -91756223
-8275633 61674285
90782598 -60571012
-55202519 37265066
-42411377 59731503
-16398519 54756324
27870113 92974994
59713739 -878357
-50148499 42626603
82326666 -46072861
28795588 92505312
-56061459 -43779368
50982277 -58718308
-70223471 -92987893
20288367 94941868
62235674 53819170
-96414289 -97874823
61935725 -671694
34543349 -29758523
35897773 -58181042
-8203352 -68999497
8274029 -61673699
-97639400 38516337
-34544953 29759109
52666513 31196390
-57423909 -81390686
26487983 -80396671
46198885 42057528
42330191 92020789
24065793 30676550
40050981 -51368041
-39487015 -29946278
-74146148 -84989232
-25337258 -6219949
66933344 -56774501
50061832 -88363168
36826925 77463436
-25906843 -1578449
60257117 45431427
99688595 -22202568
-51017369 9275403
57422305 81391272
3444024 34323678
44877055 14910631
880968 88009296
-17267347 -19408100
-95566832 -11838850
-24993358 23584989
-16996853 -7427080
68245106 -12687194
-73931163 20216675
8649355 -94681508
-50679176 -87990378
-39154794 -58434398
69975556 65826262
-10036540 -57865761
38300999 -70116853
-63436594 53442326
-57916576 83137941
59842829 68026683
1356113 -75125434
-89998931 -50980839
-45839533 -41576324
-12346750 14367382
58347727 -78541379
-69798042 81951118
-44178362 73986118
93209172 65741388
3132980 1594226
44423383 25422668
62032227 89917766
26467358 88433544
-36663304 15816279
49353112 18999522
-14719922 23900575
-9150871 10491468
-52110722 96909856
84358827 67713172
-51032765 -9447193
-28681834 -24089887
77097961 54613453
-28562583 -6319193
47204493 -20008731
-76949217 12908650
-31962195 72825522
-48327840 -19071384
62213992 69321371
-57224415 53474197
-58032775 -55215237
-18240334 -97867038
75419945 29970462
71391503 -49477237
72567050 -40450061
-27871717 -92974408
77875910 73057328
69021142 -43616106
-63359784 54060291
79819858 93979150
-7258709 11926157
-42564016 60494467
-70686840 94839720
22518963 73019003
36661700 -15815693
-69477961 57238436
-20577033 60241048
-5575381 -22946585
-3587758 -33708040
20575429 -60240462
-87383065 -26147838
32905600 -51971221
26846787 74126623
-18857876 30823967
-50101278 -70535992
9746624 -62162892
95405128 -88134334
71335724 93808743
78724461 10751072
-77180180 -4444737
87381461 26148424
18856272 -30823381
-47206097 20009317
-87246241 61418726
83417086 -84922667
-3086175 96734208
-10728334 -22767692
66958991 26751827
29055505 -92974877
37360010 -26850099
-54170211 36556225
54270570 18248711
33382775 -95218820
-67647170 -8400634
86877265 -1112607
-69261969 4363601
-9797448 39537032
-63687183 56097716
-37350941 97343188
-26103535 83824302
53241768 -92293001
-77099565 -54612867
-80862931 -4071370
-32902929 97014055
42409773 -59730917
-71337328 -93808157
-30921942 -5528749
-26025509 -11078920
53522534 -44312026
-59715343 878943
-89498292 -16062457
39524867 -66997677
-18159972 75670049
-28797192 -92504726
-40567257 68865392
25335654 6220535
74741381 -1991072
-80843161 -79233965
25633142 -73954224
7467998 21081985
-16836875 -41268451
94682991 75864521
-16008765 -57541117
97140893 53551082
-9107378 -21199190
-78726065 -10750486
43184506 20893103
50857303 -2936310
-21651824 -36864041
-77380253 93199476
41457355 68576492
65044193 83244565
8201748 69000083
-53376564 40646923
-53524138 44312612
68539992 -89256172
-5153170 74430667
-41027236 -26169589
28027609 -35370962
42720290 -73548488
93478837 87980214
-21691168 -63986880
74144544 84989818
-75815186 -76644051
-50063436 88363754
40735699 -20072727
-19408137 89908032
18815892 -25575284
51015765 -9274817
-44878659 -14910045
95928831 -87341948
-882572 -88008710
-76547512 -40082937
-54476143 13097037
60819629 11915648
-17821950 2053577
69796438 -81950532
-41374547 67518151
-77572613 47014958
-61434091 76472909
40222643 -21575278
-26489587 80397257
82905269 -20125700
10347183 -13795238
10034936 57866347
-89830313 84052371
-38302603 70117439
-72722496 44709661
-98947405 54886028
-36442157 7950886
39153190 58434984
-70707768 26869819
77378649 -93198890
9795844 -39536446
-37674171 -46821864
-78279649 70338015
68071914 77266094
26157583 -7657117
-66467793 -54623399
-73180337 -58529337
44530032 -49865759
-24426992 65195479
28882043 31075187
70847620 52644371
-40827785 10695005
-17548043 -41143351
-97832585 30159000
-89129054 -59573715
64907948 45070968
-3134584 -1593640
48326236 19071970
-29480646 147643
67981315 14461939
-28675526 14810194
-23103591 48636196
-61445032 -3982581
-71393107 49477823
-87138737 63018507
-11988612 1627107
91661618 -68782648
-58442177 -99812502
54059212 -3248136
53542734 26737027
29330596 44077615
54546157 37609332
7257105 -11925571
-42451825 85040026
-331094 31937609
86891539 -19612043
33758010 28288911
91460906 -90653111
-49610854 77666041
-59615477 -43377957
-45691537 91756809
-61937329 672280
34744811 -28467002
-94762825 88178999
-91471386 -93294694
10067634 58664388
49609250 -77665455
73813892 -69903675
-26848391 -74126037
99113433 -79540040
-9748228 62163478
3124583 90944116
5271571 64828335
86499725 -62505745
-15994198 71460802
-40224247 21575864
-45982690 64263333
66340770 86963043
39860866 -29286289
-32907204 51971807
-73815496 69904261
74840123 -29454131
6450075 46133925
-58559025 -8150808
10726730 22768278
-66960595 -26751241
21901398 95596043
-97200278 -68878302
20001442 658951
-47622593 -74416575
5390603 -35650939
-95930435 87342534
-44492962 -98172485
-37099398 -78981343
10640795 -33209427
-91901220 -13152225
97830981 -30158414
27192088 6095656
21246069 52284547
11919631 -91566553
58440573 99813088
77178576 4445323
329490 -31937023
-98426782 69241164
11987008 -1626521
62810225 77459425
64816348 75176364
-68073518 -77265508
75999188 41484815
63685579 -56097130
-59576314 -80773626
-82328270 46073447
-39526471 66998263
12175350 29236533
-41560014 16459331
97734262 3514838
55632619 80435906
-36350912 78072241
89892686 15014420
16007161 57541703
-54060816 3248722
-25406069 -935191
-21247673 -52283961
31355213 6631200
-30035627 36882864
79144792 58751089
81037673 -3739026
348632 61186472
18331306 -35105512
97637796 -38515751
-57945573 -30761677
-68541596 89256758
-62215596 -69320785
40826181 -10694419
22548011 -28667355
-9134756 -27395488
-59056412 -15663444
-22313291 -12410896
9179301 90829286
-40737303 20073313
93414860 -23046865
-18817496 25575870
75205665 21701870
-36508852 36620924
-35622825 -42284264
38364915 -78574927
80861327 4071956
-24098453 -92168305
40029471 44598246
-14487401 6377455
19970614 56765485
97254915 51428266
19022543 98430762
-50858907 2936896
42168783 -66340029
89828709 -84051785
59125010 55577637
-37650192 19603020
-29285002 -95608813
-38969214 7895771
22399878 -16216628
46153171 -79213168
-50209672 -64434443
75813582 76644637
-29894717 -80201727
12012458 12318234
2362921 19648236
78278045 -70337429
-57786416 98168776
71030033 -93929224
-26159187 7657703
73178733 58529923
26023905 11079506
-31331973 -29346641
-53544338 -26736441
5513229 -48577809
96943459 17676299
-28883647 -31074601
36523925 -87407206
69773271 -28753165
-4547881 -4678618
-2517253 -76330480
-81946738 -20263458
-85267130 -61880662
21328184 22657201
57222811 -53473611
-21689624 -19434969
-64909552 -45070382
-89984936 -84410531
-67982919 -14461353
43779595 9067359
81931170 44928128
49226046 55982774
72273071 -62677784
27369791 -77098165
89265543 26346441
-72568654 40450647
78528364 84466151
87137133 -63017921
67238426 4784004
-36191001 -7800040
-81449331 -11012643
-57133316 19332488
21650220 36864627
-21370262 -79549639
-21903002 -95595457
40565653 -68864806
-49141017 -4567549
59054808 15664030
30034023 -36882278
93921940 57364976
59613873 43378543
43470837 -43534734
-95282862 97789771
94761221 -88178413
-81039277 3739612
-10069238 -58663802
29948929 15575924
-11566800 -21334125
79720579 9013175
-15645328 -59303959
-5273175 -64827749
84093626 -93040102
-97892721 -30982595
92397065 50974152
-35589124 40837784
10230489 71057266
-36420273 -67559284
24991754 -23584403
10284772 -96789273
-76921369 41842009
-3126187 -90943530
55200915 -37264480
64033262 -64553306
47514736 -56881035
5151566 -74430081
16396915 -54755738
57044362 35559234
70481502 -39159736
87244637 -61418140
-10642399 33210013
-86461544 68258205
26101931 -83823716
-27193692 -6095070
-43782885 43925142
72543271 -61640454
-11921235 91567139
-97142497 -53550496
-33275560 56079400
80622854 15041348
53374960 -40646337
-80624458 -15040762
76065320 35831331
15736485 -2075403
3704138 -64175869
-64817952 -75175778
29283398 95609399
30920338 5529335
-44054212 -39427425
-15827971 67000982
-70393397 -17372337
81945134 20264044
-70849224 -52643785
66335818 19932346
-22520567 -73018417
-78904653 21394316
25404465 935777
-64034866 64553892
-77352508 -78474448
49807252 54100836
-33604893 -75457609
-99115037 79540626
-80577144 89222525
835199 53986091
-62237278 -53818584
-36525529 87407792
51512837 91419085
-67796737 27923215
-65045797 -83243979
63358180 -54059705
35510058 -95183757
-350236 -61185886
-9180905 -90828700
3586154 33708626
92268738 -90622540
-71438734 4784709
-5392207 35651525
57943969 30762263
-91462510 90653697
-1357717 75126020
-49808856 -54100250
56059855 43779954
94395935 -91446853
9133152 27396074
36189397 7800626
-58753155 59676794
-94397539 91447439
86488917 40789545
-29950533 -15575338
28122779 94471860
22338272 26554174
39968738 14767309
98621237 -92001791
-68159713 91781248
-98602297 41173950
8573171 52105264
-41458959 -68575906
-38366519 78575513
81088396 -77043471
22311687 12411482
14485797 -6376869
-28124383 -94471274
98600693 -41173364
66009070 -9541812
28680230 24090473
