1000
38121694 -31297323
18392291 99233091
-84583158 -25735085
75601822 66604660
-60604315 75716852
61094157 82619382
-42697175 63750614
-44897943 -95773303
82285848 -92739289
68237692 -9760219
-90860726 63917818
-55846150 27619189
40182401 -4074601
-10068380 -58839695
67664701 -5747289
52800075 96340022
37008349 20212697
8273778 -56299244
47421489 -78575434
-88760215 97877405
79087258 -89084411
-40845134 82044058
77537630 -66897316
-50829995 3759148
-85319841 99026968
-83873945 -77680966
-12391232 72520788
69740314 70846611
12339304 -98166417
-37620323 54572824
64723384 22810658
-65160713 -27323747
-76520629 80567009
3207047 49132551
-45046394 -99804062
-59118095 86106992
-38970260 -68918892
-73669131 -52673042
-43963855 -68472757
38970240 68919204
76501816 -334030
-83536761 66741630
-13106554 -52418635
-82667091 42445907
-14808543 22802125
25342111 31565050
93379617 57758091
60307549 51594872
98688103 -17734847
92848452 8507970
-52508202 81245892
51569513 -90555493
-35945232 -64588943
-45409065 -10190561
-39666281 57407240
-76794616 52258807
-70970142 49447055
-249023 44934911
-8263102 -24417189
-18263978 2055777
22764383 61613600
82597680 89013358
-73084923 73196651
55222257 -7245625
10352061 88060816
23385039 -70987463
78899334 39208134
-60631195 38654942
86498658 31341660
13829741 -21312374
78849597 4589495
-33007875 38429569
93943266 75598400
-21374757 63110548
58013466 3301708
46670408 87754819
-104629 37894245
91344337 -4527610
43789867 -17973960
-35323526 -25887883
-37090806 27038887
-45248463 1550896
57740953 -47125869
25517771 -9573809
-40643778 13278165
-37008369 -20212385
68126507 -84737871
77041284 86429473
98687768 -63814277
-61094177 -82619070
-40183046 22140779
-22759508 27875262
90096674 54768884
51922598 24104078
-65825285 -74872342
-10616455 15878133
-10596936 -84336110
62964616 -54012584
-37219266 99512662
-76619426 51516736
-98688123 17735159
5688573 20052778
-39793143 -23564627
-13250427 75135422
90704153 -74576196
-57740973 47126181
79407104 80772137
-56009235 85041095
-48372714 -43160286
-58201743 88568926
-4101472 -76887212
-16130791 20093016
12391212 -72520476
-10034118 42386953
52689039 -80256757
59610163 99024093
10030391 71477163
-97161331 -19086651
-12181841 17579730
44670914 -96129340
18224432 -50668677
-42779466 55226280
-98459275 -60940914
65405843 67923773
22480600 -17835612
-10959114 -99591308
-57190564 -3364004
9845299 -22618532
50585911 -35349749
-72221780 70075381
60622034 -30041442
81390247 -63676716
81555892 -40438405
35712559 -18159132
-65063533 -78447733
-21887826 4030097
94027781 15290070
16561140 -8797236
40302739 26192493
-79377504 -40266368
-95918227 -80014650
70569445 16590931
28868665 93991326
-69676028 -35500670
-55079260 -4535099
-82501081 85428529
-10787225 60327860
57670554 -50153771
-41894312 20388213
24239574 45509958
54005992 -83100652
-37209404 -72621285
51506801 58472851
48938035 -3701002
-36607055 1730642
-71050631 28990167
90860706 -63917506
85749294 -97249553
-304734 -62862128
-84210221 -46694290
-24005997 17556833
67097608 31994401
-61976519 -26012605
-18701121 -38565579
17693372 -76483650
37903626 35302114
19407026 91031191
-96561380 52315794
-30602948 74709523
88604351 -80187276
10959094 99591620
84583138 25735397
45248443 -1550584
-52800095 -96339710
-30805606 3093434
-44554418 -90494635
-82285868 92739601
49681801 -83533351
80932312 -88798336
-78899354 -39207822
20439554 91917179
-22175223 -58826843
44897923 95773615
-78849617 -4589183
-43789887 17974272
88760195 -97877093
-75803429 35707564
-11271257 50598533
63953526 47959954
89543907 71118068
-56431120 -66366577
-14716135 -74845271
-69740334 -70846299
8622148 77431378
-12339324 98166729
65160693 27324059
44827184 11498692
33007855 -38429257
4101452 76887524
56431100 66366889
56009215 -85040783
-74722741 -72141400
83536741 -66741318
-51124307 -17929451
73572157 83711292
83873925 77681278
-7195471 2961939
76819927 -25288618
33129451 -35535208
89936979 93583487
-25342131 -31564738
-78227147 -38981629
-89936999 -93583175
-3118147 45498264
-70996860 -35942360
60585333 -3544837
51124287 17929763
20071394 -8162262
76794596 -52258495
72560533 -89854409
82300879 24586804
60075573 -93499007
8263082 24417501
34540057 18021031
40200034 99422228
-94861049 -75953378
72517858 -60423808
79695632 88299317
43963835 68473069
-87023646 30129235
36498102 -43901410
10034098 -42386641
-21992731 -67880019
37090786 -27038575
70203063 68957812
-8543873 -7474896
-91675424 -48197138
21372011 -23101091
-46670428 -87754507
42443754 4171815
-76501836 334342
31229394 97970712
57903428 -26752400
84484223 -68361642
-26630211 -40254638
-41488672 35065668
-98687788 63814589
40183026 -22140467
83358446 -41250493
-29788971 -34281841
65825265 74872654
77311513 -39513769
86914850 -80833684
-8273798 56299556
-68863789 66344502
-18837835 -53496037
-58567082 -91035080
37553534 97410805
-60075593 93499319
-65156461 -23469659
-51279151 66664034
-34540077 -18020719
-44827204 -11498380
45046374 99804374
-63748495 -82933207
-74287325 70541807
81626004 29355912
-51755654 -22810448
86904549 3994644
-62792266 61876790
-51222178 -93000248
-56585190 -60842911
-14866477 -99884624
-81555912 40438717
-86462505 97882031
13106534 52418947
88201209 -12993384
-14509690 -3232023
14637677 -43023133
-34389510 -54774045
40256610 -30609040
-42205329 -93455136
-51569533 90555805
94340200 93897783
81255923 -51642544
-32872268 -29210599
45409045 10190873
-87821163 22052973
80204337 -36632453
-89046600 79974155
-77537650 66897628
-39347579 68469310
30482521 22106103
-63201982 -4907009
21048415 -88317853
-53508358 -56558330
64111226 25562563
-92179376 33048439
-37553554 -97410493
-2741417 98788690
20897809 18080933
91082487 -58214934
99920861 -5366815
85389908 91629339
-55263778 17097400
21992711 67880331
-73782333 -80894458
14509670 3232335
-82178960 -35131605
26630191 40254950
37085299 22425646
-69060807 -13796963
52508182 -81245580
-20439574 -91916867
-56350056 26572302
97161311 19086963
23342779 -82975105
55079240 4535411
-48419864 71316036
-41971710 -42692397
19149036 40982950
14925857 99580910
-89543927 -71117756
-51747826 16916021
-20652172 72667787
-92848472 -8507658
-55276058 -69598000
-17693392 76483962
-97651311 3244799
-6222524 34830199
-80932332 88798648
-47627071 -73749515
74722721 72141712
76520609 -80566697
-21372031 23101403
27713546 43835493
35251641 -72620083
37209384 72621597
94812690 -13536684
56350036 -26571990
-76819947 25288930
-33129471 35535520
-10585231 -5119020
77821592 29142596
39793123 23564939
79377484 40266680
-22519887 60913964
-59610183 -99023781
1242495 -64611814
-70646716 14378396
51747806 -16915709
88685550 -72968024
-51506821 -58472539
-88201229 12993696
80340614 74398051
-2677792 -72487648
91675404 48197450
600962 66891307
47627051 73749827
36415916 61570601
94861029 75953690
73084903 -73196339
308500 11279655
-72517878 60424120
87023626 -30128923
-11744580 -44033545
93076359 -95805443
68856086 23282777
-54006012 83100964
-7949397 57176266
10714555 83034906
76294359 -14730766
-23385059 70987775
-65211652 -94042862
-14121449 95562474
-38692001 73908933
41849953 -52234436
33569451 69886886
61976499 26012917
49368706 26551399
97651291 -3244487
-32288210 16411322
-81638705 21868695
46735112 -86195745
48372694 43160598
18009958 -91032416
-62964636 54012896
-55884293 -22226120
76983227 -33194991
68863769 -66344190
-42397217 -30002885
-85429328 -66397524
-27713566 -43835181
-76983247 33195303
-93323558 36680864
-7224216 3724959
12181821 -17579418
15910151 5226776
-93274564 59221479
42397197 30003197
-68393669 29360974
60604295 -75716540
90600781 31284933
69017880 69953587
11649494 69527042
-99417875 -94445737
-9780824 26761659
-79290408 -19144236
-37445552 40806249
-83808556 851758
20580963 25758086
-22480620 17835924
32865133 4800174
93323538 -36680552
14866457 99884936
78227127 38981941
104609 -37893933
41013609 -74965579
-34566054 58151627
29462159 -71409041
30805586 -3093122
9425598 40016751
44367765 39266829
69676008 35500982
98938421 -29634701
29788951 34282153
-23397123 -99324756
17085306 31271804
-12242522 -15295479
43084039 -52306891
-83358466 41250805
-64723404 -22810346
78785944 -97594769
-58778170 19482715
-36415936 -61570289
-44331777 78056882
89046580 -79973843
82032967 22848306
-86402858 4318309
40443176 61800474
-64111246 -25562251
-80204357 36632765
92179356 -33048127
-20526544 53792176
-34386710 29119913
-2969729 -5724377
-50585931 35350061
-37903646 -35301802
-32050340 -30077029
-85389928 -91629027
-80671733 -66858029
9334048 88669642
-37670661 -63215221
73782313 80894770
-34172994 85479576
-38366833 -92943174
58201723 -88568614
-25517791 9574121
-37939933 91437369
20579953 -32895314
-37085319 -22425334
87172295 -13080683
18263958 -2055465
-3207067 -49132239
-33799012 85333510
90293436 29475047
-17085326 -31271492
46875866 82999048
-26288082 -57903852
-22475282 92470153
19528867 -96555463
34566034 -58151315
97227915 35661128
-90600801 -31284621
85429308 66397836
20652152 -72667475
-68126527 84738183
37620303 -54572512
-75601842 -66604348
6222504 -34829887
80671713 66858341
44168857 83011769
-79354880 -14271128
-90704173 74576508
18837815 53496349
-50340207 -55672249
-93076379 95805755
8362213 47581952
-52144061 725671
-16561160 8797548
-86904569 -3994332
-60307569 -51594560
-18224452 50668989
67049399 -30171596
-1242515 64612126
59626020 -2033953
-32290050 98661017
93056792 44313224
-20071414 8162574
41488652 -35065356
-600982 -66890995
98226194 -98770494
51222158 93000560
-99743834 72639805
-14025566 61948299
83808536 -851446
-67049419 30171908
19289123 65214807
82648394 86660081
13594331 64643807
-308520 -11279343
-10352081 -88060504
11744560 44033857
26288062 57904164
39547248 -63559648
-77125457 -77737495
65156441 23469971
5299576 88200020
7949377 -57175954
94822198 7860868
-76294379 14731078
34201969 -51737506
23397103 99325068
14121429 -95562162
-28868685 -93991014
-95843886 43202259
-60585353 3545149
-33569471 -69886574
-29090997 81084930
15596348 -37134002
2537144 26853218
-51922618 -24103766
39740722 58982531
-20277320 -25622912
-46735132 86196057
32288190 -16411010
55888507 -29915142
99173038 57552890
-79695652 -88299005
-92848320 85570688
-33374653 38264301
55467841 -91460938
-93943286 -75598088
-92947820 28288807
-70151125 19835515
-25594333 -47543730
-66578622 -29424653
-8622168 -77431066
19371917 35467321
-45769921 43431381
7224196 -3724647
85319821 -99026656
93274544 -59221167
-29462179 71409353
68393649 -29360662
76619406 -51516424
72221760 -70075069
-77041304 -86429161
-69017900 -69953275
249003 -44934599
48375996 25331898
68885549 64960257
-48432950 -68187136
9780804 -26761347
-98693839 -539267
55884273 22226432
-43084059 52307203
-20580983 -25757774
-44367785 -39266517
81638685 -21868383
-81255943 51642856
-99173058 -57552578
48941112 21188635
-16768150 52346939
25665280 82775720
-22764403 -61613288
-5136866 -81286439
30602928 -74709211
58567062 91035392
39666261 -57406928
-55222277 7245937
-82300899 -24586492
-78785964 97595081
-98938441 29635013
70970122 -49446743
37445532 -40805937
58488378 -29523549
-79158820 -46218634
15257084 52504451
44331757 -78056570
30244548 64881647
-82032987 -22847994
58778150 -19482403
60113362 70420107
80895759 -92220021
-55467861 91461250
-32865153 -4799862
8158741 -81647622
53984032 61219839
-78087788 -48510510
-41849973 52234748
32050320 30077341
50854616 -18222981
34389490 54774357
-88739831 85082445
13637467 -21410930
-91241688 79122144
-27980391 95810673
-18392311 -99232779
82667071 -42445595
51279131 -66663722
-47457193 -66140198
64119453 40607771
-90293456 -29474735
-90096694 -54768572
22261616 41918256
62600136 30997406
21887806 -4029785
-80895779 92220333
-62592236 -33875629
48419844 -71315724
48432930 68187448
-28238345 -99720434
88721185 -81009772
71170288 -81038646
-97227935 -35660816
-19677015 12968415
22175203 58827155
-69709408 -72685070
13244068 67346606
18996222 47475909
28595606 -48179951
-50261979 27889799
84171445 58783873
-20695549 -60724266
37070918 4377944
-73572177 -83710980
-82891613 76160345
41497230 -42416355
-68856106 -23282465
97006388 -56259517
-77821612 -29142284
-3975317 15693386
-83035381 78940598
-35251661 72620395
39347559 -68468998
-46113746 -83698099
-69336400 -36135969
67896226 -4446168
-35712579 18159444
36908041 -89828201
94576414 28006704
46417479 -73306562
69060787 13797275
37939913 -91437057
-18996242 -47475597
70996840 35942672
-67664721 5747601
14025546 -61947987
-79407124 -80771825
14808523 -22801813
96621749 54215620
24430502 74406939
-83114268 93565754
-68946320 -32532808
-41497250 42416667
-14637697 43023445
5136846 81286751
10596916 84336422
-44594374 2729102
-91300526 32006178
-13594351 -64643495
34541966 29178810
-68451173 23597120
88739811 -85082133
95843866 -43201947
-29548954 -51783130
-84532244 81639484
-19407046 -91030879
-88604371 80187588
-88685570 72968336
-13617713 77120534
-13829761 21312686
-28595626 48180263
10616435 -15877821
-39740742 -58982219
24005977 -17556521
2677772 72487960
-55888527 29915454
27980371 -95810361
86402838 -4317997
51341296 -29183244
-40443196 -61800162
-38121714 31297635
-24430522 -74406627
50829975 -3758836
25594313 47544042
82178940 35131917
86462485 -97881719
66578602 29424965
-85391411 67849102
44554398 90494947
71380396 -70986392
20526524 -53791864
-10714575 -83034594
-40182421 4074913
-23342799 82975417
-68599008 -3893029
-8158761 81647934
-64119473 -40607459
-34541986 -29178498
-44670934 96129652
-33006002 -80218815
79290388 19144548
-46875886 -82998736
56585170 60843223
65211632 94043174
51226942 26362221
-5168995 -76793570
-84259419 79473597
68538327 -93306916
-14925877 -99580598
2969709 5724689
-48941132 -21188323
65063513 78448045
16768130 -52346627
-91082507 58215246
-89311581 -75435724
77125437 77737807
69921796 -27019676
-70569465 -16590619
-3842117 -55099986
5494196 -47393095
-9334068 -88669330
29090977 -81084618
37670641 63215533
-87172315 13080995
-88721205 81010084
-58488398 29523861
-15257104 -52504139
-80340634 -74397739
-30244568 -64881335
-4380076 -9621380
-40302759 -26192181
42779446 -55225968
-60113382 -70419795
-51226962 -26361909
-67896246 4446480
-20579973 32895626
33374633 -38263989
22475262 -92469841
70151105 -19835203
-53984052 -61219527
66987643 -73330211
8543853 7475208
-42443774 -4171503
-50854636 18223293
-13637487 21411242
-58021308 99199119
-62600156 -30997094
-30482541 -22105791
53265339 -4588118
50261959 -27889487
-57462190 -16949205
84210201 46694602
47457173 66140510
74382026 36539585
97228814 -84718521
-21048435 88318165
46113726 83698411
55111857 74030375
-51341316 29183556
62592216 33875941
28238325 99720746
84259399 -79473285
29548934 51783442
32290030 -98660705
-9425618 -40016439
-66987663 73330523
-66800277 -77279858
-51212336 49412617
38366813 92943486
11429149 -68649269
79354860 14271440
-11429169 68649581
20695529 60724578
82501061 -85428217
55620046 86643341
-83774416 -9946084
11708426 74693851
-94822218 -7860556
-42065091 21098739
-40256630 30609352
-41013629 74965891
44594354 -2728790
-97006408 56259829
-55182789 60124663
32872248 29210911
3975297 -15693074
-82775461 16223550
-60622054 30041754
83035361 -78940286
19676995 -12968103
51212316 -49412305
98693819 539579
-37070938 -4377632
-9845319 22618844
-93056812 -44312912
-46417499 73306874
-68885569 -64959945
23666051 95066338
-98226214 98770806
-40200054 -99421916
42205309 93455448
7699297 62556544
71050611 -28989855
2741397 -98788378
55276038 69598312
-24239594 -45509646
-26926229 -76835565
69709388 72685382
39894710 77364721
40643758 -13277853
-99865018 -26848453
-39547268 63559960
33798992 -85333198
-5299596 -88199708
63201962 4907321
51755634 22810760
-99920881 5367127
43203352 34559435
-93379637 -57757779
68451153 -23596808
-82597700 -89013046
-2537164 -26852906
70646696 -14378084
-68237712 9760531
-81626024 -29355600
13617693 -77120222
55182769 -60124351
74136606 46004347
-10030411 -71476851
42697155 -63750302
20277300 25623224
304714 62862440
-94576434 -28006392
92848300 -85570376
55846130 -27618877
10068360 58840007
18701101 38565891
-86914870 80833996
79158800 46218946
-85749314 97249865
11271237 -50598221
-68538347 93307228
14716115 74845583
-47421509 78575746
-23572064 -3420321
-79087278 89084723
-48376016 -25331586
-86498678 -31341348
-72560553 89854721
41971690 42692709
68598988 3893341
-77311533 39514081
-19528887 96555775
-34201989 51737818
-84171465 -58783561
83875894 -33586543
-74382046 -36539273
59118075 -86106680
73669111 52673354
26926209 76835877
-74136626 -46004035
-94340220 -93897471
-81390267 63677028
23572044 3420633
5168975 76793882
12242502 15295791
55263758 -17097088
-84484243 68361954
83114248 -93565442
89311561 75436036
-25665300 -82775408
99743814 -72639493
27782251 60332963
3842097 55100298
35945212 64589255
52144041 -725359
38691981 -73908621
34172974 -85479264
4380056 9621692
10787205 -60327548
-99117708 85297289
10585211 5119332
99417855 94446049
-7699317 -62556232
82891593 -76160033
92947800 -28288495
-96621769 -54215308
-58013486 -3301396
-31229414 -97970400
96561360 -52315482
60631175 -38654630
34386690 -29119601
45769901 -43431069
75803409 -35707252
62792246 -61876478
63748475 82933519
-96929202 -45258285
-36498122 43901722
-91344357 4527922
36607035 -1730330
35323506 25888195
-20897829 -18080621
-55620066 -86643029
-36327825 -52380723
91241668 -79121832
58021288 -99198807
-15596368 37134314
-57903448 26752712
7195451 -2961627
-22261636 -41917944
-49368726 -26551087
-53265359 4588430
79317167 -11975941
57462170 16949517
83774396 9946396
96929182 45258597
-83875914 33586855
33005982 80219127
-97228834 84718833
-71170308 81038958
-11649514 -69526730
-19371937 -35467009
-5688593 -20052466
57190544 3364316
-44168877 -83011457
13250407 -75135110
-53147748 73870012
-45482808 -89658302
85391391 -67848790
45482788 89658614
-63953546 -47959642
66800257 77280170
40845114 -82043746
-15910171 -5226464
84532224 -81639172
16130771 -20092704
-19289143 -65214495
78087768 48510822
99864998 26848765
-19149056 -40982638
-11708446 -74693539
3118127 -45497952
-8362233 -47581640
-94812710 13536996
53147728 -73869700
-49681821 83533663
98459255 60941226
-13244088 -67346294
-18009978 91032728
-55111877 -74030063
82775441 -16223238
-69921816 27019988
-65405863 -67923461
42065071 -21098427
-52689059 80257069
50340187 55672561
69336380 36136281
74287305 -70541495
-5494216 47393407
-94027801 -15289758
22519867 -60913652
-23666071 -95066026
95918207 80014962
-36908061 89828513
-39894730 -77364409
22759488 -27874950
-71380416 70986704
-82648414 -86659769
99117688 -85296977
-57670574 50154083
-27782271 -60332651
41894292 -20387901
68946300 32533120
-70203083 -68957500
36327805 52381035
-59626040 2034265
-79317187 11976253
-48938055 3701314
87821143 -22052661
53508338 56558642
-67097628 -31994089
91300506 -32005866
-43203372 -34559123
37219246 -99512350
21374737 -63110236
35231931 92989759
-35231951 -92989447
