1000
-44670027 38846310
-79282282 77110172
88633515 1367909
-69694687 -95497914
-95913899 -35743057
62450839 50130837
-29113647 -26987130
25375671 43681447
-92145430 87879226
81827400 -2053544
12193301 -38552887
-66916800 31495859
78652789 -27635661
44671525 -38844938
83391634 18436319
-9629595 84426923
82077458 11317651
-85669362 -16890150
-82761393 53606563
81001777 -6682708
-28590284 22143489
45859641 -16977844
-43666048 -33427740
-78840073 -82222002
95915397 35744429
8454612 -62548019
56569874 -35829172
77439736 9257246
-47418194 -23819287
-58044820 10604286
53989910 -39601649
-79944219 -34656971
-7842997 -44566020
26648806 80294240
80936018 47273329
3521352 -25852962
-68560896 80762237
-29842557 -26561929
23837331 16921408
90777429 89382208
79371897 -91726389
26894615 -64359304
78841571 82223374
-92134564 -4062811
97011016 25692389
45150682 -87181094
-52786456 96680503
85710442 -86228192
-53580282 34830962
10837535 12427078
-80547766 -40729695
-40519570 31182460
-42902045 31239745
83233726 -15792936
-25405211 82918693
-25316084 59140930
-13733537 -19655339
50090752 -74830991
99825575 50962919
84206440 -51302181
-88428365 -85260447
-608145 34494590
79031412 26051907
32935149 -8004440
92344333 40320765
-7738636 -44077868
91228312 -30044777
71646461 -22070165
-34118248 57488260
-31150536 35842478
90572658 -62221669
-83390136 -18434947
-82143746 46218906
-15503150 48159453
67583183 59708444
30143014 -96646524
-71010849 -62152029
76470797 -65873435
-8852188 76691634
-39455259 -13352459
93224497 83350934
71304275 -33839605
-99260402 16459422
89603421 -51929621
94142456 -13905215
8358307 57164087
92437412 9964963
45224003 -29900192
13431983 46529823
-29338672 -84615984
91616093 56709918
-54386631 -23971383
-59134171 9166599
-78297077 -17198328
-71302777 33840977
-73615342 -44718872
-83286572 -8882375
62640500 -54878482
-70264715 -57651415
80300755 -71090200
41424173 2365547
-82075960 -11316279
-27373279 28209552
-35579659 -35971091
56787111 -32140300
81626362 -39789157
75446532 29990360
-68851310 -90223431
-77390133 83132561
60870352 -84540631
-36445642 -73509748
65775291 -25992061
76936953 -73010025
51130138 -62501225
10639724 78878163
-82979129 -80956236
-11834751 -2813082
-23919069 1252767
58786266 -36654499
96763191 69199220
74879120 27905232
-34816238 30256263
29903128 23965247
59735325 -20360856
-91027213 25334171
95030685 25889372
-96262096 65093960
66918298 -31494487
57104292 -48652183
79945717 34658343
99581667 -77928542
-36426336 -2747296
-81404373 -1724192
94955594 -84879360
53380953 -11562743
28591782 -22142117
28517581 -47782201
64398594 -91336017
94337139 -51223057
86487557 64802355
-25181604 -25900861
-10836037 -12425706
50766411 -88554614
62748449 -83124393
30794442 -97531737
27236163 93063672
79283780 -77108800
54762280 61811257
-20100685 93331826
-3478423 24471178
47716708 10206238
-83770839 85578957
-12879206 22810695
-71644963 22071537
92146928 -87877854
-43445892 -26083245
-53893482 3609944
-47715210 -10204866
-79217208 -22932401
-38911638 -63577264
-94802956 -16811369
-32518324 72462926
37663951 -85005355
-68634147 21867572
-73071038 12505538
-72242765 40165544
92136062 4064183
80549264 40731067
-89601923 51930993
74935005 -49063698
-21678575 8213350
25270903 31103461
-56568376 35830544
-56785613 32141672
43183795 -7646182
-35743396 88886677
341242 -99410364
-24312883 -77136860
-26647308 -80292868
-3858271 -60406534
5806839 -56504135
27834300 -58465746
98451569 -74261834
34915429 41186836
-24755154 81199853
-58554939 -50783981
-2557953 20025147
22357113 -53056775
-41422675 -2364175
-9964412 -93563045
-45149184 87182466
98357518 20653167
-85708944 86229564
-53988412 39603021
35488987 70060185
22394781 6897679
91028711 -25332799
-80657935 3929194
53292576 7049973
40521068 -31181088
18435693 -67630814
83772337 -85577585
21993155 17176633
7844495 44567392
-91714756 -28496146
-98356020 -20651795
-74877622 -27903860
-37223070 17391538
-31253559 50542977
-49875488 29053806
88429863 85261819
-90571160 62223041
-49936468 81544316
-42683647 63607113
13137338 -99634869
97103636 32809794
-85330792 65797631
31019 89897892
-67642930 74455431
10399064 61649267
9412019 23971727
62866777 79738758
-17661858 12577030
80659433 -3927822
-33286000 -57162975
-30141516 96647896
-92792654 -95270231
54037727 31891094
-99451058 -1451826
60102358 -38068001
37670681 -13868080
53090968 82005958
-52600469 67889705
-68749316 -78862851
-89690639 -5642572
68562394 -80760865
-41327327 -7253469
72318943 -41103610
37805254 -59464314
-35456413 79605220
68750814 78864223
19623131 -45614807
-77438238 -9255874
-62637599 -77190858
-75246045 -77951574
93841394 33150890
8122966 93021812
42903543 -31238373
71375165 -50620769
78160742 -31229090
85007934 96470676
-72345167 -20432334
18126027 35225073
-53291078 -7048601
58046318 -10602914
-84357183 -21951998
47948780 97240989
73616840 44720244
25406709 -82917321
-61973754 -35579954
86137655 -97440356
55754280 92976204
69507418 99099970
93662807 -96468284
-50158340 -87642915
-22375251 -42589115
-47737948 -98612243
-56210240 -73604458
77391631 -83131189
-37584346 20638636
20232396 65138976
679134 41785784
99452556 1453198
-49254486 -64660319
36447140 73511120
-72317445 41104982
79581447 57021509
-61308339 5736440
-69835282 97222306
-98821977 -58581308
-97009518 -25691017
-82332353 -79347395
-83975656 -16794263
29979061 94077218
61999855 12017028
51559360 12867932
14586173 -45039395
82899368 17901026
44300371 -90045720
45966106 73164632
74870263 86232023
50658524 52546202
-64364190 -1245332
9631093 -84425551
-91077395 -466616
47419692 23820659
-21120797 31923177
96269658 -48872264
82012074 -20305213
-27751719 73058209
-97891111 27536943
-20757446 69278319
86100888 18394118
-87636463 -62943422
-41714466 -8412516
-14194666 -91023807
-8259988 69899658
-59733827 20362228
-14428493 91558200
55040326 35614220
53894980 -3608572
38913136 63578636
60579768 -99427855
29844055 26563301
85332290 -65796259
-51077946 -94480017
-1406914 -53219622
69028324 -4421350
-37662453 85006727
29115145 26988502
73072536 -12504166
-50492854 86777299
67644428 -74454059
16167147 -2047223
-85895270 98245113
42823520 -1208556
-45858143 16979216
52601967 -67888333
-10397566 -61647895
30019727 -54785662
-539538 -34221945
-55049562 20395296
-25269405 -31102089
7971513 -10320679
-88736223 -5233226
-339744 99411736
15580346 -43213096
-49454333 61299263
-5805341 56505507
-42260424 -16373826
-93514510 -69843790
-69634045 -28734213
56086736 -7366659
-20230898 -65137604
91716254 28497518
45265290 -5618109
85670860 16891522
50959386 20824320
-35487489 -70058813
82980627 80957608
-86486059 -64800983
91061435 75078590
14196164 91025179
79218706 22933773
-73665297 -2423238
-72836481 -94007770
37224568 -17390166
6234202 36119134
-61107386 -62130441
-13135840 99636241
-51557862 -12866560
-27782229 -26742732
-82897870 -17899654
33287498 57164347
-68698330 13441592
61309837 -5735068
-51130818 -38551815
47739446 98613615
-69497179 91058547
-74868765 -86230651
2559451 -20023775
99261900 -16458050
92794152 95271603
-86099390 -18392746
49937966 -81542944
-79029914 -26050535
-84204942 51303553
-91367163 78534265
-15835517 80286702
69696185 95499286
-92342835 -40319393
-43981696 -82709105
-99824077 -50961547
3556983 94010165
51235733 -57333852
-19621633 45616179
51132316 38553187
52538388 83670310
-76287449 1350381
-69857 -44535956
-13925153 -57309388
-93839896 -33149518
-8121468 -93020440
15085021 81903266
6737710 95835220
-46883251 45128811
46429615 99115186
-85006436 -96469304
-12410568 77145083
54732771 95166353
-18124529 -35223701
-91226814 30046149
44144293 90388981
91368661 -78532893
5885008 -97171080
-57107904 59819698
28618034 -97738651
26486621 24558823
-59735518 43554765
-69505920 -99098598
97360891 -16092997
42261922 16375198
-77711163 -8979930
71572376 -51603065
78780837 38794371
37585844 -20637264
4817776 -19112591
-58305400 -66925275
-677636 -41784412
31152034 -35841106
-7488787 4926503
-78651291 27637033
-67581685 -59707072
68635645 -21866200
70540614 71283714
-9808437 -57279518
-34140358 -63767102
12412066 -77143711
27753217 -73056837
-19959614 -79851584
-61951260 -60103931
-58546517 2819866
82333851 79348767
-58467889 59900042
86633428 6723455
-15575510 40095466
91078893 467988
20748981 -72952597
-45964608 -73163260
-56066140 -20880055
37160033 -95955122
-92939865 38754791
-65097768 -83102016
29608294 -2570088
2104934 35806760
21122295 -31921805
-4740578 85649129
10085668 -49260155
86752055 -24011074
43436416 -40242935
-98266821 77189206
22144385 -16889259
47223644 1381563
41715964 8413888
69162929 91964120
95104027 84138449
97731901 50323164
-45540375 -17654987
-66872882 25383853
-47222146 -1380191
20383743 54964645
2646714 87733974
-90166269 37462077
25183102 25902233
-93438030 36314720
47883944 -58454353
53167250 -12513441
-21991657 -17175261
-47052278 91102341
20806199 -20977879
9243986 22727369
-11968570 -64714511
11598519 86912561
34028994 19038343
38537603 -50531163
-76248335 -8601164
98823475 58582680
-45684294 3333363
23591876 83032149
25317582 -59139558
59737016 -43553393
-8838345 89820873
-60100860 38069373
-15578848 43214468
-28958626 57512971
-57102794 48653555
43447390 26084617
-17567783 79589810
71495381 80591932
19961112 79852956
-79370399 91727761
22780204 73598219
-27832802 58467118
-29941623 72943182
-12191803 38554259
-85351479 47593476
-50957888 -20822948
-16896755 -76208588
4742076 -85647757
18218213 8036090
-94140958 13906587
11836249 2814454
-44142795 -90387609
-71570878 51604437
-46545781 -52399101
-6232704 -36117762
-6057867 48051955
-10638226 -78876791
94047020 89911872
93516008 69845162
-33845219 58611607
-54760782 -61809885
-53624374 -78396297
68699828 -13440220
72244263 -40164172
34394174 -29524228
24314381 77138232
-93661309 96469656
-61154926 3762284
-79579949 -57020137
84358681 21953370
-71493883 -80590560
58306898 66926647
25159777 -16494385
64365688 1246704
-93222999 -83349562
-54036229 -31889722
8853686 -76690262
-47947282 -97239617
-37555455 -96035573
-2448125 13767152
-69158014 -23598184
89692137 5643944
91697201 -87868866
-78159244 31230462
-34913931 -41185464
65738458 -78950738
-5883510 97172452
-3555485 -94008793
-4968409 -29339474
31068186 -28388538
-40029369 9023141
76288947 -1349009
14429991 -91556828
57109402 -59818326
-6736212 -95833848
-60578270 99429227
-86136157 97441728
-1649428 16460422
-36549589 -74678815
-54731273 -95164981
21202093 85427030
15577008 -40094094
61108884 62131813
43983194 82710477
27783727 26744104
-78718466 -92118752
90167767 -37460705
-99324734 49394340
71355 44537328
-67570926 -10795203
-23005125 -93733803
21680073 -8211978
4989133 -23443106
-17415145 -92745463
-86631930 -6722083
56067638 20881427
-13557187 22243777
27746570 -51738855
-1018617 -34382047
-94754307 -91458943
28952174 36779425
66874380 -25382481
-49558353 -87857988
87954943 -2981401
28960124 -57511599
-2103436 -35805388
-37669183 13869452
50159838 87644287
-91059937 -75077218
34141856 63768474
53581780 -34829590
-60899443 42400305
-40848106 61307893
-37746033 -41418967
-11401795 3154067
-91695703 87870238
-23590378 -83030777
-37158535 95956494
72213662 -92130131
-32757168 -20863069
19579677 98936782
-25158279 16495757
17569281 -79588438
85434181 17769915
-5095402 -3412627
35581157 35972463
-29606796 2571460
32758666 20864441
-26485123 -24557451
-15083523 -81901894
55750123 10603945
-53402479 80336788
82145244 -46217534
-4816278 19113963
-22142887 16890631
-27234665 -93062300
-8453114 62549391
-95102529 -84137077
-4987635 23444478
23221815 -82266423
-50167776 -37714987
-20382245 -54963273
-2645216 -87732602
-14584675 45040767
-30300560 85043005
93439528 -36313348
90181979 63793260
21063998 -36237813
34802030 89644382
5096900 3413999
-94045522 -89910500
54449892 47429836
-20804701 20979251
62639097 77192230
50661911 -47166298
-23220317 82267795
-11597021 -86911189
54388129 23972755
41681204 -99313671
-65523735 -56535275
-88632017 -1366537
-51675089 -99051981
-38536105 50532535
-96184797 -11875599
-30018229 54787034
-80299257 71091572
88621766 -46892544
-55752782 -92974832
97892609 -27535571
-21200595 -85425658
-72550931 66162144
8839843 -89819501
-53165752 12514813
61952758 60105303
85896768 -98243741
83977154 16795635
82664847 33777525
98268319 -77187834
-96761693 -69197848
-3519854 25854334
16788582 -86282528
-34800532 -89643010
87047382 -7506159
-18434195 67632186
-83253211 15340988
-62639002 54879854
33846717 -58610235
15837015 -80285330
-29521 -89896520
-28950676 -36778053
72837979 94009142
-81624864 39790529
82448665 21159133
-23835833 -16920036
56211738 73605830
-6508812 -18689567
-86490798 8834612
-37803756 59465686
68852808 90224803
-97102138 -32808422
-32933651 8005812
-92435914 -9963591
-34392676 29525600
-53379455 11564115
83288070 8883747
46884749 -45127439
-5789509 -79981755
-60868854 84542003
-29901630 -23963875
-40894913 -14043439
56304229 -46456587
3479921 -24469806
70266213 57652787
69159512 23599556
95632045 93050324
11403293 -3152695
78298575 17199700
35744894 -88885305
41328825 7254841
-65736960 78952110
49255984 64661691
-26893117 64360676
-48071432 86285817
-31066688 28389910
40030867 -9021769
61975252 35581326
-62607875 -42763592
-22393283 -6896307
75724051 -42079623
49808767 56345186
-46428117 -99113814
36551087 74680187
-50660413 47167670
-65892669 38536409
45541873 17656359
78719964 92120124
-6563694 52596689
23380793 -74441341
-95029187 -25888000
74137438 -81843008
51676587 99053353
99326232 -49392968
23006623 93735175
40921515 50773201
44689799 -6339794
52417174 -17999324
-62449341 -50129465
17416643 92746835
88737721 5234598
-20747483 72953969
31052291 -72838059
1020115 34383419
24017553 -80453607
39456757 13353831
-47882446 58455725
40305802 93426176
-22355615 53058147
94755805 91460315
69635543 28735585
28239270 64224505
49455831 -61297891
-16165649 2048595
26888926 74091920
-61998357 -12015656
60662635 -13635251
37747531 41420339
-26005181 51747481
58469387 -59898670
13558685 -22242405
-51234235 57335224
94804454 16812741
10317156 -15702946
-70625097 14930622
30302058 -85041633
-28237772 -64223133
53625872 78397669
77746422 90843177
-69161431 -91962748
11514771 34522317
4969907 29340846
-50657026 -52544830
-43434918 40244307
42685145 -63605741
-49807269 -56343814
-10315658 15704318
-71775104 38949038
-55748625 -10602573
49559851 87859360
70626595 -14929250
40849604 -61306521
-44298873 90047092
16898253 76209960
-80934520 -47271957
50169274 37716359
91571361 -70088179
-90180481 -63791888
8261486 -69898286
-19578179 -98935410
-7945761 35249295
-21062500 36239185
-9179050 19989760
67636815 86832361
72960909 58813167
-9410521 -23970355
-58784768 36655871
48072930 -86284445
-69026826 4422722
-99990710 15599967
-98493824 -76516962
25992358 -37227522
-72212164 92131503
58548015 -2818494
1650926 -16459050
65525233 56536647
98495322 76518334
76249833 8602536
96186295 11876971
541036 34223317
-56302731 46457959
99992208 -15598595
26736838 18939852
34817736 -30254891
-46371061 63208453
62609373 42764964
-74933507 49065070
-59614765 3350917
-72959411 -58811795
-82663349 -33776153
-26954288 87103347
85352977 -47592104
-9890107 64398913
46547279 52400473
92941363 -38753419
-98450071 74263206
-82296050 -45041633
7490285 -4925131
-82010576 20306585
69836780 -97220934
-81825902 2054916
-10961747 -23615490
-23379295 74442713
85651575 15128008
-97359393 16094369
62481863 -82988162
58556437 50785353
-32467424 -21034705
-82447167 -21157761
-45222505 29901564
-28828414 26606339
86492296 -8833240
71498426 50479804
-78779339 -38792999
-99580169 77929914
-24016055 80454979
-25990860 37228894
-33531833 43822270
5791007 79983127
-62865279 -79737386
77003010 34588730
52787954 -96679131
-50764913 88555986
40896411 14044811
-9707785 -89846451
-82252014 57447314
87564090 6624125
8977811 -79188658
-43182297 7647554
72552429 -66160772
20102183 -93330454
-53089470 -82004586
-18216715 -8034718
-42822022 1209928
-25374173 -43680075
69498677 -91057175
7947259 -35247923
-52536890 -83668938
81405871 1725564
-23213306 81914559
71012347 62153401
-75722553 42080995
87637961 62944794
-86649492 49418893
-95630547 -93048952
-28616536 97740023
1408412 53220994
60900941 -42398933
72346665 20433706
3859769 60407906
94045387 -64678748
82762891 -53605191
65894167 -38535037
47053776 -91100969
-96268160 48873636
-64397096 91337389
-74135940 81844380
26955786 -87101975
43667546 33429112
13735035 19656711
32519822 -72461554
97357532 1907856
-40920017 -50771829
30904098 21206589
-52415676 18000696
-22778706 -73596847
-7970015 10322051
-9242488 -22725997
-16787084 86283900
-31050793 72839431
-68996106 13171069
95541605 98966213
-30902600 -21205217
86650990 -49417521
-40304304 -93424804
-56085238 7368031
11970068 64715883
24695027 -25316489
35457911 -79603848
-8976313 79190030
-26887428 -74090548
67572424 10796575
-44688301 6341166
-60661137 13636623
26006679 -51746109
13926651 57310760
27374777 -28208180
59135669 -9165227
41890120 -67059786
61156424 -3760912
-45263792 5619481
9965910 93564417
-62480365 82989534
-24693529 25317861
9891605 -64397541
-11513273 -34520945
-34027496 -19036971
-54448394 -47428464
31255057 -50541605
82297548 45043005
7740134 44079240
-90775931 -89380836
34119746 -57486888
609643 -34493218
-71373667 50622141
-30792944 97533109
22376749 42590487
53403977 -80335416
-94954096 84880732
23214804 -81913187
65099266 83103388
2449623 -13765780
-91569863 70089551
20758944 -69276947
68997604 -13169697
55051060 -20393924
-27745072 51740227
9180548 -19988388
77712661 8981302
9809935 57280890
-67635317 -86830989
38845611 -62216276
-8356809 -57162715
-10084170 49261527
33533331 -43820898
51079444 94481389
-88620268 46893916
-13430485 -46528451
75247543 77952946
29340170 84617356
73666795 2424610
-76469299 65874807
-85650077 -15126636
-87953445 2982773
-28516083 47783573
45685792 -3331991
6510310 18690939
-77744924 -90841805
-85432683 -17768543
83254709 -15339616
-29977563 -94075846
-55038828 -35612848
-97730403 -50321792
-26735340 -18938480
6565192 -52595317
-95540107 -98964841
32468922 21036077
46372559 -63207081
-75445034 -29988988
59616263 -3349545
50494352 -86775927
10963245 23616862
12880704 -22809323
17663356 -12575658
55700823 86429672
-65773793 25993433
49876986 -29052434
-94043889 64680120
-76935455 73011397
-87045884 7507531
28829912 -26604967
-70539116 -71282342
-87562592 -6622753
-91614595 -56708546
-83232228 15794308
-41888622 67061158
23920567 -1251395
-81000279 6684080
-51128640 62502597
-55699325 -86428300
-41679706 99315043
9709283 89847823
71776602 -38947666
29943121 -72941810
96263594 -65092588
-71496928 -50478432
85674714 -63330387
36427834 2748668
15504648 -48158081
-97356034 -1906484
-86750557 24012446
-94335641 51224429
-77001512 -34587358
-50089254 74832363
-38844113 62217648
-62746951 83125765
-85673216 63331759
82253512 -57445942
6059365 -48050583
37556953 96036945
24756652 -81198481
