1000
54882709 -29802387
-3399016 -24239336
44608680 -50865264
-21924651 58536746
-23283427 40153283
-46628563 -32655507
-86319301 -84293707
91759182 -20218067
-78326843 61317588
-20764115 -48543571
55810052 32005269
-17967023 -49579948
51048042 -47994432
-66490127 7215710
60369776 40315303
95373452 -77101714
-15639472 -79693319
51383797 -66148031
-53951589 91572328
-73465243 -26077404
-12548573 -18011199
79773583 60225074
-11863251 -46575941
-15493202 -28390681
-70242940 -33374886
-55173777 -46538876
67285029 -7719520
71218363 -2041265
-63221922 14039005
51821673 -60902862
64590027 -20442855
-91757554 20217477
95455495 -87168086
31481554 -85457196
4810951 61271693
21257886 -90522643
40401857 -42074566
-78793313 -4023767
-37702603 -52634924
95126095 15275515
-59290078 -30935917
-79480193 -4225953
90847304 -86382381
-62912325 71853011
30513644 -82253718
58926320 29625448
-55050452 -86621577
20203529 -17221911
58572098 -14956797
-73131954 -64245079
-84971438 22746415
-50524445 68353321
37704231 52634334
28151616 94757048
-66723053 31092828
-85550113 92638930
-33737650 68005082
-2771933 -40053080
65672086 97062342
-4450615 -12063854
-72287885 24497739
-65670458 -97062932
-4446635 -49974517
84043103 -69674213
87838179 -29599576
23285897 64887517
-91150261 -29971716
51187036 -86679283
-96799813 67120364
-90851254 -83656703
-35069502 -47079468
64430713 -88369564
10645784 -97797272
-26746522 35731457
26748150 -35732047
60841760 -46795918
-34726375 -74894402
58061189 35136684
38482300 43803014
96437841 21249537
-25364376 -82292031
57616571 -90063242
33739278 -68005672
-85763681 -12775466
69141403 35748362
66491755 -7216300
84416158 32143430
65795922 -95868137
53414279 86798421
21701351 79081379
-16697934 -28494659
-15147113 25041223
56664435 -60332502
-19103118 18955950
-12861592 -98616601
-4279424 52086892
27972617 -17151234
11646967 -25852693
-31670056 96667397
-36266338 18592140
-73010442 -21753221
16871365 78192189
-58059561 -35137274
55398327 39851597
-64932196 22091710
-1796564 -55576153
87144065 85447337
-5576785 -74107316
83863707 -66547105
48385185 2235997
15494830 28390091
41085520 -52752281
98886741 23267340
-89550881 74943876
-15916460 -37308816
46928360 -66660899
-3504673 -65451835
-46676099 -65429340
-51820045 60902272
-81131213 -83405349
-40666633 77459493
-14878725 -4871505
91498728 53743825
-16614050 -59385852
53953217 -91572918
10360818 -72763188
79568213 -9067204
94409948 94172018
-53571758 -83954319
-6196886 86323791
25856145 53562660
-25672743 59855953
94399352 25939092
-67279904 -192107
9532460 15790558
-1095030 -21755585
-34169691 -335604
16208892 52247785
-89741306 11463008
5259497 26406760
50257472 -54278933
8453699 20716470
60042940 28424006
24095264 -22633152
-3433627 -78277796
-50035609 93498407
60197209 -42485648
-61408594 -37155561
-54727450 -71618652
59520309 -92927658
45994994 74369929
-44607052 50864674
-31524077 99583648
14474879 -45592065
-89772874 -23112016
-34043356 -44272332
40113272 34330121
1142893 25209308
86320929 84293117
86650422 24994167
-28703462 -78947102
16108167 -13981235
21926279 -58537336
48501375 99765331
78328471 -61318178
-90929864 45961874
-60368148 -40315893
54997355 24466547
83385658 -26434623
-40132050 -13395750
-41473533 94696398
55175405 46538286
-84310585 73994653
-95253480 6038217
62312092 15393271
-67283401 7718930
81448890 -48023513
-15996586 -6249727
-67864871 63329880
13083140 17037252
-26762842 43772399
-48924661 50617089
43232434 -70026513
29941552 29265344
28915576 -53583745
54672607 -50231106
4525359 22667251
-95371824 77101124
31525705 -99584238
25070264 28701868
31296213 -39727730
-86648794 -24994757
-95124467 -15276105
29640245 -68422609
79481821 4225363
6037090 32825321
37417480 2347025
47632546 -86273059
-91497100 -53744415
62913953 -71853601
30608899 -5930572
21089947 -50056397
-10883479 34278170
94697672 72177312
35824359 -71560186
-28149988 -94757638
-57220701 -60392424
-54346341 27487415
-19357261 5360736
68296607 -57706147
-74062245 64119766
94659735 -85760493
-48354037 57678965
-34996976 -42939977
-98319145 -69869043
50940340 60763133
46245247 -55074314
-84041475 69673623
90151942 -757369
-83096973 -19200307
10885107 -34278760
49111108 -75045248
5618215 88144942
96251527 -36277317
-41833438 3482856
23248454 -66809575
-39869838 18805147
-81869428 -97125735
47730846 8368330
90812974 1120569
-51535210 2185136
-29846044 91300461
-40502206 31366602
-83862079 66546515
-30607271 5929982
3626013 74137506
-92035941 -21189239
-20614923 65180784
-16106539 13980645
15998214 6249137
-7351276 -84883682
-17992108 -3714362
-332621 -77194573
-21699723 -79081969
-74501271 57290594
15148741 -25041813
65548152 -25577948
-85804126 -7311567
-53181056 75259048
67671250 21842664
61346639 88831520
-33610808 -32277131
4281052 -52087482
95833179 30997748
-11645339 25852103
50839209 -67036870
-83596549 73640481
-53995041 -86317401
-74683807 5281732
-91312361 28439987
-59481775 89005966
-40400229 42073976
-35822731 71559596
-7285120 37529352
92744083 98206954
-79903494 -68760744
15918088 37308226
57418450 -19556666
-64937964 88039045
-408878 -86892689
81132841 83404759
-46956345 -12791074
87438907 87709079
-59518681 92927068
14880353 4870915
-33334651 3895250
-67079020 -12857848
77454226 -47962153
73133582 64244489
-29638617 68422019
-63456400 24366935
-50192745 16398586
83098601 19199717
-94397724 -25939682
-53905948 88022564
-90150314 756779
94595947 -93458265
63169500 -68303695
-3387184 -1321429
-24093636 22632562
-90845676 86381791
46587263 -11853769
50037237 -93498997
74685435 -5282322
-58924692 -29626038
-44393340 -27860640
-20997202 -65467773
-64051994 -99000225
-60840132 46795328
43666501 -18618545
-14473251 45591475
34044984 44271742
89552509 -74944466
-75437105 -15589582
60862787 2292922
-73146183 -16072670
40503834 -31367192
-22360684 40941911
31557294 -86940225
-48499747 -99765921
-4015238 -45114931
-34999828 83140824
51354262 -69546069
61751478 -25740000
-37395896 24896195
-85965418 -38072826
-52309869 58746768
66545382 -32875131
34058702 75070730
79905122 68760154
38166369 -43235554
75434648 -42345620
413072 30885101
81159548 -67049217
-16561400 82146961
-13081512 -17037842
-50827551 38153517
98756200 -59541091
-46243619 55073724
-29939924 -29265934
23531319 37553600
-2912429 3119379
66724681 -31093418
-4523731 -22667841
-79771955 -60225664
-25068636 -28702458
21953877 -58457380
-95223400 -61483430
14533262 78761792
-60230905 29394994
-16709910 -26238243
-58447726 -27588078
79726992 55078597
84676566 -39066667
49884115 -9963921
-36969874 77781303
-65992054 30952485
5544443 -96932165
39871466 -18805737
-21088319 50055807
-62310464 -15393861
84973066 -22747005
-49263306 34784037
61813502 64677076
-54287368 -41719297
27140411 74908287
49130459 -21184982
54347969 -27488005
57222329 60391834
74063873 -64120356
56091103 29269331
-1141265 -25209898
-94658107 85759903
-21256258 90522053
48355665 -57679555
-98423706 62349012
56730963 18121038
89742934 -11463598
-10843127 -79634567
-61010785 66297212
-22595010 89051139
20998830 65467183
73466871 26076814
82485992 75000220
-65130642 -46956128
-57804410 95510035
67074266 74645630
-51352634 69545479
-96249899 36276727
2773561 40052490
41835066 -3483446
21909401 8300113
77288651 60331741
26142600 47202406
-23529691 -37554190
-21952249 58456790
-65366510 -23450110
-60195581 42485058
92037569 21188649
9987124 31821535
-94696044 -72177902
-43664873 18617955
-65794294 95867547
55778768 -61025425
96559886 -9981712
41325158 -84035688
-51318457 94930842
-22005744 30262202
49264934 -34784627
99473661 -97888023
-65546524 25577358
79626412 47115316
53182684 -75259638
4452243 12063264
-67669622 -21843254
-50943214 -30246079
-16276024 -27293991
80840079 -90776665
40805875 53020006
-6442805 29383268
83598177 -73641071
-22675686 48548901
-71369981 1746264
-76382042 -49926352
-63167872 68303105
-51097019 90825125
91313989 -28440577
-52699845 -65011794
86687669 -58090579
7286748 -37529942
11865389 26328098
-16144761 50821259
72876053 -8454079
-1400957 -48062571
25674371 -59856543
63223550 -14039595
-61749850 25739410
-87437279 -87709669
-27499971 -82152028
-15360745 66285962
67080648 12857258
-97893750 -59740698
68376939 -75112035
44443117 -37001874
2416781 -1550652
6198514 -86324381
50829179 -38154107
19358889 -5361326
-68723074 43950019
8636083 47272226
67281532 191517
65489803 70995597
91151889 29971126
61479047 -2900737
78782840 78527749
-5357812 94040563
-71407348 64641455
1096658 21754995
-94594319 93457675
-73393328 33516924
95310005 36897848
-69056059 -72641772
-11586250 11954854
-32921806 -58009096
24084318 -45823701
1798192 55575563
-77274826 19963458
45697498 30775258
-46585635 11853179
-62754537 2411080
13954163 85150335
-411444 -30885691
-79413869 21251314
-21907773 -8300703
36971502 -77781893
51048572 77908148
10913058 -97242252
81871056 97125145
-14039088 -78107437
79235744 -25043516
24449715 47190275
16563028 -82147551
20765743 48542981
-79316019 -2179491
-90934052 57218567
21095306 -29917054
35001456 -83141414
12008628 -90268809
22596638 -89051729
55052080 86620987
6444433 -29383858
50249013 95923201
-55333003 -72032753
-2415153 1550062
47261637 27432045
74502899 -57291184
-75433020 42345030
-82316205 17066610
34728003 74893812
-58570470 14956207
71371609 -1746854
-60630740 -3187208
92777363 56263338
-65530391 37528100
-51908675 -51327108
51910303 51326518
5359440 -94041153
-59011935 96957198
51536838 -2185726
46489719 -11112580
39103424 73166908
53996669 86316811
12660871 50706795
-43230806 70025923
-50144175 89786202
-13635810 -89851598
-49882487 9963331
30800740 11880096
85551741 -92639520
42757400 5806736
42268289 -24726795
-23284269 -64888107
-5542815 96931575
83857562 23022318
31671684 -96667987
2914057 -3119969
12863220 98616011
60047944 -23197459
-27138783 -74908877
90931492 -45962464
-25854517 -53563250
-37415852 -2347615
-66543754 32874541
76383670 49925762
-57298414 -66242882
-56089475 -29269921
-45948133 86433266
-68375311 75111445
14639043 74919956
-57614943 90062652
-54670979 50230516
-31294585 39727140
10844755 79633977
-82484364 -75000810
-61938026 18002372
-6035462 -32825911
-73992843 -30914400
-40293808 -57018000
-51046414 47993842
-77287023 -60332331
30195021 62756856
78080385 65814361
-50136304 -79834351
-95831551 -30998338
-92924504 -13762139
33336279 -3895840
-31479926 85456606
39964096 -2764039
65993682 -30953075
-31555666 86939635
-14531634 -78762382
-75488574 -9584758
80911527 9819665
12512088 -73330685
14385809 26607546
6680102 95086211
78300326 -51482553
-46926732 66660309
-55396699 -39852187
-79624784 -47115906
95225028 61482840
-32869704 -97737722
61012413 -66297802
33612436 32276541
-7338438 63480487
-80838451 90776075
-9985496 -31822125
-16869737 -78192779
48961014 -80143005
-52479196 -57609620
-48959386 80142415
-34154573 -87367883
-81157920 67048627
78340336 88966996
-18381298 -9657573
-78078757 -65814951
16146389 -50821849
-90811346 -1121159
1402585 48061981
-43307320 30964346
74248371 79297193
-4809323 -61272283
410506 86892099
-46488091 11111990
-77452598 47961563
61719974 42011046
93234490 26545157
-36383114 -66109312
-56662807 60331912
-24082690 45823111
69396372 32691336
-28536189 69789680
15362373 -66286552
55334631 72032163
89774502 23111426
11587878 -11955444
-65488175 -70996187
79317647 2178901
-61477419 2900147
-14637415 -74920546
-42266661 24726205
-81068867 52522210
73394956 -33517514
-86067888 28082755
32923434 58008506
62339534 -90887250
86069516 -28083345
-70790180 -72197136
46677727 65428750
-13952535 -85150925
-17405993 92539148
-50938712 -60763723
52480824 57609030
-57263344 -6720287
-51046944 -77908738
20691772 87990059
59046938 -36386945
58932878 -42099872
35071130 47078878
27501599 82151438
-8954477 -24373592
-79234116 25042926
-92742455 -98207544
-81447262 48022923
-51620468 -45246261
65368138 23449520
-24448087 -47190865
-79603393 77381887
46630191 32654917
72289513 -24498329
-51382169 66147441
-27970989 17150644
98569103 61616906
29769868 56687620
-96128584 35591601
77276454 -19964048
-67742442 -13995937
-99472033 97887433
-7674889 -20120628
22362312 -40942501
85805754 7310977
32871332 97737132
-36139458 73883524
-62506770 -9337055
-61381730 32764472
-29774093 -83339757
-64588399 20442265
-98754572 59540501
11800022 -99898791
54729078 71618062
6349248 69093437
60632368 3186618
-78305533 19305239
78794941 4023177
90761596 -47910692
64492674 -55399960
-39101796 -73167498
-23820431 7256617
-94499463 56049948
-12659243 -50707385
83416169 97922610
57806038 -95510625
5578413 74106726
3506301 65451245
73147811 16072080
46957973 12790484
-30799112 -11880686
26764470 -43772989
40668261 -77460083
-16907503 41478306
-42755772 -5807326
16975160 -14311148
-10359190 72762598
43477256 -33139223
-91108037 -47823475
71408976 -64642045
-77384500 53602356
59483403 -89006556
65532019 -37528690
-21470710 56100741
-20377472 4844355
64939592 -88039635
-20201901 17221321
95514026 -70757335
65132270 46955538
36267966 -18592730
-48191626 53287461
-88558172 -39712216
-97656413 -86664879
96723808 -71713344
-78298698 51481963
53954361 -44978607
9224879 59214086
-30193393 -62757446
-95308377 -36898438
-79566585 9066614
-20690144 -87990649
15641100 79692729
87327727 -37743693
40295436 57017410
-44441489 37001284
-40111644 -34330711
334249 77193983
31071447 -61085714
-80909899 -9820255
18382926 9656983
-47630918 86272469
50194373 -16399176
-10911430 97241662
-55808424 -32005859
-98885113 -23267930
-41323530 84035098
-49109480 75044658
34958285 -45671800
-62337906 90886660
8956105 24373002
96130212 -35592191
57300042 66242292
-72842903 -63044607
-34956657 45671210
48193254 -53288051
89353804 -64482400
61410222 37154971
4016866 45114341
7352904 84883092
-34057074 -75071320
-58931250 42099282
-97231525 -86227907
37922785 -61578410
60232533 -29395584
68724702 -43950609
-34932437 -6870619
63095375 57228236
34156201 87367293
-56729335 -18121628
-78338708 -88967586
-35466296 -49907031
-84674938 39066077
-57416822 19556076
51622096 45245671
-60511837 -3405901
-40804247 -53020596
90935680 -57219157
61939654 -18002962
62756165 -2411670
59291706 30935327
53573386 83953729
70209143 -91681085
82421054 9838914
-64429085 88368974
-69394744 -32691926
-93619805 -19604166
69057687 72641182
95255108 -6038807
92926132 13761549
-87290386 41159030
-43475628 33138633
-23013609 29637203
-78781212 -78528339
-7678956 56418784
59230310 32937184
-74266830 87217955
-90127261 97466095
45949761 -86433856
96801441 -67120954
73994471 30913810
-53952733 44978017
-68294979 57705557
-54881081 29801797
70791808 72196546
98320773 69868453
3400644 24238746
-21376371 21055653
-51185408 86678693
44394968 27860050
17968651 49579358
52701473 65011204
-61718346 -42011636
88958588 52347923
14971224 -74355180
21472338 -56101331
79605021 -77382477
-58234279 84769609
-8999018 -17015631
-83384030 26434033
-29768240 -56688210
44732271 49664135
72844531 63044017
-98567475 -61617496
36384742 66108722
90852882 83656113
-55777140 61024835
-2994528 -76392988
-77839449 72486439
50944842 30245489
-53412651 -86799011
31329589 84074966
-93232862 -26545747
-95453867 87167496
-37921157 61577820
-42530690 -92898494
1204281 72810821
78307161 -19305829
3388812 1320839
97658041 86664289
-90759968 47910102
-64491046 55399370
-50255844 54278343
7340066 -63481077
22007372 -30262792
-45695870 -30775848
13637438 89851008
85967046 38072236
-61811874 -64677666
97813073 41101727
-6203501 7682884
-30512016 82253128
74268458 -87218545
-16973532 14310558
48926289 -50617679
-10620518 -90842835
91109665 47822885
29775721 83339167
-3624385 -74138096
-60046316 23196869
77386128 -53602946
-3981645 58864624
58449354 27587488
-20892179 -11254880
-6347620 -69094027
7676517 20120038
70416315 -24056773
79549288 -83458406
88559800 39711626
-6678474 -95086801
-96722180 71712754
63682764 -16768784
16277652 27293401
40133678 13395160
-95512398 70756745
-16207264 -52248375
-14384181 -26608136
-52356318 39633919
-21363325 3146149
-85680681 42617247
-67072638 -74646220
20379100 -4844945
-11863761 -26328688
-87326099 37743103
-87836551 29598986
34171319 335014
85765309 12774876
16699562 28494069
50137932 79833761
-69139775 -35748952
23285055 -40153873
-39962468 2763449
58235907 -84770199
-76818931 98225739
-31069819 61085124
-12007000 90268219
-63297474 -27263994
41475161 -94696988
-59228682 -32937774
80929136 55018326
19104746 -18956540
28512214 -40928070
67866499 -63330470
-72874425 8453489
-28913948 53583155
-83414541 -97923200
42532318 92897904
35467924 49906441
53907576 -88023154
-89352176 64481810
52357946 -39634509
-96558258 9981122
-5616587 -88145532
11864879 46575351
20616551 -65181374
-47260009 -27432635
70244568 33374296
-50837581 67036280
97233153 86227317
51098647 -90825715
85270333 39794521
63458028 -24367525
34934065 6870029
-1202653 -72811411
-86686041 58089989
-8452071 -20717060
77841077 -72487029
3826307 90399498
-49128831 21184392
79415497 -21251904
-5257869 -26407350
60513465 3405311
75438733 15588992
16711538 26237653
97895378 59740108
3435255 78277206
98425334 -62349602
-70207515 91680495
6205129 -7683474
14040716 78106847
67744070 13995347
-82419426 -9839504
34998604 42939387
16909131 -41478896
-28510586 40927480
-47729218 -8368920
-60861159 -2293512
84312213 -73995243
-9223251 -59214676
23015237 -29637793
7680584 -56419374
-8634455 -47272816
90128889 -97466685
-26140972 -47202996
73012070 21752631
-79547660 83457816
43308948 -30964936
76820559 -98226329
61383358 -32765062
28537817 -69790270
17993736 3713772
4448263 49973927
51320085 -94931432
-16119127 56668129
-84414530 -32144020
-11798394 99898201
57264972 6719697
21377999 -21056243
-59045310 36386355
9000646 17015041
94501091 -56050538
-12510460 73330095
-21093678 29916464
-14969596 74354590
-38480672 -43803604
-96436213 -21250127
81070495 -52522800
16615678 59385262
87292014 -41159620
17407621 -92539738
-38164741 43234964
75490202 9584168
54288996 41718707
-54995727 -24467137
-44730643 -49664725
22677314 -48549491
-50247385 -95923791
37397524 -24896785
-97811445 -41102317
29847672 -91301051
16120755 -56668719
2996156 76392398
12550201 18010609
36141086 -73884114
-71216735 2040675
23822059 -7257207
82317833 -17067200
52311497 -58747358
3983273 -58865214
-45993366 -74370519
93621433 19603576
-23246826 66808985
64933824 -22092300
-87142437 -85447927
-74246743 -79297783
-48383557 -2236587
-88956960 -52348513
-79725364 -55079187
21364953 -3146739
-61345011 -88832110
-31327961 -84075556
28705090 78946512
10622146 90842245
20893807 11254290
-85268705 -39795111
62508398 9336465
-80927508 -55018916
-83855934 -23022908
-94408320 -94172608
50145803 -89786792
-3824679 -90400088
-9530832 -15791148
-70414687 24056183
64053622 98999635
50526073 -68353911
-41083892 52751691
-63681136 16768194
-92775735 -56263928
-63093747 -57228826
-60041312 -28424596
85682309 -42617837
63299102 27263404
59013563 -96957788
-10644156 97796682
25366004 82291441
