598
-394 -123
-428 -100
-462 -77
-496 -54
-530 -31
-564 -8
-598 15
-632 38
-666 61
-700 84
-734 107
-768 130
-802 153
-836 176
-870 199
-904 222
-938 245
-972 268
-1006 291
-1040 314
-1074 337
-1108 360
-1142 383
-1176 406
-1210 429
-1244 452
-1278 475
-1312 498
-1346 521
-1380 544
-1414 567
-1448 590
-1482 613
-1516 636
-1550 659
-1584 682
-1618 705
-1652 728
-1686 751
-1720 774
-1754 797
-1788 820
-1822 843
-1856 866
-1890 889
-1924 912
-1958 935
-1992 958
-2026 981
-2060 1004
-2094 1027
-2128 1050
-2162 1073
-2196 1096
-2230 1119
-2264 1142
-2298 1165
-2332 1188
-2366 1211
-2400 1234
-2434 1257
-2468 1280
-2502 1303
-2536 1326
-2570 1349
-2604 1372
-2638 1395
-2672 1418
-2706 1441
-2740 1464
-2774 1487
-2808 1510
-2842 1533
-2876 1556
-2910 1579
-2944 1602
-2978 1625
-3012 1648
-3046 1671
-3080 1694
-3114 1717
-3148 1740
-3182 1763
-3216 1786
-3250 1809
-3284 1832
-3318 1855
-3352 1878
-3386 1901
-3420 1924
-3454 1947
-3488 1970
-3522 1993
-3556 2016
-3590 2039
-3624 2062
-3658 2085
-3692 2108
-3726 2131
-3760 2154
-3794 2177
-3828 2200
-3862 2223
-3896 2246
-3930 2269
-3964 2292
-3998 2315
-4032 2338
-4066 2361
-4100 2384
-4134 2407
-4168 2430
-4202 2453
-4236 2476
-4270 2499
-4304 2522
-262 441
-240 369
-218 297
-196 225
-174 153
-152 81
-130 9
-108 -63
-86 -135
-64 -207
-42 -279
-20 -351
2 -423
24 -495
46 -567
68 -639
90 -711
112 -783
134 -855
156 -927
178 -999
200 -1071
222 -1143
244 -1215
266 -1287
288 -1359
310 -1431
332 -1503
354 -1575
376 -1647
398 -1719
420 -1791
442 -1863
464 -1935
486 -2007
508 -2079
530 -2151
552 -2223
574 -2295
596 -2367
618 -2439
640 -2511
662 -2583
684 -2655
706 -2727
728 -2799
750 -2871
772 -2943
794 -3015
816 -3087
838 -3159
860 -3231
882 -3303
904 -3375
926 -3447
948 -3519
970 -3591
992 -3663
1014 -3735
1036 -3807
1058 -3879
1080 -3951
1102 -4023
1124 -4095
1146 -4167
1168 -4239
1190 -4311
1212 -4383
1234 -4455
1256 -4527
1278 -4599
1300 -4671
1322 -4743
1344 -4815
1366 -4887
1388 -4959
1410 -5031
1432 -5103
1454 -5175
1476 -5247
1498 -5319
1520 -5391
1542 -5463
1564 -5535
1586 -5607
1608 -5679
1630 -5751
1652 -5823
1674 -5895
1696 -5967
1718 -6039
1740 -6111
1762 -6183
1784 -6255
1806 -6327
1828 -6399
1850 -6471
1872 -6543
1894 -6615
1916 -6687
1938 -6759
1960 -6831
1982 -6903
2004 -6975
2026 -7047
2048 -7119
2070 -7191
2092 -7263
2114 -7335
2136 -7407
-417 -382
-434 -417
-451 -452
-468 -487
-485 -522
-502 -557
-519 -592
-536 -627
-553 -662
-570 -697
-587 -732
-604 -767
-621 -802
-638 -837
-655 -872
-672 -907
-689 -942
-706 -977
-723 -1012
-740 -1047
-757 -1082
-774 -1117
-791 -1152
-808 -1187
-825 -1222
-842 -1257
-859 -1292
-876 -1327
-893 -1362
-910 -1397
-927 -1432
-944 -1467
-961 -1502
-978 -1537
-995 -1572
-1012 -1607
-1029 -1642
-1046 -1677
-1063 -1712
-1080 -1747
-1097 -1782
-1114 -1817
-1131 -1852
-1148 -1887
-1165 -1922
-1182 -1957
-1199 -1992
-1216 -2027
-1233 -2062
-1250 -2097
-1267 -2132
-1284 -2167
-1301 -2202
-1318 -2237
-1335 -2272
-1352 -2307
-1369 -2342
-1386 -2377
-1403 -2412
-1420 -2447
-1437 -2482
-1454 -2517
-1471 -2552
-1488 -2587
-1505 -2622
-1522 -2657
-1539 -2692
-1556 -2727
-1573 -2762
-1590 -2797
-1607 -2832
-1624 -2867
-1641 -2902
-1658 -2937
-1675 -2972
-1692 -3007
-1709 -3042
-1726 -3077
-1743 -3112
-1760 -3147
-1777 -3182
-1794 -3217
-1811 -3252
-1828 -3287
-1845 -3322
-1862 -3357
-1879 -3392
-1896 -3427
-1913 -3462
-1930 -3497
-1947 -3532
-1964 -3567
-1981 -3602
-1998 -3637
-2015 -3672
-2032 -3707
-2049 -3742
-2066 -3777
-2083 -3812
-2100 -3847
-2117 -3882
-2134 -3917
-2151 -3952
-2168 -3987
-2185 -4022
-2202 -4057
-2219 -4092
-2236 -4127
-2253 -4162
-2270 -4197
-2287 -4232
-2304 -4267
-2321 -4302
-2338 -4337
-2355 -4372
-2372 -4407
-2389 -4442
-2406 -4477
-2423 -4512
-2440 -4547
-2457 -4582
-2474 -4617
-2491 -4652
-2508 -4687
-2525 -4722
-2542 -4757
-2559 -4792
-2576 -4827
-2593 -4862
-2610 -4897
-2627 -4932
-2644 -4967
-2661 -5002
-2678 -5037
-2695 -5072
-2712 -5107
-2729 -5142
-2746 -5177
-2763 -5212
-2780 -5247
-2797 -5282
-2814 -5317
394 261
431 297
468 333
505 369
542 405
579 441
616 477
653 513
690 549
727 585
764 621
801 657
838 693
875 729
912 765
949 801
986 837
1023 873
1060 909
1097 945
1134 981
1171 1017
1208 1053
1245 1089
1282 1125
1319 1161
1356 1197
1393 1233
1430 1269
1467 1305
1504 1341
1541 1377
1578 1413
1615 1449
1652 1485
1689 1521
1726 1557
1763 1593
1800 1629
1837 1665
1874 1701
1911 1737
1948 1773
1985 1809
2022 1845
2059 1881
2096 1917
2133 1953
2170 1989
2207 2025
2244 2061
2281 2097
2318 2133
2355 2169
2392 2205
2429 2241
2466 2277
2503 2313
2540 2349
2577 2385
2614 2421
2651 2457
2688 2493
2725 2529
2762 2565
2799 2601
2836 2637
2873 2673
2910 2709
2947 2745
2984 2781
3021 2817
3058 2853
3095 2889
3132 2925
3169 2961
3206 2997
3243 3033
3280 3069
3317 3105
3354 3141
3391 3177
3428 3213
3465 3249
3502 3285
3539 3321
3576 3357
3613 3393
3650 3429
3687 3465
3724 3501
3761 3537
3798 3573
3835 3609
3872 3645
3909 3681
3946 3717
3983 3753
4020 3789
4057 3825
4094 3861
4131 3897
4168 3933
4205 3969
276 -260
358 -346
440 -432
522 -518
604 -604
686 -690
768 -776
850 -862
932 -948
1014 -1034
1096 -1120
1178 -1206
1260 -1292
1342 -1378
1424 -1464
1506 -1550
1588 -1636
1670 -1722
1752 -1808
1834 -1894
1916 -1980
1998 -2066
2080 -2152
2162 -2238
2244 -2324
2326 -2410
2408 -2496
2490 -2582
2572 -2668
2654 -2754
2736 -2840
2818 -2926
2900 -3012
2982 -3098
3064 -3184
3146 -3270
3228 -3356
3310 -3442
3392 -3528
3474 -3614
3556 -3700
3638 -3786
3720 -3872
3802 -3958
3884 -4044
3966 -4130
4048 -4216
4130 -4302
4212 -4388
4294 -4474
4376 -4560
4458 -4646
4540 -4732
4622 -4818
4704 -4904
4786 -4990
4868 -5076
4950 -5162
5032 -5248
5114 -5334
5196 -5420
5278 -5506
5360 -5592
5442 -5678
5524 -5764
5606 -5850
5688 -5936
5770 -6022
5852 -6108
5934 -6194
6016 -6280
6098 -6366
6180 -6452
6262 -6538
6344 -6624
6426 -6710
6508 -6796
6590 -6882
6672 -6968
6754 -7054
6836 -7140
6918 -7226
7000 -7312
7082 -7398
7164 -7484
7246 -7570
7328 -7656
7410 -7742
7492 -7828
7574 -7914
7656 -8000
7738 -8086
7820 -8172
7902 -8258
7984 -8344
8066 -8430
8148 -8516
8230 -8602
8312 -8688
8394 -8774
8476 -8860
8558 -8946
8640 -9032
8722 -9118
8804 -9204
8886 -9290
8968 -9376
9050 -9462
9132 -9548
9214 -9634
9296 -9720
9378 -9806
9460 -9892
9542 -9978
9624 -10064
9706 -10150
9788 -10236
9870 -10322
9952 -10408
10034 -10494
10116 -10580
10198 -10666
10280 -10752
10362 -10838
10444 -10924
10526 -11010
