768
-240 -164
-277 -238
-314 -312
-351 -386
-388 -460
-425 -534
-462 -608
-499 -682
-536 -756
-573 -830
-610 -904
-647 -978
-684 -1052
-721 -1126
-758 -1200
-795 -1274
-832 -1348
-869 -1422
-906 -1496
181 -414
212 -438
243 -462
274 -486
305 -510
336 -534
367 -558
398 -582
429 -606
460 -630
491 -654
522 -678
553 -702
584 -726
32 -323
-54 -292
-140 -261
-226 -230
-312 -199
-398 -168
-484 -137
-570 -106
-656 -75
-742 -44
-828 -13
-914 18
-1000 49
-1086 80
-1172 111
-1258 142
-1344 173
-1430 204
130 25
184 53
238 81
292 109
346 137
400 165
454 193
508 221
562 249
616 277
670 305
-5 269
87 350
179 431
271 512
363 593
455 674
547 755
639 836
731 917
823 998
915 1079
1007 1160
1099 1241
1191 1322
1283 1403
1375 1484
1467 1565
1559 1646
109 235
10 254
-89 273
-188 292
-287 311
-386 330
-485 349
-584 368
-683 387
-782 406
-881 425
-980 444
-1079 463
-1178 482
-1277 501
-1376 520
-1475 539
-1574 558
-1673 577
175 -333
245 -271
315 -209
385 -147
455 -85
525 -23
595 39
665 101
735 163
805 225
875 287
945 349
1015 411
1085 473
-96 -183
-182 -266
-268 -349
-354 -432
-440 -515
-526 -598
-612 -681
-698 -764
-784 -847
-870 -930
-956 -1013
-1042 -1096
-1128 -1179
-1214 -1262
-1300 -1345
-1386 -1428
-1472 -1511
-1558 -1594
-1644 -1677
-269 376
-240 453
-211 530
-182 607
-153 684
-124 761
-95 838
-66 915
-37 992
-8 1069
21 1146
50 1223
79 1300
108 1377
137 1454
166 1531
195 1608
417 24
354 31
291 38
228 45
165 52
102 59
39 66
-24 73
-87 80
-150 87
-213 94
-276 101
-339 108
-402 115
-465 122
-448 232
-548 243
-648 254
-748 265
-848 276
-948 287
-1048 298
-1148 309
-1248 320
-1348 331
-1448 342
-1548 353
-1648 364
-1748 375
-1848 386
-1948 397
-479 -349
-502 -261
-525 -173
-548 -85
-571 3
-594 91
-617 179
-640 267
-663 355
-686 443
-709 531
-732 619
-755 707
481 121
403 213
325 305
247 397
169 489
91 581
13 673
-65 765
-143 857
-221 949
-299 1041
-377 1133
-455 1225
1 313
-97 388
-195 463
-293 538
-391 613
-489 688
-587 763
-685 838
-783 913
-881 988
-979 1063
-1077 1138
-1175 1213
-1273 1288
-1371 1363
-1469 1438
-1567 1513
-1665 1588
-409 -469
-445 -413
-481 -357
-517 -301
-553 -245
-589 -189
-625 -133
-661 -77
-697 -21
-733 35
-769 91
-805 147
-841 203
-20 -136
42 -202
104 -268
166 -334
228 -400
290 -466
352 -532
414 -598
476 -664
538 -730
600 -796
662 -862
724 -928
786 -994
848 -1060
910 -1126
972 -1192
1034 -1258
1096 -1324
-145 358
-46 353
53 348
152 343
251 338
350 333
449 328
548 323
647 318
746 313
845 308
944 303
1043 298
-25 -487
-10 -471
5 -455
20 -439
35 -423
50 -407
65 -391
80 -375
95 -359
110 -343
150 -458
167 -477
184 -496
201 -515
218 -534
235 -553
252 -572
269 -591
286 -610
303 -629
320 -648
337 -667
354 -686
371 -705
388 -724
405 -743
269 321
256 304
243 287
230 270
217 253
204 236
191 219
178 202
165 185
152 168
139 151
126 134
113 117
100 100
87 83
74 66
-432 -108
-390 -39
-348 30
-306 99
-264 168
-222 237
-180 306
-138 375
-96 444
-54 513
-12 582
-65 -362
-54 -286
-43 -210
-32 -134
-21 -58
-10 18
1 94
12 170
23 246
34 322
45 398
56 474
67 550
-21 2
-101 -63
-181 -128
-261 -193
-341 -258
-421 -323
-501 -388
-581 -453
-661 -518
-741 -583
-821 -648
-901 -713
-981 -778
-1061 -843
-1141 -908
14 -291
-64 -281
-142 -271
-220 -261
-298 -251
-376 -241
-454 -231
-532 -221
-610 -211
-688 -201
85 85
78 107
71 129
64 151
57 173
50 195
43 217
36 239
29 261
22 283
15 305
8 327
1 349
-6 371
-186 467
-248 523
-310 579
-372 635
-434 691
-496 747
-558 803
-620 859
-682 915
-744 971
-806 1027
-868 1083
-930 1139
-992 1195
-1054 1251
-1116 1307
-1178 1363
-1240 1419
-1302 1475
-1364 1531
-32 34
-96 90
-160 146
-224 202
-288 258
-352 314
-416 370
-480 426
-544 482
-608 538
-672 594
-736 650
-800 706
-864 762
-928 818
285 -473
327 -571
369 -669
411 -767
453 -865
495 -963
537 -1061
579 -1159
621 -1257
663 -1355
705 -1453
747 -1551
789 -1649
831 -1747
873 -1845
915 -1943
957 -2041
999 -2139
1041 -2237
1083 -2335
-325 106
-259 197
-193 288
-127 379
-61 470
5 561
71 652
137 743
203 834
269 925
335 1016
401 1107
467 1198
-463 150
-537 77
-611 4
-685 -69
-759 -142
-833 -215
-907 -288
-981 -361
-1055 -434
-1129 -507
-326 -19
-283 76
-240 171
-197 266
-154 361
-111 456
-68 551
-25 646
18 741
61 836
-289 210
-209 228
-129 246
-49 264
31 282
111 300
191 318
271 336
351 354
431 372
511 390
591 408
671 426
751 444
831 462
911 480
991 498
-493 129
-468 104
-443 79
-418 54
-393 29
-368 4
-343 -21
-318 -46
-293 -71
-268 -96
-243 -121
-218 -146
-193 -171
-168 -196
-143 -221
-118 -246
-93 -271
-68 -296
-43 -321
-18 -346
78 21
159 118
240 215
321 312
402 409
483 506
564 603
645 700
726 797
807 894
888 991
969 1088
1050 1185
1131 1282
1212 1379
1293 1476
1374 1573
1455 1670
1536 1767
469 184
548 236
627 288
706 340
785 392
864 444
943 496
1022 548
1101 600
1180 652
1259 704
1338 756
1417 808
1496 860
1575 912
1654 964
-424 -375
-473 -345
-522 -315
-571 -285
-620 -255
-669 -225
-718 -195
-767 -165
-816 -135
-865 -105
131 254
149 303
167 352
185 401
203 450
221 499
239 548
257 597
275 646
293 695
311 744
329 793
347 842
365 891
383 940
401 989
419 1038
437 1087
455 1136
440 254
473 296
506 338
539 380
572 422
605 464
638 506
671 548
704 590
737 632
770 674
803 716
836 758
869 800
902 842
935 884
-426 148
-391 111
-356 74
-321 37
-286 0
-251 -37
-216 -74
-181 -111
-146 -148
-111 -185
-76 -222
-41 -259
-6 -296
29 -333
64 -370
99 -407
134 -444
-139 209
-185 259
-231 309
-277 359
-323 409
-369 459
-415 509
-461 559
-507 609
-553 659
-599 709
-645 759
-691 809
-737 859
-783 909
-829 959
-875 1009
-921 1059
398 250
330 174
262 98
194 22
126 -54
58 -130
-10 -206
-78 -282
-146 -358
-214 -434
-282 -510
-350 -586
255 244
203 201
151 158
99 115
47 72
-5 29
-57 -14
-109 -57
-161 -100
-213 -143
25 321
46 365
67 409
88 453
109 497
130 541
151 585
172 629
193 673
214 717
235 761
256 805
277 849
298 893
319 937
340 981
361 1025
382 1069
403 1113
424 1157
-472 -71
-408 -99
-344 -127
-280 -155
-216 -183
-152 -211
-88 -239
-24 -267
40 -295
104 -323
168 -351
232 -379
296 -407
360 -435
146 225
142 146
138 67
134 -12
130 -91
126 -170
122 -249
118 -328
114 -407
110 -486
106 -565
102 -644
98 -723
94 -802
90 -881
86 -960
82 -1039
78 -1118
74 -1197
70 -1276
349 -384
405 -484
461 -584
517 -684
573 -784
629 -884
685 -984
741 -1084
797 -1184
853 -1284
909 -1384
57 317
25 388
-7 459
-39 530
-71 601
-103 672
-135 743
-167 814
-199 885
-231 956
-263 1027
-295 1098
-327 1169
-359 1240
-391 1311
-423 1382
-455 1453
-487 1524
-308 -29
-307 -123
-306 -217
-305 -311
-304 -405
-303 -499
-302 -593
-301 -687
-300 -781
-299 -875
-298 -969
-297 -1063
-296 -1157
-295 -1251
-294 -1345
-293 -1439
-292 -1533
-202 -234
-171 -226
-140 -218
-109 -210
-78 -202
-47 -194
-16 -186
15 -178
46 -170
77 -162
108 -154
139 -146
170 -138
201 -130
232 -122
263 -114
294 -106
325 -98
356 -90
-343 -269
-340 -270
-337 -271
-334 -272
-331 -273
-328 -274
-325 -275
-322 -276
-319 -277
-316 -278
-313 -279
-310 -280
-307 -281
