766
2357 -1465
-2965 8322
-8287 18109
-13609 27896
-18931 37683
-24253 47470
-29575 57257
-34897 67044
-40219 76831
-45541 86618
-50863 96405
-56185 106192
-61507 115979
-4774 -1111
4548 1425
13870 3961
23192 6497
32514 9033
41836 11569
51158 14105
60480 16641
69802 19177
79124 21713
88446 24249
1585 3785
9917 4528
18249 5271
26581 6014
34913 6757
43245 7500
51577 8243
59909 8986
68241 9729
76573 10472
84905 11215
93237 11958
-2144 -3371
-7761 6580
-13378 16531
-18995 26482
-24612 36433
-30229 46384
-35846 56335
-41463 66286
-47080 76237
-52697 86188
3414 691
4518 -1951
5622 -4593
6726 -7235
7830 -9877
8934 -12519
10038 -15161
11142 -17803
12246 -20445
13350 -23087
14454 -25729
15558 -28371
2068 -3018
11520 3318
20972 9654
30424 15990
39876 22326
49328 28662
58780 34998
68232 41334
77684 47670
87136 54006
406 -2770
4341 160
8276 3090
12211 6020
16146 8950
20081 11880
24016 14810
27951 17740
31886 20670
35821 23600
39756 26530
43691 29460
47626 32390
51561 35320
2619 3347
-2634 3644
-7887 3941
-13140 4238
-18393 4535
-23646 4832
-28899 5129
-34152 5426
-39405 5723
-44658 6020
-49911 6317
-55164 6614
-60417 6911
-65670 7208
-70923 7505
-76176 7802
2823 -1918
-6822 -1342
-16467 -766
-26112 -190
-35757 386
-45402 962
-55047 1538
-64692 2114
-74337 2690
-83982 3266
-93627 3842
-103272 4418
-112917 4994
-122562 5570
-132207 6146
-141852 6722
-151497 7298
-1431 -4571
6475 -489
14381 3593
22287 7675
30193 11757
38099 15839
46005 19921
53911 24003
61817 28085
69723 32167
77629 36249
85535 40331
93441 44413
101347 48495
109253 52577
117159 56659
125065 60741
132971 64823
140877 68905
148783 72987
-4485 -3956
-3792 -8935
-3099 -13914
-2406 -18893
-1713 -23872
-1020 -28851
-327 -33830
366 -38809
1059 -43788
1752 -48767
2445 -53746
3138 -58725
3831 -63704
4524 -68683
5217 -73662
5910 -78641
6603 -83620
-2882 1814
-11155 3258
-19428 4702
-27701 6146
-35974 7590
-44247 9034
-52520 10478
-60793 11922
-69066 13366
-77339 14810
-85612 16254
-2465 4711
542 -1133
3549 -6977
6556 -12821
9563 -18665
12570 -24509
15577 -30353
18584 -36197
21591 -42041
24598 -47885
27605 -53729
30612 -59573
33619 -65417
36626 -71261
39633 -77105
42640 -82949
45647 -88793
1984 -2076
179 -11046
-1626 -20016
-3431 -28986
-5236 -37956
-7041 -46926
-8846 -55896
-10651 -64866
-12456 -73836
-14261 -82806
-16066 -91776
-17871 -100746
-19676 -109716
-21481 -118686
-23286 -127656
-25091 -136626
-26896 -145596
-28701 -154566
-30506 -163536
-32311 -172506
-2552 -2309
-11016 6862
-19480 16033
-27944 25204
-36408 34375
-44872 43546
-53336 52717
-61800 61888
-70264 71059
-78728 80230
-87192 89401
-95656 98572
-104120 107743
139 2913
-5852 -4880
-11843 -12673
-17834 -20466
-23825 -28259
-29816 -36052
-35807 -43845
-41798 -51638
-47789 -59431
-53780 -67224
-59771 -75017
-65762 -82810
-2119 -2127
4474 -2588
11067 -3049
17660 -3510
24253 -3971
30846 -4432
37439 -4893
44032 -5354
50625 -5815
57218 -6276
63811 -6737
70404 -7198
76997 -7659
83590 -8120
90183 -8581
96776 -9042
103369 -9503
109962 -9964
116555 -10425
123148 -10886
-766 2994
-10690 -4121
-20614 -11236
-30538 -18351
-40462 -25466
-50386 -32581
-60310 -39696
-70234 -46811
-80158 -53926
-90082 -61041
-100006 -68156
-109930 -75271
-119854 -82386
-129778 -89501
-139702 -96616
-149626 -103731
-159550 -110846
-169474 -117961
-179398 -125076
-3490 -4884
-6848 269
-10206 5422
-13564 10575
-16922 15728
-20280 20881
-23638 26034
-26996 31187
-30354 36340
-33712 41493
-37070 46646
-40428 51799
-6 -2270
-7368 -6334
-14730 -10398
-22092 -14462
-29454 -18526
-36816 -22590
-44178 -26654
-51540 -30718
-58902 -34782
-66264 -38846
-73626 -42910
-80988 -46974
-88350 -51038
-95712 -55102
-103074 -59166
-110436 -63230
-117798 -67294
-125160 -71358
-132522 -75422
-1248 -1512
-5041 -3871
-8834 -6230
-12627 -8589
-16420 -10948
-20213 -13307
-24006 -15666
-27799 -18025
-31592 -20384
-35385 -22743
-265 2397
-8143 7738
-16021 13079
-23899 18420
-31777 23761
-39655 29102
-47533 34443
-55411 39784
-63289 45125
-71167 50466
-79045 55807
-86923 61148
-94801 66489
-102679 71830
-110557 77171
3696 822
10941 -1757
18186 -4336
25431 -6915
32676 -9494
39921 -12073
47166 -14652
54411 -17231
61656 -19810
68901 -22389
76146 -24968
83391 -27547
90636 -30126
758 3038
8237 6826
15716 10614
23195 14402
30674 18190
38153 21978
45632 25766
53111 29554
60590 33342
68069 37130
4052 -4206
-3054 -6470
-10160 -8734
-17266 -10998
-24372 -13262
-31478 -15526
-38584 -17790
-45690 -20054
-52796 -22318
-59902 -24582
-67008 -26846
-74114 -29110
-81220 -31374
-88326 -33638
-95432 -35902
-102538 -38166
4768 -3788
9978 333
15188 4454
20398 8575
25608 12696
30818 16817
36028 20938
41238 25059
46448 29180
51658 33301
56868 37422
62078 41543
-1797 -2389
967 2797
3731 7983
6495 13169
9259 18355
12023 23541
14787 28727
17551 33913
20315 39099
23079 44285
25843 49471
28607 54657
31371 59843
34135 65029
36899 70215
-3651 -75
4362 -4269
12375 -8463
20388 -12657
28401 -16851
36414 -21045
44427 -25239
52440 -29433
60453 -33627
68466 -37821
76479 -42015
84492 -46209
92505 -50403
100518 -54597
108531 -58791
116544 -62985
124557 -67179
89 2217
-3973 8298
-8035 14379
-12097 20460
-16159 26541
-20221 32622
-24283 38703
-28345 44784
-32407 50865
-36469 56946
-40531 63027
-44593 69108
-48655 75189
-52717 81270
-56779 87351
-60841 93432
2706 2513
2433 7304
2160 12095
1887 16886
1614 21677
1341 26468
1068 31259
795 36050
522 40841
249 45632
-24 50423
-297 55214
-570 60005
-843 64796
-1116 69587
-1389 74378
-1662 79169
-1935 83960
2852 -4854
6394 -5562
9936 -6270
13478 -6978
17020 -7686
20562 -8394
24104 -9102
27646 -9810
31188 -10518
34730 -11226
38272 -11934
41814 -12642
45356 -13350
-4745 4329
-7054 1840
-9363 -649
-11672 -3138
-13981 -5627
-16290 -8116
-18599 -10605
-20908 -13094
-23217 -15583
-25526 -18072
-27835 -20561
726 -2587
8780 156
16834 2899
24888 5642
32942 8385
40996 11128
49050 13871
57104 16614
65158 19357
73212 22100
81266 24843
89320 27586
97374 30329
105428 33072
113482 35815
121536 38558
129590 41301
3047 -2877
3485 6256
3923 15389
4361 24522
4799 33655
5237 42788
5675 51921
6113 61054
6551 70187
6989 79320
7427 88453
7865 97586
8303 106719
8741 115852
9179 124985
9617 134118
10055 143251
10493 152384
10931 161517
11369 170650
4826 4443
2150 7024
-526 9605
-3202 12186
-5878 14767
-8554 17348
-11230 19929
-13906 22510
-16582 25091
-19258 27672
-21934 30253
-24610 32834
-27286 35415
-29962 37996
-32638 40577
-35314 43158
-37990 45739
-40666 48320
-43342 50901
-46018 53482
-471 2325
-66 2191
339 2057
744 1923
1149 1789
1554 1655
1959 1521
2364 1387
2769 1253
3174 1119
3579 985
3984 851
4389 717
4794 583
5199 449
5604 315
-1957 -539
-2771 7742
-3585 16023
-4399 24304
-5213 32585
-6027 40866
-6841 49147
-7655 57428
-8469 65709
-9283 73990
-10097 82271
-10911 90552
-11725 98833
-12539 107114
-13353 115395
-14167 123676
-14981 131957
-3949 -1177
3047 -6662
10043 -12147
17039 -17632
24035 -23117
31031 -28602
38027 -34087
45023 -39572
52019 -45057
59015 -50542
66011 -56027
73007 -61512
80003 -66997
86999 -72482
93995 -77967
-150 -4044
-2109 -8220
-4068 -12396
-6027 -16572
-7986 -20748
-9945 -24924
-11904 -29100
-13863 -33276
-15822 -37452
-17781 -41628
-19740 -45804
-21699 -49980
-23658 -54156
-25617 -58332
-27576 -62508
-29535 -66684
-31494 -70860
3315 4334
-2465 -4166
-8245 -12666
-14025 -21166
-19805 -29666
-25585 -38166
-31365 -46666
-37145 -55166
-42925 -63666
-48705 -72166
-54485 -80666
-60265 -89166
-66045 -97666
-71825 -106166
-77605 -114666
814 559
-3176 -1238
-7166 -3035
-11156 -4832
-15146 -6629
-19136 -8426
-23126 -10223
-27116 -12020
-31106 -13817
-35096 -15614
-39086 -17411
-43076 -19208
-47066 -21005
-51056 -22802
-55046 -24599
-59036 -26396
-63026 -28193
-67016 -29990
-71006 -31787
-74996 -33584
-636 4403
-1949 8896
-3262 13389
-4575 17882
-5888 22375
-7201 26868
-8514 31361
-9827 35854
-11140 40347
-12453 44840
-13766 49333
-15079 53826
-16392 58319
-17705 62812
-19018 67305
-20331 71798
-21644 76291
-22957 80784
-3997 1554
-2746 7086
-1495 12618
-244 18150
1007 23682
2258 29214
3509 34746
4760 40278
6011 45810
7262 51342
8513 56874
9764 62406
11015 67938
12266 73470
13517 79002
14768 84534
16019 90066
17270 95598
18521 101130
19772 106662
-4261 -2833
-7676 1242
-11091 5317
-14506 9392
-17921 13467
-21336 17542
-24751 21617
-28166 25692
-31581 29767
-34996 33842
-38411 37917
-41826 41992
-45241 46067
-48656 50142
-52071 54217
-55486 58292
-58901 62367
-4124 -4911
-12531 -750
-20938 3411
-29345 7572
-37752 11733
-46159 15894
-54566 20055
-62973 24216
-71380 28377
-79787 32538
-88194 36699
-96601 40860
-105008 45021
-113415 49182
-121822 53343
-130229 57504
-1994 -329
-7543 -1260
-13092 -2191
-18641 -3122
-24190 -4053
-29739 -4984
-35288 -5915
-40837 -6846
-46386 -7777
-51935 -8708
-57484 -9639
-63033 -10570
-68582 -11501
-2434 4369
1009 5608
4452 6847
7895 8086
11338 9325
14781 10564
18224 11803
21667 13042
25110 14281
28553 15520
31996 16759
35439 17998
38882 19237
42325 20476
45768 21715
49211 22954
52654 24193
56097 25432
59540 26671
62983 27910
-2332 -2136
5068 1242
12468 4620
19868 7998
27268 11376
34668 14754
42068 18132
49468 21510
56868 24888
64268 28266
71668 31644
79068 35022
86468 38400
93868 41778
101268 45156
108668 48534
116068 51912
-4759 -4934
-7939 -9364
-11119 -13794
-14299 -18224
-17479 -22654
-20659 -27084
-23839 -31514
-27019 -35944
-30199 -40374
-33379 -44804
-36559 -49234
-39739 -53664
-42919 -58094
-46099 -62524
-49279 -66954
-52459 -71384
-671 -2148
-9933 863
-19195 3874
-28457 6885
-37719 9896
-46981 12907
-56243 15918
-65505 18929
-74767 21940
-84029 24951
-93291 27962
