1000
-35 6
7 3
23 -1
48 6
-46 2
-32 -7
-15 -2
30 6
-43 -3
21 -7
24 -6
-7 2
-18 1
44 4
-43 -4
-21 -8
30 -1
8 5
-34 -1
-9 -1
33 3
1 5
-28 5
-9 -8
-8 -4
13 -4
-24 -6
41 2
-14 -3
-14 6
15 -7
-15 -6
-40 5
-50 -3
-3 -4
-4 -3
44 -7
-1 -1
15 5
-28 7
-26 -5
4 -4
-30 4
-45 0
44 3
-20 8
45 2
-5 6
42 -8
4 1
-46 -1
-43 6
18 -3
-33 -6
-28 -2
11 8
19 -7
4 -7
25 0
-27 1
3 -6
14 8
-38 -7
39 0
-33 5
-16 -2
14 -7
-22 -6
30 1
27 6
25 -7
-17 4
-29 -7
28 1
39 -4
33 -3
-29 -6
16 7
32 -4
17 6
18 5
42 6
15 6
-43 3
19 -8
-23 2
15 -3
22 7
-46 -4
-8 1
23 6
47 5
-30 7
-42 2
11 4
35 3
-50 4
12 7
-36 -4
-29 2
20 3
-21 3
13 6
13 -2
-24 -8
0 5
48 -6
1 0
-25 -3
-2 -5
-32 -3
-36 -2
-33 8
-29 7
-35 8
6 1
30 2
19 2
-1 -6
36 -1
-7 -6
18 6
42 1
19 1
12 -5
38 4
-7 4
-49 -8
8 0
37 -3
12 6
20 5
33 8
35 -7
2 -7
9 6
1 -2
41 8
24 -2
46 7
25 4
49 7
-6 -6
-22 0
14 1
39 7
-22 -4
30 3
11 -6
25 -5
30 5
40 5
-33 3
31 0
27 0
-8 -1
-32 -5
19 6
-43 -5
-21 8
-9 2
18 -5
-44 -2
-39 5
7 7
41 -3
-17 6
-45 -7
40 -4
16 -7
-21 7
-29 4
5 -3
-39 -7
-10 -7
34 6
-27 6
14 7
-38 -4
1 1
39 -2
-46 6
13 -6
-38 7
-14 8
3 4
27 3
-42 8
34 -3
10 -1
-5 -8
45 7
16 2
-2 8
-5 5
-2 -6
-18 -6
20 8
18 8
-6 6
45 0
22 2
-21 -6
28 4
34 1
4 5
12 4
-3 2
-45 -1
24 1
31 -4
-39 -4
-38 -2
-28 6
-14 3
30 -5
-32 3
28 3
-36 8
-49 4
-22 -2
-9 0
-41 1
-18 0
40 6
8 -5
17 4
-43 7
23 -5
18 3
42 4
-36 6
-19 4
-22 6
21 4
-24 2
22 5
-46 -6
-31 5
47 -3
-23 -1
-47 -7
-48 -1
-30 5
6 -6
11 6
35 5
-29 -2
-37 0
-12 -7
36 6
-49 3
50 2
1 -5
-39 3
0 7
-37 4
13 -3
2 -2
-16 -1
-36 7
-12 4
5 8
35 -8
-7 -7
-48 5
-30 -4
-25 -8
-7 -8
31 5
10 0
-8 -7
3 0
11 1
-19 -3
-24 -3
-22 -7
42 -3
20 4
-41 4
8 2
6 -3
7 -1
33 -5
-6 8
-8 8
-47 3
-29 -1
-37 -1
-45 -4
14 2
-13 8
-15 8
-12 3
-50 -2
3 1
11 -4
24 -1
1 6
40 8
-15 4
23 -6
16 -2
-33 7
-22 3
19 8
43 7
17 8
-11 -6
-4 -1
-20 -5
17 -1
36 0
40 -2
16 -5
33 4
29 -8
5 -5
-2 -8
28 -7
4 -1
-21 -5
-7 3
3 -7
47 -5
-40 7
-16 4
15 0
-10 4
26 8
-38 5
14 -6
-18 -3
-27 -5
-38 2
34 -5
10 -4
-5 -6
29 7
-47 8
-25 6
16 4
-2 7
21 -3
-1 -3
-20 4
-40 1
-28 -5
39 4
-36 -6
43 -8
-3 4
45 3
-23 -5
-11 -5
-28 8
-11 -3
3 -1
-50 1
-12 -4
-13 -2
-8 6
46 4
-21 5
9 -2
-14 1
43 0
-46 4
1 3
2 8
9 -4
-6 -1
32 -1
-7 7
-5 -2
18 1
0 -6
21 7
-19 2
-46 -8
-26 -1
24 0
-31 4
7 -7
-30 3
-48 -6
13 -7
35 7
22 -1
-50 8
-12 -5
6 -8
49 -2
-32 2
48 8
-13 -4
1 -7
48 -1
24 -5
-16 8
-18 3
41 -5
1 4
13 -5
-21 -1
36 -7
-26 -8
-35 -7
21 0
20 -7
-35 4
26 2
-48 7
-30 -6
-25 -2
47 -8
-23 1
-46 5
16 8
-43 8
-19 -5
-43 -2
-42 7
12 3
20 2
10 -5
41 -8
17 -5
32 1
-17 -2
29 -3
-7 -3
28 -4
-14 -4
-37 -4
-36 0
28 -8
25 -1
46 6
9 -8
-34 2
-37 -5
-3 -3
34 -2
22 4
-28 -7
47 -6
22 -3
-15 -3
20 1
40 -3
-23 7
15 -2
-7 1
7 -3
-44 -6
-18 -1
0 -8
-21 -2
-45 -3
16 -3
30 7
-29 8
33 5
19 -5
-37 6
28 -5
-9 -5
5 4
-17 -8
25 7
27 -4
-15 5
-32 -6
14 -5
-48 -8
49 -3
15 2
39 1
-28 -1
3 -4
-16 -3
-14 4
-38 0
27 7
1 8
-11 -8
34 -7
-10 6
-7 6
2 3
-10 -2
-33 0
9 -7
12 -2
34 7
-42 -6
-40 -6
45 -8
-17 -7
-41 -4
-44 1
-18 -8
-4 4
43 -6
-19 7
25 -4
21 6
-32 4
46 3
-47 6
-20 -8
-23 -7
-36 -1
-42 -5
-44 -3
17 1
30 -6
11 5
11 3
26 -4
37 -6
-49 -7
49 -8
13 7
0 4
48 -7
-32 5
5 3
-42 1
-37 3
-8 2
-1 6
25 -8
37 7
2 2
27 -5
-48 2
38 -7
-7 -5
-6 4
-44 8
4 -6
42 0
31 -1
-19 0
31 7
15 -4
-47 -5
-7 5
-19 6
-30 1
6 -2
-1 4
-9 -7
21 -4
-25 2
-13 3
-5 0
21 -6
22 -6
48 5
38 8
25 5
-49 -1
13 4
2 1
-26 -2
-50 -5
18 -2
-11 5
38 -6
-3 -7
27 4
30 4
44 -8
-27 -4
-7 -4
-10 -8
7 -8
18 7
-8 -3
-22 4
19 7
43 2
42 -7
18 -6
44 5
41 -2
-17 7
45 8
50 -8
-5 2
32 3
16 -8
26 -3
-29 5
33 2
-18 2
37 4
36 4
10 4
-22 -8
-27 7
-18 7
14 6
-16 1
21 5
15 7
-24 0
-17 -6
6 7
-16 -8
-22 -3
-5 -5
-27 -1
-13 -8
31 3
-17 5
34 -4
-9 4
-23 8
5 7
-4 -6
11 -7
-21 4
45 -3
44 -4
-47 0
-39 1
23 4
-16 -4
32 -8
39 -3
-1 1
33 -7
-4 -2
-34 -4
27 -1
3 -3
-17 2
-50 2
-37 2
-29 3
46 -5
0 8
38 -3
-14 2
10 -8
-5 -1
29 3
3 5
32 -3
44 -2
17 5
41 0
-10 -6
-44 3
-18 -2
42 7
-19 5
-3 -5
-32 6
-8 3
26 4
23 1
47 4
49 -1
-30 -2
-50 6
-16 -7
30 -8
4 6
37 2
11 7
-35 -4
-20 -4
33 -8
-12 -8
-1 3
-33 -2
-49 0
13 5
0 6
48 -5
24 -8
-37 5
-25 -4
-48 3
14 0
-20 0
-35 7
6 6
-24 1
-21 -7
22 -7
-47 1
-8 -8
-17 -4
-19 -2
28 0
46 8
-12 7
35 -5
-41 5
-6 1
-1 2
8 1
-48 -2
-27 -2
-25 0
25 3
-25 7
46 -7
48 7
37 -1
49 6
-26 -4
-50 -7
-31 1
35 -2
-24 8
-10 8
-31 -3
17 -7
22 -2
-44 4
-43 -6
-20 -6
44 7
46 -6
41 -4
21 3
-45 -8
32 5
9 5
33 0
33 -1
10 2
4 -3
-17 -1
34 -1
-27 5
14 4
38 1
-26 -3
-39 7
-15 2
-16 -6
-26 2
3 7
27 2
-34 6
-28 -3
-5 1
-14 -1
31 8
5 5
8 -1
40 0
-21 6
45 -5
-21 0
-44 6
43 -7
0 1
-21 -4
41 4
-40 -1
-2 -2
-48 -3
-11 -1
-50 0
-6 -8
-49 5
30 0
14 -4
-36 1
26 1
34 0
-50 -1
-8 -6
-2 -1
-25 -6
-9 3
40 7
-34 -3
41 6
-20 2
47 3
2 6
36 3
43 -1
19 -3
43 8
-11 2
-3 3
33 7
17 -3
31 -5
7 -2
-30 -7
-8 -2
47 6
-24 -4
-6 7
-35 -6
-12 1
26 -8
2 -3
50 -2
17 -4
49 -4
13 3
1 -6
1 -1
6 -4
-41 -2
48 2
34 -8
23 -4
-2 1
-13 2
24 -4
-1 -2
26 7
36 -6
-35 5
-48 6
-30 -3
-40 6
31 2
-47 7
-31 -6
-47 -2
8 -4
46 -8
-19 -4
43 1
-26 8
5 -6
-20 -3
41 -7
-36 -3
8 3
40 -8
-23 5
13 -8
-24 -1
29 -1
7 8
14 -2
-1 8
-4 8
-20 -2
-43 5
14 3
0 -1
20 -3
-19 -1
47 -1
50 3
-28 3
18 0
-3 -2
-11 1
-20 -1
-34 -2
17 3
30 8
-33 6
-12 6
28 5
37 -4
22 -4
-1 -8
43 6
-16 3
44 1
18 -7
-15 -8
28 2
-17 3
45 4
2 -4
-11 4
32 7
3 -5
-33 -8
27 -7
-10 -4
-4 7
37 8
-27 3
3 -8
0 -2
23 7
48 4
-24 7
-38 -8
39 -5
-15 0
-28 -6
1 -8
-42 3
38 -1
-14 7
-27 -6
21 -2
4 2
28 7
-5 -3
29 6
16 5
39 -6
36 1
40 -1
-23 6
17 0
-41 -3
-32 -1
-7 0
-44 0
-18 -5
-17 8
43 -5
-19 8
5 1
22 1
46 2
-31 2
-9 -6
46 -4
-38 3
35 1
38 5
15 3
50 -6
12 5
6 -5
49 -7
13 8
36 2
0 3
48 -8
37 -2
49 8
-19 -8
-43 4
-2 -4
10 3
12 2
18 2
-26 -7
-4 6
6 3
8 -2
-41 -6
-8 4
27 5
30 -7
4 3
46 5
-12 -6
24 5
-20 -7
-30 0
10 -6
47 0
-8 -5
-8 7
-44 -1
-47 2
-24 -2
47 1
-3 7
-20 5
35 6
-4 -8
-39 4
-36 -7
-13 -5
50 5
-37 -6
-12 -2
0 -7
33 -2
-38 -6
-13 4
49 1
-14 -6
-29 -5
-1 -4
26 5
-50 -6
-18 6
37 5
35 -3
-11 6
-24 5
