845
-135 165
-102 231
-80 274
-97 152
-138 216
-4 186
-12 236
-175 135
-173 148
-138 270
-5 272
-138 309
1 308
8 304
-122 165
-60 177
-131 283
-134 247
15 170
-64 220
-132 139
13 162
-181 262
-20 252
-4 152
-170 281
-145 284
-26 279
-141 300
-83 314
-83 177
-97 139
-172 131
-111 219
-139 249
-89 181
-48 319
-86 123
-15 192
-93 171
-84 216
-141 220
-18 162
-123 228
9 151
-57 275
-175 137
-69 273
-23 231
-158 269
-15 265
-107 178
-159 240
5 166
-183 250
-131 154
-158 248
-130 189
-146 212
-75 279
-37 247
-173 154
-87 195
-79 282
-81 151
-178 230
-134 194
-62 121
-33 302
-143 257
-67 302
-12 120
1 222
-56 283
-118 289
0 200
-92 171
-42 178
11 299
-97 291
-163 222
-127 310
-177 158
-113 276
-76 255
-181 203
-65 295
7 154
-75 204
-179 119
-15 279
-64 277
-90 216
-148 236
-97 123
-82 278
-26 293
-101 131
-148 286
-57 243
-124 261
-10 315
-90 251
-139 132
-87 264
-90 128
-77 171
-9 293
-98 180
-51 221
-176 251
1 158
-43 126
-116 252
-33 213
-46 203
-35 312
-88 151
10 139
-80 126
-142 248
-84 222
-29 280
-93 300
-139 140
-99 251
-46 128
-95 158
-155 211
-102 286
-145 150
9 220
-153 250
-43 158
-7 203
-152 318
5 159
-77 126
-83 296
-56 213
-28 233
4 163
-80 299
-47 212
-86 143
2 277
-36 242
7 162
-84 266
-74 260
-147 263
-6 233
-141 232
-93 166
11 186
-106 269
-124 187
-173 150
-3 280
-12 218
-119 271
-176 252
-181 191
-19 292
-103 253
-163 123
-47 315
13 124
-166 137
-80 264
-149 272
-30 150
-120 228
-116 239
-119 198
-78 309
437 333
498 393
480 386
393 518
459 395
337 381
405 471
305 354
414 406
455 360
343 434
370 494
409 529
457 484
305 484
434 376
343 413
367 364
360 506
382 482
390 359
354 424
373 354
392 507
483 483
338 382
372 353
323 409
483 506
479 413
426 422
373 529
362 492
338 473
468 492
375 416
458 406
452 465
475 430
425 408
317 388
467 529
487 362
412 477
459 412
478 419
433 384
404 522
461 338
333 388
330 461
316 409
324 503
380 451
318 430
336 506
448 476
328 498
376 398
305 448
500 412
447 389
438 478
308 438
344 365
333 441
361 417
501 468
341 494
485 439
340 361
396 404
332 457
346 411
444 408
451 503
314 415
480 377
437 418
335 348
399 424
343 459
477 413
491 490
331 366
406 378
413 502
474 505
480 474
447 410
473 428
329 402
383 366
380 370
462 392
462 386
449 440
405 349
335 484
431 522
359 445
390 364
378 376
466 383
355 460
370 406
359 510
437 451
419 344
457 464
329 372
462 373
361 497
505 513
370 480
477 343
365 454
328 345
467 443
427 352
322 371
488 455
373 446
489 349
391 375
383 408
375 501
394 486
347 360
327 360
504 443
307 489
360 360
504 348
324 482
409 501
466 517
447 419
423 477
464 394
473 425
391 496
440 424
413 517
479 344
396 416
467 456
315 467
383 484
357 382
331 396
374 419
444 344
379 520
367 346
333 480
447 334
420 414
473 348
486 503
305 413
350 390
331 522
485 400
495 426
505 350
427 350
341 338
450 453
452 415
440 495
387 361
452 530
338 518
384 463
432 438
449 362
325 499
472 524
399 400
371 489
371 410
421 384
393 427
338 389
433 479
498 359
459 397
358 491
332 530
498 467
496 398
340 502
471 449
429 483
395 449
384 446
-94 -227
-13 -282
-10 -134
-7 -307
-66 -257
-117 -218
-7 -293
2 -277
-95 -304
-24 -230
22 -264
-4 -298
14 -202
17 -213
-141 -143
-45 -305
-19 -290
-34 -277
-160 -204
-161 -294
-40 -128
7 -274
-126 -286
-154 -244
-121 -133
22 -111
-138 -288
-15 -116
-17 -198
-1 -308
-28 -240
-167 -115
-34 -308
18 -209
-39 -290
-149 -129
-53 -283
-95 -301
-65 -150
12 -268
30 -288
-27 -122
-29 -119
-70 -266
-76 -204
4 -188
-104 -183
-104 -271
-90 -154
-56 -179
-64 -174
-60 -189
-44 -309
-74 -310
-62 -207
-96 -141
-19 -232
-125 -299
-136 -146
-163 -223
-54 -157
-88 -261
-112 -234
-52 -244
-134 -271
3 -231
-120 -116
-47 -301
-155 -180
-89 -127
-23 -296
-146 -132
7 -121
-81 -234
-131 -120
-167 -211
-4 -253
-105 -295
-80 -136
-98 -206
-75 -198
-100 -295
-163 -122
-4 -127
-94 -173
-97 -212
-68 -250
25 -297
-107 -159
-121 -255
-136 -147
-43 -126
-73 -143
-4 -241
-101 -111
-29 -193
12 -301
-73 -135
-103 -113
-128 -118
18 -293
-147 -164
-102 -264
-53 -174
14 -217
-131 -179
-92 -206
-100 -111
-141 -288
-28 -266
-150 -200
21 -218
-150 -242
-10 -189
27 -249
25 -289
-19 -302
-34 -183
-92 -228
-161 -257
-3 -309
-110 -234
-9 -195
-58 -143
-15 -130
-12 -123
-145 -248
26 -243
25 -242
-36 -154
-117 -139
-58 -293
-124 -295
-10 -302
-29 -245
-110 -255
-99 -265
-21 -196
-95 -151
-149 -289
-127 -218
-128 -290
-98 -250
-31 -251
-105 -241
7 -219
-111 -177
-152 -128
-128 -186
-105 -248
-100 -301
-4 -229
-94 -113
-153 -206
-29 -114
-42 -267
-119 -188
-26 -268
-159 -268
13 -160
-100 -119
-12 -262
-42 -210
-43 -141
-41 -251
3 -167
-153 -175
-8 -118
23 -227
23 -228
17 -267
-131 -194
10 -194
-97 -151
6 -216
-76 -188
-462 -400
-290 -345
-487 -387
-452 -349
-354 -379
-398 -250
-351 -248
-482 -408
-377 -346
-374 -398
-406 -407
-451 -306
-452 -268
-374 -290
-336 -248
-417 -338
-347 -412
-307 -331
-452 -376
-433 -264
-373 -247
-354 -241
-449 -299
-468 -268
-482 -397
-368 -320
-299 -339
-376 -397
-395 -325
-333 -241
-486 -406
-468 -302
-417 -366
-359 -359
-403 -328
-404 -264
-413 -324
-431 -314
-415 -250
-361 -352
-353 -375
-444 -244
-431 -312
-296 -419
-422 -409
-348 -385
-290 -268
-381 -358
-459 -392
-390 -370
-378 -422
-319 -403
-337 -403
-449 -403
-467 -230
-294 -358
-485 -363
-354 -281
-326 -276
-427 -365
-472 -262
-309 -341
-318 -298
-350 -300
-423 -397
-348 -424
-366 -325
-396 -284
-301 -408
-488 -291
-397 -409
-338 -276
-450 -418
-304 -367
-413 -406
-377 -279
-404 -384
-399 -285
-389 -378
-367 -403
-434 -405
-409 -347
-377 -360
-328 -352
-429 -237
-382 -332
-314 -231
-438 -312
-485 -289
-295 -302
-351 -329
-319 -279
-428 -345
-397 -310
-348 -266
-376 -245
-290 -372
-308 -355
-368 -366
-350 -396
-367 -244
-328 -293
-340 -303
-311 -367
-334 -303
-369 -297
-444 -422
-371 -291
-297 -410
-386 -284
-442 -231
-449 -255
-328 -395
-353 -237
-458 -353
-330 -306
-454 -238
-422 -412
-398 -301
-408 -247
-295 -336
-358 -263
-384 -421
-444 -320
-338 -281
-294 -230
-311 -395
-297 -311
-472 -423
-292 -339
-472 -428
-412 -282
-399 -398
-328 -415
-448 -408
225 -406
192 -380
96 -449
68 -533
174 -562
137 -523
169 -464
97 -464
152 -483
125 -519
98 -571
102 -458
187 -522
118 -552
188 -564
123 -394
121 -440
153 -576
122 -382
244 -576
258 -381
135 -496
118 -489
139 -540
194 -425
98 -516
121 -416
135 -509
165 -379
236 -493
105 -395
107 -536
148 -536
239 -559
77 -517
170 -378
181 -461
258 -409
122 -459
145 -508
108 -534
243 -434
119 -398
146 -459
132 -413
162 -420
172 -441
219 -445
170 -490
78 -437
190 -433
182 -560
86 -549
148 -437
132 -447
144 -529
68 -514
215 -523
77 -384
226 -485
63 -414
149 -511
176 -563
157 -475
187 -395
161 -458
254 -426
89 -492
187 -516
133 -392
198 -560
169 -544
137 -509
108 -513
115 -438
134 -538
197 -467
187 -511
255 -484
66 -409
184 -412
149 -472
210 -425
253 -381
71 -564
253 -544
108 -451
93 -554
76 -482
238 -438
80 -512
234 -421
241 -499
92 -499
62 -557
92 -527
151 -530
214 -421
245 -522
138 -562
188 -475
223 -427
168 -417
89 -430
169 -387
174 -379
180 -440
84 -481
167 -502
243 -398
234 -537
223 -473
232 -576
94 -502
210 -511
98 -427
209 -514
253 -547
84 -496
112 -466
193 -438
188 -484
206 -564
124 -490
135 -577
127 -554
94 -486
202 -409
129 -491
128 -393
210 -549
98 -456
235 -565
130 -471
93 -576
163 -473
205 -493
145 -423
162 -546
119 -472
150 -467
187 -535
165 -524
199 -573
225 -541
83 -379
177 -420
171 -381
215 -524
71 -547
151 -378
213 -378
241 -538
89 -575
180 -394
208 -506
189 -542
134 -409
235 -548
76 -486
142 -535
