1000
-7 -3
23 -2
55 5
-70 1
-8 -4
22 -5
-15 -2
32 4
19 4
-43 -3
-67 3
-42 4
-18 1
-44 -4
65 -4
64 -3
-34 -1
-9 -1
-5 1
70 -3
-76 3
62 -4
-10 -5
46 -1
75 -4
-51 5
61 0
33 1
41 2
-38 -2
15 4
-73 -5
-62 4
-50 -3
74 2
-3 -4
-4 -3
78 4
-3 5
-27 -5
51 -5
55 2
79 1
-12 5
59 1
-56 -3
7 -2
-69 5
45 -2
-55 0
68 -1
-44 -5
-23 0
9 3
45 2
75 -2
16 -1
80 3
33 4
-10 0
-2 3
-77 -2
-25 -2
-27 1
-74 0
38 5
73 -5
-39 -1
57 -3
-16 -2
-51 -5
-75 -1
10 -5
-39 2
5 1
32 -4
64 1
41 1
63 -5
-44 2
1 -4
-4 4
37 0
39 -1
67 -2
43 -3
23 -4
-8 2
-80 -2
55 -5
31 -2
47 5
-78 1
54 -1
30 -5
-24 -2
11 4
-78 0
-70 3
-26 1
2 -2
9 0
73 -4
-49 1
-25 4
-13 0
-33 -3
0 5
-66 -3
74 0
-13 1
-60 0
-1 -5
55 3
-36 -1
59 -5
53 0
-77 -3
-61 3
-48 3
30 2
-19 -4
36 -1
23 -1
-28 5
-42 -3
66 2
19 1
-42 3
51 -2
71 1
8 0
-48 -3
77 -5
53 -2
20 5
10 -2
-61 -1
-36 -5
60 0
-77 -4
-37 -4
61 5
76 -1
-64 1
72 3
-38 2
-73 -4
-48 4
-12 1
6 -2
-35 1
-16 0
30 5
78 3
27 0
-8 -2
-22 5
43 5
-67 -1
-77 -5
-14 3
-44 -1
-39 5
-41 3
-31 3
73 0
40 -4
56 1
-72 -3
5 -3
4 -4
-75 0
-60 -2
78 -1
-40 5
-12 -1
1 1
-63 5
39 -2
-39 -5
50 1
-62 2
8 3
-74 -2
3 4
-27 -3
70 0
-58 4
-34 1
28 4
-57 1
-79 -3
17 -4
80 -3
11 3
-19 -1
45 -4
-21 1
-68 0
-44 5
-13 2
67 -5
-69 -3
-56 3
-22 -1
80 5
55 -4
-57 -5
-28 -4
-43 -5
-58 -1
4 5
26 -1
3 -4
14 -4
62 4
-15 4
63 1
-5 2
28 -2
0 0
-40 -3
61 -2
75 2
28 3
-48 2
76 5
-40 1
29 2
-53 -5
0 -1
32 -2
8 -5
-65 -4
18 3
42 4
71 -1
70 3
-7 -5
-23 -2
57 5
54 -4
-30 5
35 5
-59 -1
-37 0
26 -5
-2 0
49 -3
-50 -1
1 -5
-61 2
-2 -3
48 -4
-45 0
1 3
13 -3
-1 2
50 -1
12 -4
-59 3
12 3
-48 5
-30 -4
-71 5
47 -2
31 5
68 -2
46 -5
-60 5
19 3
-12 -5
-66 4
42 -3
18 -1
-65 1
71 3
8 2
6 -3
53 -4
-29 1
-41 -5
-76 0
-52 5
-42 2
-75 5
-37 -2
11 -2
-14 -1
63 -4
-49 -5
-73 -2
26 1
50 2
-74 -5
-11 2
72 -2
78 1
-6 -2
-39 -4
-31 -4
16 -2
-28 3
55 0
76 -5
-22 3
69 -2
62 -1
20 3
44 0
68 5
21 2
-45 -5
-18 5
40 -2
16 -5
5 -5
-57 -4
2 4
-6 2
10 3
4 -1
7 -3
47 -5
14 5
-16 4
62 3
34 -2
-15 1
-69 3
61 -1
-38 5
20 -5
27 5
42 2
34 -5
-28 -2
-57 3
5 4
9 -5
69 0
16 4
40 1
-80 -1
-45 4
17 1
53 -3
-1 -3
-20 4
-2 4
69 1
11 -3
-56 5
-32 2
-68 -2
-60 -3
79 -5
55 -2
23 5
78 -2
54 -5
58 0
-11 -3
3 -1
-12 -4
-25 2
-73 1
-49 4
9 -2
69 -5
48 -5
53 5
-20 -4
61 -4
-37 1
75 4
60 -3
52 2
-41 -3
22 -1
-53 -3
-72 3
6 2
64 5
-31 4
23 -5
-71 2
41 5
-65 -1
-20 3
-42 -2
67 1
19 -4
70 1
26 -4
23 2
47 1
71 4
-24 -3
46 -3
-38 0
77 -2
-53 3
-59 -4
-32 -4
-49 -2
-26 5
36 0
-7 2
65 2
-13 -4
37 5
48 -1
24 -5
72 0
1 4
-49 -4
-77 0
2 3
12 -1
21 0
-20 1
-35 4
-12 0
-24 4
75 0
-47 3
7 0
70 -4
-46 5
-79 -4
32 -1
-19 -5
-43 -1
-20 -1
25 -2
-65 3
17 -5
32 1
-72 -1
68 4
29 -3
-16 -1
-28 4
75 -3
-74 2
-14 -4
37 2
25 -1
63 -2
15 5
54 1
62 0
-50 -4
74 5
78 2
-11 0
-58 1
-4 -4
-78 -5
-57 4
-55 -3
28 1
22 -3
-56 -4
20 1
23 0
69 -4
-15 0
68 -3
9 -4
80 -2
-21 -1
-45 -3
-56 0
56 5
-79 2
-33 -5
-57 -2
-62 1
-10 -3
-34 -2
-46 3
-16 -4
5 -4
-74 3
38 4
-62 -3
-49 3
15 2
-14 4
-45 2
51 2
33 5
-4 -5
28 0
52 5
-55 5
10 2
5 2
29 5
12 -2
-59 -2
64 0
-47 5
-41 -4
-44 1
18 4
-43 4
67 -1
-22 2
-32 4
46 3
-70 2
-43 3
-36 -2
78 -4
-54 5
56 -5
35 0
35 2
50 -5
-12 -2
-73 3
-25 5
27 3
24 1
-26 -2
-61 4
37 -3
21 5
-58 -4
36 -4
76 1
77 4
-72 5
-6 -4
75 -5
71 -2
7 5
-35 -1
-42 -4
66 5
-31 0
-15 2
-7 3
-65 4
-47 -3
-30 1
6 -1
77 -4
78 -3
-76 5
-1 4
54 -2
-13 -1
-37 -3
5 -2
-64 0
72 2
-25 -5
-49 -1
73 3
36 -3
-36 3
26 2
-50 -5
20 4
-35 2
-11 5
30 4
-54 -3
-78 -1
-27 -4
-7 -4
31 1
-12 4
-8 -3
43 2
-61 -2
5 -1
-13 -2
-42 5
44 5
41 -1
-21 -5
64 -1
40 -5
56 0
26 -3
-20 -2
-33 -4
-48 -2
-2 2
-69 -1
-51 4
44 3
18 -5
-40 4
-16 1
-24 0
57 -1
-62 5
74 3
-3 -5
-27 -2
38 3
-31 -3
58 -5
-4 -2
-33 5
-79 -2
-27 0
80 -4
-69 4
-45 3
71 -5
-44 4
68 1
47 -1
23 4
27 -1
-31 -5
-80 5
-56 2
-79 0
-55 3
12 1
78 -5
34 0
58 5
-36 5
58 2
27 -2
-3 3
-17 2
74 -3
50 -2
39 3
44 -5
58 1
38 -3
-40 -4
51 4
75 3
1 -1
28 2
76 4
60 -1
5 0
-9 1
32 -3
-27 -1
-41 -2
65 3
-44 3
18 2
-42 -5
-43 2
-19 5
-8 3
-70 -2
26 4
24 -4
47 4
49 -1
-75 3
-54 3
-30 4
34 -4
12 5
-35 -4
-18 2
-53 -2
36 5
-26 2
-33 -2
49 -2
-13 -5
-34 0
72 -1
24 3
48 0
32 3
25 2
-73 0
-60 1
36 -2
76 3
14 0
33 -5
77 2
-63 -4
-71 -3
-24 1
79 0
-67 -3
-47 1
19 0
66 -5
-63 0
70 5
47 -4
66 0
-39 3
-71 -1
8 1
-6 0
-77 4
4 4
15 3
-52 4
60 1
-1 1
37 1
61 -5
-64 2
72 4
1 2
14 2
63 -3
73 1
50 0
-26 -4
50 5
-66 -2
35 -1
-11 3
58 -1
-78 -4
42 -4
31 3
-79 -5
-46 1
22 -2
-11 -2
-69 1
11 -1
-18 4
-68 -4
-41 2
21 3
-53 0
62 -2
32 5
-2 -4
33 0
-57 -3
58 -3
-10 -1
-34 -5
-34 2
-51 2
-27 5
14 4
51 -1
-63 4
15 1
39 4
-38 4
-40 -2
27 2
51 1
4 0
-10 3
-40 0
57 -2
5 5
79 2
8 -2
29 -1
-63 -1
16 3
-80 -3
45 -5
21 -2
-35 -2
-68 1
44 -1
68 3
-69 -4
-56 4
-63 2
-22 1
57 4
-14 0
-78 5
58 3
-73 -1
-11 -1
50 -4
62 5
-77 5
63 0
77 3
30 0
-40 -1
-64 -5
-5 0
61 -3
-75 -5
-50 -2
-76 -2
9 -3
-72 2
8 -4
71 -3
65 1
76 -2
18 0
42 5
-60 4
-2 5
43 -1
-19 3
3 -3
-46 -5
-70 -4
-76 -1
-9 -2
23 3
-7 0
-54 1
30 -2
6 -5
-77 1
9 2
45 5
12 2
2 -3
-50 2
-21 -2
-49 2
13 3
1 -2
45 3
24 5
48 2
-61 -5
-25 -1
49 3
60 -5
-36 0
-26 -5
-59 2
35 -5
77 0
38 -1
-54 -1
31 2
-71 4
-15 5
31 4
16 -3
64 4
-24 -4
-46 4
66 1
-5 -5
19 2
-66 5
-18 3
65 -2
-71 -4
28 -1
64 -5
32 0
-23 5
-38 1
-53 5
29 -2
-14 2
-9 -4
73 2
-61 -4
-64 4
14 3
0 -2
49 4
67 0
-69 0
-19 -2
28 -5
-20 2
3 0
26 3
-4 0
-58 0
-57 5
-55 -2
-22 0
27 -5
69 -3
14 -5
-68 4
44 1
-20 -5
17 -3
45 4
-1 0
-80 2
56 4
79 -3
57 1
4 -3
-28 2
34 5
-51 0
66 -2
-62 -4
51 5
-17 0
15 -1
-63 -5
65 -5
38 -2
11 0
27 4
-21 0
4 2
-10 1
-57 2
5 3
18 1
16 5
-15 -4
-31 5
59 -4
17 0
41 3
34 -1
-68 3
-44 0
-20 5
67 -4
-43 5
-69 -2
-22 -3
46 2
-74 -4
31 -4
-78 3
-58 -3
-46 0
-13 4
-11 -4
35 1
-41 -1
-74 5
49 1
-26 3
10 4
73 -2
63 2
72 -5
24 0
-61 5
37 -1
60 -2
52 3
76 0
47 -3
71 0
-53 -4
-51 -4
4 -2
6 3
8 -1
75 1
-71 1
41 4
66 4
33 -4
56 -1
13 -4
-26 4
43 -4
-65 5
-47 -2
-2 1
-30 0
-6 5
-77 3
-59 -5
76 -4
53 3
13 1
-25 3
48 4
72 1
-24 5
-4 2
46 1
-29 -5
-36 2
70 2
31 -5
-30 -5
43 3
