993 35
27 3 4 6 7 8 9 10 12 14 15 16 17 18 19 20 21 22 23 24 25 27 30 31 32 33 34 35
23 1 2 4 5 6 7 8 10 14 15 17 18 20 22 23 25 26 27 29 31 32 33 35
21 33 1 2 4 5 6 7 8 11 12 15 16 18 19 21 22 26 27 28 29 31
21 32 34 35 2 5 6 10 12 14 15 17 18 19 20 21 22 23 24 25 27 30
20 1 33 3 34 5 6 7 8 10 11 14 15 18 20 22 24 27 28 29 31
21 1 2 34 5 6 7 10 11 12 13 14 16 17 19 20 21 23 24 29 30 31
20 32 33 2 35 3 1 7 12 13 14 15 16 17 18 19 22 25 26 28 29
24 4 5 6 7 9 12 13 14 15 16 17 19 21 22 25 26 27 28 29 31 32 33 34 35
23 2 3 5 7 8 10 11 12 13 14 16 17 20 21 22 25 26 27 29 30 31 32 33
19 33 34 3 4 2 6 35 8 9 7 12 13 14 15 20 23 24 26 27
19 1 34 3 4 5 8 9 11 12 13 14 19 21 24 26 28 29 30 31
20 1 33 3 4 5 35 7 8 6 10 12 14 18 21 22 23 25 26 30 31
14 33 5 8 9 10 11 13 15 19 21 25 26 28 31
22 1 2 3 4 5 9 10 11 13 14 16 17 18 19 21 22 24 25 27 28 31 33
20 32 1 2 34 4 7 8 10 13 16 18 19 21 22 23 27 28 29 30 31
16 2 3 4 8 9 11 12 16 19 20 21 22 23 26 28 31
21 32 33 3 4 6 7 8 14 15 16 17 18 19 21 22 23 25 26 27 29 30
22 2 4 6 7 8 9 12 13 14 17 18 19 20 21 23 24 25 27 29 30 31 32
22 2 3 4 5 7 9 10 11 12 13 14 15 17 19 20 21 22 23 24 30 32 33
19 1 34 3 8 9 10 12 14 17 20 21 22 25 26 27 28 29 30 31
21 32 33 1 3 35 5 7 8 10 14 16 17 19 22 23 24 25 26 27 28 31
18 32 35 3 6 8 9 11 13 16 18 19 20 21 24 25 26 28 31
26 3 4 5 8 10 11 13 14 15 16 17 18 20 21 22 23 24 25 28 29 30 31 32 33 34 35
21 32 34 35 4 5 3 7 2 9 8 11 15 16 18 20 21 24 26 28 30 31
26 1 3 4 6 8 9 10 11 12 13 14 16 17 18 19 21 22 23 24 25 26 28 31 32 33 35
21 32 34 3 35 4 5 7 8 9 10 13 14 18 19 22 24 25 26 27 29 31
21 32 3 4 5 35 8 9 12 13 14 15 16 18 19 20 21 24 26 27 28 29
18 32 33 34 3 5 7 8 11 13 14 15 16 17 18 21 24 29 31
20 1 34 2 4 9 11 12 13 15 16 17 19 21 24 25 26 27 29 30 31
16 32 33 4 6 7 9 13 15 17 20 23 24 28 29 30 31
21 33 2 35 5 6 8 9 10 12 13 16 17 21 22 23 24 27 28 29 30 31
22 1 4 5 6 7 9 10 11 12 13 15 16 19 21 23 24 26 28 29 30 31 32
18 1 3 4 5 7 8 9 10 12 13 14 15 16 21 22 28 29 30
18 32 2 35 34 5 6 8 9 10 12 15 18 20 24 26 28 30 31
25 1 4 5 8 11 12 13 14 15 16 17 18 19 22 23 24 26 27 29 30 31 32 33 34 35
22 2 4 6 8 10 12 13 14 15 17 19 20 22 23 24 26 27 28 29 32 33 34
22 2 3 4 7 8 9 13 15 16 17 19 20 21 23 24 25 28 29 30 31 33 35
15 32 33 5 6 7 10 12 13 16 19 20 21 22 28 31
21 32 34 35 2 4 6 5 8 9 10 12 13 16 17 18 19 20 24 25 28 30
25 2 3 4 5 6 7 8 9 11 12 13 15 18 20 23 24 25 26 27 28 29 30 31 32 33
22 1 3 4 6 7 8 9 10 12 16 17 18 22 24 25 26 27 28 29 32 33 34
26 1 2 3 6 7 8 9 10 11 12 13 14 15 17 18 19 20 21 23 26 27 30 31 32 33 35
22 1 7 9 10 11 14 16 17 18 19 20 22 23 24 25 27 28 29 32 33 34 35
19 34 3 2 7 8 9 10 16 17 18 19 22 23 24 25 26 27 28 31
26 3 4 6 7 8 9 11 12 13 14 17 18 19 21 22 23 24 25 26 27 28 30 31 32 34 35
19 33 34 35 4 7 11 12 14 16 17 18 24 25 26 27 28 29 30 31
17 1 2 3 34 6 7 12 16 17 18 20 22 23 27 28 30 31
25 2 3 4 5 6 7 8 10 13 14 16 18 19 20 21 22 23 24 25 28 29 30 31 32 34
19 32 33 34 35 4 2 3 6 8 12 16 17 19 20 21 23 24 25 26
25 1 2 4 5 6 7 8 9 10 12 13 14 15 16 19 20 21 24 25 26 27 30 31 32 33
19 32 33 34 2 1 5 6 4 8 11 13 16 18 20 21 23 25 30 31
21 1 33 35 4 5 3 7 2 10 11 12 13 16 21 23 24 26 27 29 30 31
28 1 2 4 5 6 7 8 10 11 12 14 16 17 18 19 21 22 24 25 26 27 28 29 30 31 32 33 34
18 1 34 3 2 5 6 33 8 12 15 16 21 26 27 28 29 30 31
26 2 3 4 5 6 7 8 9 10 12 15 16 17 18 19 20 21 22 24 25 26 27 28 29 30 33
23 1 2 3 4 5 6 7 8 9 14 15 16 18 22 23 24 25 26 29 30 32 33 35
21 1 2 35 4 3 7 8 9 10 11 13 18 20 21 22 23 26 27 28 30 31
21 32 33 34 3 4 5 6 7 8 11 13 14 15 16 17 21 23 25 26 29 31
20 1 2 34 35 4 6 7 8 12 14 18 21 24 25 26 27 28 29 30 31
20 32 35 3 4 7 11 12 13 14 17 18 20 21 22 23 24 25 27 30 31
19 1 3 35 7 8 9 10 11 12 13 14 17 19 21 24 26 28 29 30
24 1 2 3 4 5 7 10 11 12 14 17 18 19 22 23 24 25 27 28 29 30 33 34 35
18 34 35 4 3 2 7 8 9 5 11 12 20 22 25 27 29 30 31
22 1 4 5 7 8 9 10 14 15 16 21 22 23 24 26 28 29 31 32 33 34 35
22 1 2 3 7 8 12 13 14 16 17 18 22 23 25 26 27 28 29 30 31 32 35
19 33 3 35 7 8 9 12 13 15 16 17 19 21 22 25 26 27 29 30
19 32 1 33 5 7 8 9 12 14 15 17 18 21 22 23 24 26 27 28
23 1 3 4 5 6 7 10 13 14 15 18 19 20 21 22 25 27 28 29 30 31 32 35
24 3 4 5 7 8 10 13 14 17 18 19 20 21 22 24 26 28 29 30 31 32 33 34 35
18 32 2 35 6 7 8 9 10 11 12 14 16 18 19 23 24 27 31
20 1 2 34 4 5 8 9 12 14 16 17 18 19 20 21 24 26 27 30 31
23 1 2 3 4 6 8 9 10 12 15 17 18 19 20 22 24 26 28 29 31 32 33 34
23 5 6 7 8 9 10 12 13 14 15 16 17 19 21 25 26 27 28 30 31 33 34 35
21 32 1 33 34 3 6 7 9 11 12 15 16 18 20 21 22 26 27 29 30 31
22 3 4 5 6 7 8 9 10 11 12 15 17 18 20 21 23 27 29 30 33 34 35
22 1 2 4 6 8 9 10 12 13 15 18 19 23 25 28 29 30 31 32 33 34 35
15 2 3 5 6 10 11 13 16 17 19 24 25 29 30 31
21 2 35 34 3 6 7 9 10 11 12 14 16 17 20 22 23 24 25 27 30 31
23 1 3 4 6 8 11 12 16 17 18 19 20 21 23 24 25 27 28 29 30 32 34 35
21 32 33 34 1 35 5 4 10 11 15 16 17 19 20 22 23 24 25 26 29 31
22 4 5 6 7 8 10 13 14 16 17 18 19 20 21 23 24 25 27 29 30 31 33
20 33 2 35 3 5 6 7 8 9 34 14 15 16 18 24 25 27 28 29 31
20 33 35 4 5 6 7 9 12 15 17 19 20 21 23 24 25 27 29 30 31
24 2 5 6 8 10 11 12 14 16 17 18 20 21 22 23 25 26 27 28 29 30 32 33 35
18 32 33 34 3 8 9 11 12 14 19 21 22 24 26 27 28 29 30
25 2 4 5 6 7 8 9 10 11 13 14 15 16 18 19 21 22 24 27 28 29 30 32 33 34
22 3 4 7 8 9 10 14 15 16 17 19 21 22 23 25 26 28 29 31 32 34 35
24 1 4 7 8 9 10 11 12 13 15 16 18 21 22 23 24 25 28 29 30 31 33 34 35
23 1 3 5 6 7 8 12 13 15 16 17 18 23 24 25 26 27 28 29 30 31 34 35
24 1 2 3 4 5 6 7 9 11 12 14 16 19 20 21 22 23 25 26 27 28 31 32 35
24 1 3 4 6 7 8 10 12 13 15 16 17 18 20 21 22 23 24 27 29 30 31 32 33
24 1 2 3 5 6 7 8 10 12 13 18 19 21 22 23 24 25 26 28 29 30 31 32 34
23 5 6 7 11 12 13 14 15 16 17 18 20 21 25 26 28 29 30 31 32 33 34 35
19 32 33 34 1 8 9 10 11 13 15 16 17 21 22 23 25 27 28 30
20 1 2 3 4 5 8 9 10 13 15 16 18 20 21 22 23 25 26 27 28
22 2 3 5 6 8 9 10 11 12 13 14 15 16 18 20 27 28 29 30 32 33 34
20 32 33 34 35 4 5 2 7 9 10 11 14 16 20 21 22 24 25 27 29
19 35 5 7 8 9 12 15 17 18 21 22 23 24 25 26 27 28 30 31
19 1 33 3 4 6 7 9 10 11 12 14 15 17 26 27 28 29 30 31
21 32 1 33 3 2 5 6 7 8 9 11 12 13 15 16 18 19 20 21 23 26
26 2 3 4 5 6 8 9 10 11 12 14 15 16 18 19 20 21 22 23 24 27 30 31 33 34 35
19 32 34 2 4 7 8 12 13 16 18 21 22 23 24 25 26 27 28 30
21 33 2 1 35 34 7 10 11 13 14 16 17 18 19 20 23 25 26 28 29 31
18 1 33 3 4 5 6 7 10 11 15 16 21 24 25 26 28 30 31
21 33 2 35 4 5 1 9 10 11 12 13 14 15 17 19 22 23 25 26 28 30
20 1 2 33 34 3 6 7 10 11 13 14 16 17 19 20 22 25 27 28 29
22 4 6 7 8 11 12 13 15 19 20 22 23 24 25 26 27 28 29 32 33 34 35
25 1 2 3 5 7 8 9 10 11 12 13 14 16 19 20 22 24 25 26 27 28 31 32 33 34
22 1 2 4 5 8 10 14 15 16 17 18 19 23 24 25 26 29 31 32 33 34 35
20 32 33 34 35 3 5 9 10 12 13 14 15 17 18 25 26 27 29 30 31
24 1 2 3 5 7 8 9 10 12 13 15 16 17 18 20 21 22 24 25 27 28 30 34 35
18 32 33 34 5 6 8 12 13 15 19 21 22 23 26 27 29 30 31
23 5 7 8 9 10 11 12 13 14 16 18 20 21 23 25 26 27 28 29 30 32 33 34
27 1 2 4 5 6 7 8 9 10 11 12 13 14 16 17 19 20 21 22 23 24 25 28 29 30 31 32
18 32 1 3 4 6 7 9 10 11 12 13 16 17 18 19 20 26 27
24 1 2 3 5 6 7 8 9 10 12 13 15 17 18 19 21 23 24 25 30 32 33 34 35
19 34 3 2 5 11 12 13 16 17 18 20 22 23 24 25 27 28 29 31
24 1 2 4 10 11 12 13 14 16 17 18 19 20 21 25 26 28 29 30 31 32 33 34 35
19 32 1 34 3 4 5 7 10 11 12 14 17 18 20 25 27 28 30 31
22 2 3 4 6 7 8 10 11 12 13 14 15 17 19 20 26 28 29 30 31 34 35
23 2 3 4 5 6 7 8 9 10 12 14 15 16 17 18 19 27 30 31 32 33 34 35
25 1 2 3 4 5 7 8 10 11 12 13 14 15 16 17 20 21 23 24 29 30 31 33 34 35
25 4 5 6 7 8 9 10 11 13 15 17 18 19 20 21 23 24 25 26 28 29 30 32 33 34
19 34 35 3 4 6 7 9 11 12 13 14 16 17 18 21 23 25 26 27
24 1 2 3 4 5 6 7 8 10 13 14 16 18 20 21 22 23 24 27 29 30 31 32 34
22 3 5 6 8 9 10 13 15 18 19 20 21 23 25 26 27 28 30 31 32 33 35
19 1 3 35 5 6 9 12 13 14 16 17 18 19 20 21 22 25 26 28
19 32 1 5 10 11 12 13 14 15 16 17 18 19 21 23 24 25 26 29
22 2 3 6 8 9 10 11 12 15 17 18 21 22 23 24 25 28 29 30 31 34 35
24 1 2 3 4 6 8 9 10 13 14 15 16 17 20 22 23 24 25 26 29 30 31 32 35
21 34 3 4 2 35 7 13 14 16 18 19 20 21 23 24 25 26 28 29 30 31
24 2 4 5 6 7 8 10 11 12 13 15 16 17 18 19 20 24 28 29 30 31 33 34 35
25 1 2 6 7 8 9 10 11 14 15 18 19 20 21 23 24 26 27 28 30 31 32 33 34 35
26 1 4 5 6 7 8 11 13 14 15 16 17 18 19 20 21 22 23 26 27 28 29 30 33 34 35
19 32 1 35 4 6 9 11 12 13 14 16 17 19 20 21 24 27 29 30
21 1 33 3 35 5 4 7 8 10 14 15 16 17 18 19 21 22 23 25 27 31
23 2 3 4 7 9 13 14 15 16 17 18 19 20 21 22 24 25 27 28 30 33 34 35
18 1 2 4 6 7 11 13 17 19 20 21 22 24 25 26 29 30 31
24 1 3 4 5 6 8 9 12 13 14 15 17 19 22 23 24 25 26 28 31 32 33 34 35
26 1 2 4 5 6 7 10 11 12 13 14 15 17 19 20 21 22 23 24 25 27 29 32 33 34 35
24 1 2 4 5 7 8 9 10 13 14 16 17 18 19 22 23 24 25 26 27 28 29 31 32
19 32 1 3 4 5 7 9 10 15 16 17 18 19 20 21 22 26 27 31
21 32 1 34 2 3 35 6 8 10 12 14 15 16 17 18 19 20 23 24 26 31
19 33 2 3 5 6 7 11 12 14 15 17 18 20 21 26 27 28 29 30
21 32 1 34 35 4 33 6 7 5 10 12 14 15 16 22 23 25 27 28 29 30
23 1 2 5 7 9 10 12 13 14 15 18 19 20 23 24 25 26 27 28 29 31 32 33
27 1 2 3 4 6 7 10 12 14 15 16 17 18 20 21 22 23 25 26 27 28 29 30 31 33 34 35
22 1 2 3 6 7 8 10 11 12 13 15 16 17 18 19 20 22 24 25 26 28 33
25 1 2 5 7 9 11 13 14 15 17 18 19 22 23 24 25 26 27 28 29 30 31 32 34 35
23 1 2 6 7 8 11 12 13 15 18 19 20 21 22 23 24 25 28 29 30 31 33 34
26 1 2 3 4 5 7 8 9 10 11 14 16 18 19 20 21 22 23 25 27 28 29 31 32 34 35
21 1 3 4 5 9 10 11 12 14 15 16 17 19 21 22 23 24 25 26 27 28
23 1 2 3 4 5 6 9 10 11 12 13 15 17 21 22 25 26 28 29 30 32 33 35
18 32 33 3 5 7 8 9 10 14 15 16 19 20 21 23 24 29 30
20 32 1 2 35 5 6 8 9 10 12 15 16 17 19 20 24 27 29 30 31
19 32 34 35 4 6 7 8 9 11 12 13 21 25 26 27 28 29 30 31
19 1 33 35 5 6 8 10 13 14 15 16 19 20 21 22 26 28 29 30
19 32 1 34 7 8 11 12 13 14 15 16 17 19 20 22 23 24 29 30
24 3 5 7 10 11 13 14 15 17 18 19 20 21 22 23 24 25 26 27 29 30 31 32 34
20 32 33 1 35 3 2 9 10 11 12 13 14 15 20 21 24 25 27 28 31
18 1 2 6 7 9 12 14 15 17 19 20 21 22 23 27 28 30 31
21 1 34 35 2 5 4 7 9 10 12 13 14 15 16 18 19 21 22 27 28 29
26 1 2 4 7 8 9 10 11 12 13 16 17 18 19 20 21 22 24 25 26 27 29 30 31 33 34
19 33 3 4 5 35 7 9 12 14 15 16 17 19 21 24 25 27 28 31
19 33 35 4 6 7 9 10 11 12 13 16 19 20 21 22 25 26 27 30
24 1 3 5 6 7 8 9 12 13 14 15 17 18 19 20 23 24 25 26 27 30 32 33 35
23 1 2 4 7 8 9 10 12 14 15 16 17 18 19 20 24 26 27 28 29 32 34 35
24 1 2 3 4 5 8 9 11 13 15 16 17 20 21 22 24 25 26 27 28 30 32 34 35
22 3 4 5 6 8 9 10 12 13 15 16 17 18 21 23 25 27 29 30 33 34 35
23 1 2 6 7 9 12 13 14 15 16 17 18 19 20 23 25 26 28 29 30 31 33 34
24 1 2 3 4 5 8 11 12 16 17 18 20 22 23 24 25 27 28 29 30 31 33 34 35
20 32 1 34 35 4 7 8 11 14 15 16 18 20 22 23 24 27 28 29 31
28 1 2 3 4 5 6 7 8 9 10 11 12 13 14 15 16 17 18 19 20 21 25 28 29 30 31 33 34
23 3 4 5 8 9 10 11 15 16 17 19 20 21 22 23 24 25 27 28 29 33 34 35
24 1 2 3 4 6 7 10 13 14 15 17 18 19 21 22 24 25 26 27 29 31 32 33 35
17 32 2 3 4 5 6 8 9 11 12 13 14 20 21 23 26 27
26 2 3 4 5 6 8 9 11 12 14 15 16 17 19 20 21 22 24 25 26 28 29 30 31 32 35
23 3 4 5 8 9 10 11 13 14 15 17 18 21 23 24 25 28 29 30 31 33 34 35
21 32 1 34 2 4 6 8 10 11 12 14 15 16 19 21 26 27 28 29 30 31
18 1 34 33 4 11 12 13 15 18 19 21 23 25 27 28 29 30 31
18 32 1 34 3 4 5 6 9 11 16 18 19 20 21 23 26 29 31
18 32 33 3 35 4 7 8 10 11 12 13 14 15 19 21 24 25 31
24 1 3 6 7 8 9 10 11 12 14 15 18 19 22 23 24 25 26 27 28 29 31 33 34
18 1 33 3 35 5 8 11 13 16 17 18 20 21 24 26 27 28 29
22 1 2 3 4 5 6 10 13 14 15 18 21 22 23 24 26 28 29 32 33 34 35
18 32 33 1 35 3 5 8 9 11 16 17 22 23 24 27 28 29 31
26 3 4 5 6 7 8 9 10 11 12 14 15 16 17 18 21 22 23 25 27 28 29 31 32 33 34
25 1 2 3 4 5 6 7 9 10 11 12 14 15 19 20 23 24 25 29 30 31 32 33 34 35
25 1 2 4 5 6 7 8 13 14 15 16 18 19 22 23 24 26 27 29 30 31 32 33 34 35
24 1 2 5 6 9 11 12 13 14 15 16 17 18 20 22 23 24 27 28 30 31 33 34 35
24 3 6 7 9 12 13 14 15 16 18 19 21 22 23 24 25 26 29 30 31 32 33 34 35
26 1 2 4 5 7 8 9 10 12 14 16 17 18 19 20 21 22 23 25 26 30 31 32 33 34 35
16 2 3 5 6 8 13 14 15 16 18 19 20 22 26 30 31
22 1 2 3 5 6 7 9 11 14 15 16 20 21 22 23 24 26 28 30 31 32 34
21 33 1 3 4 5 6 34 35 10 11 12 15 16 19 20 23 25 26 27 29 31
19 32 34 3 4 35 8 10 13 14 15 16 23 24 25 26 27 28 29 30
18 2 35 4 5 6 8 9 10 12 15 18 19 20 21 23 24 25 31
24 3 5 6 8 9 10 11 12 15 16 17 18 19 21 22 23 25 26 27 28 31 32 33 35
25 1 2 3 4 5 6 7 8 9 14 15 16 17 18 19 21 27 28 29 30 31 32 33 34 35
18 32 33 2 35 3 34 6 12 13 15 17 20 21 22 23 25 26 31
23 1 2 3 4 6 8 9 11 12 13 14 15 17 18 21 22 23 25 27 28 30 31 35
21 33 2 34 4 5 6 3 11 12 13 15 17 18 20 24 25 27 28 29 30 31
23 2 3 4 7 9 11 12 13 16 17 18 20 21 22 24 25 27 28 31 32 33 34 35
16 32 33 34 3 2 1 8 12 15 16 18 19 20 25 27 28
23 1 4 5 6 7 8 9 11 12 13 16 17 18 19 20 21 22 23 24 25 27 28 30
21 1 34 4 5 7 10 13 14 16 17 18 19 20 21 24 25 26 27 28 29 31
24 2 3 5 6 8 9 11 15 16 17 18 20 21 23 24 25 26 28 29 30 31 33 34 35
25 1 2 3 4 5 7 9 10 12 17 18 20 21 22 24 25 26 27 28 29 31 32 33 34 35
22 1 2 4 5 6 8 10 11 13 14 15 16 20 22 23 25 27 28 30 32 33 34
24 1 2 3 4 7 9 10 11 12 14 16 17 18 19 20 21 22 23 26 28 29 31 32 33
24 1 4 6 7 9 10 11 14 16 19 20 21 22 24 25 26 27 28 30 31 32 33 34 35
20 33 34 3 1 4 8 10 18 19 21 22 23 24 25 26 27 28 29 30 31
21 1 33 3 2 4 6 34 8 35 15 16 17 19 21 22 24 25 26 29 30 31
21 32 1 2 35 6 7 9 10 11 13 14 15 17 18 19 20 26 28 29 30 31
23 1 2 4 6 7 9 10 12 13 15 17 18 19 20 21 24 25 27 28 31 33 34 35
19 32 1 35 4 5 6 10 11 12 14 17 19 21 23 24 26 28 30 31
19 32 1 34 33 5 6 7 8 11 13 14 16 17 20 23 24 25 26 29
19 32 1 4 7 10 11 12 13 15 16 17 19 22 24 25 28 29 30 31
22 1 2 3 4 5 9 10 11 13 17 19 20 21 23 24 25 26 30 31 33 34 35
19 32 1 34 3 35 5 8 9 12 14 16 20 23 24 26 27 28 29 30
24 1 2 3 4 5 7 9 10 12 13 14 15 19 21 22 23 24 25 26 27 31 32 33 34
21 32 1 2 3 35 4 6 33 7 9 11 13 16 19 20 23 25 26 27 28 31
20 33 2 35 4 5 6 7 9 14 16 17 19 20 23 24 25 28 29 30 31
28 3 5 6 7 10 11 13 15 16 17 18 19 20 21 22 23 24 25 26 27 28 29 30 31 32 33 34 35
17 2 3 4 35 6 8 9 13 14 15 17 18 21 23 24 27 29
19 32 1 34 3 6 7 8 9 10 14 18 20 21 22 23 24 29 30 31
19 32 33 34 2 4 35 5 10 12 15 17 18 19 22 23 24 26 28 31
20 34 35 4 2 6 7 11 12 13 14 15 17 18 19 20 21 24 27 28 29
22 1 6 7 10 11 12 13 14 15 17 20 21 22 23 24 25 27 28 29 30 31 34
25 1 2 3 4 8 9 10 11 12 15 16 17 19 21 22 23 24 26 27 28 30 31 32 33 34
16 1 34 3 35 2 6 9 14 15 17 18 19 22 26 29 30
24 1 2 3 4 5 7 10 12 13 15 18 19 20 21 22 23 24 26 27 28 29 31 33 34
24 1 2 3 6 8 9 10 12 13 15 16 18 19 21 22 23 25 26 27 30 31 33 34 35
17 32 1 34 2 5 8 9 10 12 14 16 20 22 23 24 26 30
22 1 3 7 8 10 11 13 15 17 20 22 23 24 25 27 28 29 30 31 32 33 35
21 1 34 3 4 5 6 8 9 15 16 17 18 19 22 25 26 27 28 29 30 31
20 32 1 2 3 35 4 6 8 9 16 19 20 21 22 23 24 26 27 28 30
23 3 4 5 6 7 10 11 12 13 14 15 16 17 18 19 21 22 23 25 26 28 33 34
20 1 2 3 4 33 5 7 6 9 10 11 12 13 19 23 24 25 27 28 29
23 2 4 5 6 7 8 9 10 11 12 13 14 18 19 20 21 24 25 26 27 29 33 35
19 32 1 34 5 11 12 14 16 17 19 21 22 25 26 27 28 29 30 31
20 33 2 35 1 5 3 8 9 10 12 13 14 18 19 20 24 25 27 28 29
18 32 33 34 3 4 6 7 8 10 16 20 22 23 24 25 28 29 31
26 1 2 3 4 5 6 7 9 11 12 13 14 16 19 20 21 22 24 25 26 27 29 30 32 33 35
20 32 33 1 2 4 5 7 8 9 12 15 19 20 22 25 26 27 28 30 31
17 32 33 2 3 34 4 6 10 12 13 14 17 18 21 24 27 30
24 1 2 4 5 6 7 9 11 12 15 16 17 18 20 22 24 25 26 27 30 31 33 34 35
18 33 34 2 5 8 12 13 15 16 17 20 21 22 23 24 25 27 28
19 1 34 33 4 35 6 7 9 11 12 13 15 16 18 19 22 28 29 30
18 33 2 3 4 35 1 8 9 10 15 16 18 21 22 25 26 28 29
19 4 6 7 8 9 11 12 13 15 17 18 20 21 22 24 25 28 30 31
24 2 3 4 8 9 10 11 12 13 14 15 16 17 19 20 22 24 26 27 28 30 31 34 35
22 1 2 3 5 6 9 10 12 13 18 19 20 21 23 24 27 28 29 30 32 33 35
25 2 3 4 6 7 9 10 12 13 14 15 16 17 18 24 25 26 27 28 30 31 32 33 34 35
19 5 7 8 9 10 11 12 14 15 16 19 20 21 22 23 24 25 26 29
22 1 2 4 5 7 9 11 12 13 14 16 17 19 20 23 24 27 30 31 32 34 35
28 1 3 4 5 6 7 8 9 10 11 12 13 14 15 16 17 19 20 21 22 23 25 26 27 28 32 33 34
21 32 33 2 34 35 7 8 9 10 11 12 13 14 17 20 21 22 24 25 26 30
25 1 2 3 6 8 10 11 12 13 14 16 17 19 21 23 24 25 26 28 29 30 31 32 33 35
24 1 2 3 4 6 8 10 11 12 13 15 18 20 21 22 23 24 25 26 27 29 33 34 35
17 33 34 2 4 6 7 9 11 12 13 17 22 23 26 27 28 29
23 1 2 4 6 7 8 10 11 12 13 14 16 17 19 21 22 23 24 25 27 30 32 34
20 32 1 34 5 6 11 12 13 14 15 16 17 19 21 23 25 27 28 29 31
23 1 2 3 5 6 7 8 9 10 13 14 15 16 17 20 22 23 24 25 27 30 31 34
25 4 7 8 9 11 12 14 15 16 17 18 19 20 21 22 23 24 25 26 28 29 30 31 34 35
20 1 2 35 3 6 7 8 10 13 14 15 17 18 19 22 23 24 25 26 27
20 32 1 34 2 33 5 4 9 10 13 15 17 19 20 22 23 26 27 28 31
26 1 3 4 6 7 8 9 11 12 14 16 17 18 20 21 22 23 26 27 28 29 30 32 33 34 35
18 2 34 4 5 6 7 8 9 10 11 12 13 20 21 26 27 29 31
23 1 2 6 7 8 10 11 12 13 15 16 18 19 20 21 24 26 27 28 29 30 31 35
21 32 2 3 5 6 7 8 9 13 15 16 17 20 21 22 24 25 26 27 29 30
15 1 6 7 9 10 11 13 16 17 20 22 23 28 29 31
24 2 5 6 9 10 11 12 14 15 16 17 18 19 22 25 27 28 29 30 31 32 33 34 35
18 32 33 34 35 5 8 9 10 11 13 18 19 20 21 22 27 30 31
19 33 2 35 4 34 6 9 10 11 12 14 15 16 19 23 26 27 30 31
21 34 35 3 5 6 4 9 10 11 12 15 16 18 19 21 22 23 24 25 26 29
27 1 3 4 5 6 8 9 10 12 13 14 15 16 17 18 20 21 22 23 24 25 26 29 30 31 33 34
24 2 3 4 6 7 8 9 10 11 12 13 15 16 18 20 21 22 27 28 29 30 31 32 35
26 1 2 3 4 5 6 7 8 9 10 13 14 15 17 18 20 22 24 25 27 28 29 30 31 32 35
22 2 3 4 5 6 7 8 9 11 13 14 17 19 22 26 28 29 30 31 32 33 35
19 32 33 3 35 4 6 9 12 14 15 18 20 21 22 24 27 28 29 31
24 1 4 5 6 7 8 9 10 11 12 14 15 17 18 21 23 24 25 26 28 29 30 31 32
20 32 33 2 3 4 7 9 13 14 16 17 18 19 22 23 26 27 29 30 31
22 1 2 4 5 6 7 8 9 10 12 13 14 16 18 20 21 22 23 26 29 33 34
19 32 1 34 2 4 3 6 33 9 10 11 12 13 14 18 21 28 29 30
26 1 2 3 5 6 7 8 9 10 13 17 18 20 21 22 23 24 26 27 28 29 30 31 32 33 34
16 32 33 34 3 4 5 6 2 8 16 17 19 20 23 24 26
24 1 2 3 4 6 7 11 12 13 14 15 16 17 19 20 21 22 23 24 25 27 28 31 32
22 1 2 4 6 9 11 12 13 15 16 17 18 19 22 24 26 29 30 31 32 34 35
21 2 34 3 5 6 7 9 10 11 14 18 20 22 23 24 25 26 27 29 30 31
26 1 2 3 4 5 7 9 10 11 12 14 15 17 18 19 20 22 23 24 25 26 27 29 30 31 33
21 32 33 2 35 4 7 9 11 13 14 15 17 18 19 21 25 26 28 29 30 31
21 32 33 34 35 3 5 7 8 13 14 16 17 18 19 20 22 23 24 25 30 31
21 33 2 3 5 8 9 11 12 13 16 17 19 20 22 23 24 25 26 27 28 29
23 1 3 4 5 7 8 9 10 11 12 14 15 16 18 20 22 24 25 26 28 29 32 34
19 32 1 2 3 4 35 5 33 15 16 17 18 20 22 24 26 27 28 30
27 1 2 3 5 6 7 8 9 10 12 13 15 16 17 18 19 21 22 24 25 26 27 28 29 31 32 33
18 32 2 34 8 9 11 14 15 17 18 19 21 23 24 27 29 30 31
23 1 2 4 6 8 10 12 13 14 16 17 18 19 20 21 22 24 26 27 29 32 33 35
23 1 3 4 5 9 11 12 13 14 15 16 18 21 22 23 25 26 27 28 29 31 32 34
25 1 3 4 5 7 8 9 10 11 13 14 15 16 17 20 21 22 26 27 28 29 30 31 32 35
24 1 2 4 5 8 10 11 12 13 14 15 16 17 19 20 22 23 24 25 26 27 29 33 34
23 1 3 6 9 10 11 12 13 14 16 17 18 19 20 22 23 24 25 26 27 28 31 32
21 33 34 3 4 6 8 10 13 14 15 16 19 21 22 23 24 25 28 29 30 31
27 1 2 4 7 8 9 10 11 12 13 14 15 16 17 19 20 21 22 23 24 25 27 28 30 31 32 34
20 32 33 2 35 4 6 8 10 12 13 16 18 19 22 23 26 27 28 29 31
20 32 2 3 4 5 6 7 12 13 15 16 18 20 22 23 24 25 26 28 29
21 1 33 3 5 7 9 10 11 12 13 14 18 19 21 22 23 25 26 28 29 31
26 1 2 3 4 5 7 8 12 13 14 15 17 18 19 20 21 22 24 27 28 29 30 31 33 34 35
24 2 3 6 7 9 10 11 12 14 17 20 21 22 23 24 26 27 28 29 30 31 32 33 34
19 32 33 2 3 4 35 6 8 9 10 11 12 17 20 25 26 29 30 31
19 1 34 3 4 2 6 7 8 9 13 14 15 17 18 19 23 24 27 30
21 1 33 6 7 8 10 12 13 14 16 17 18 19 20 22 23 26 27 28 29 30
19 32 33 1 34 6 7 9 15 16 17 20 21 24 25 26 27 28 29 30
21 32 1 34 35 2 3 7 9 11 12 13 15 18 19 20 21 22 26 28 29 30
20 1 34 2 8 10 11 14 15 16 17 18 20 21 22 23 25 26 27 28 31
17 32 1 2 3 4 35 6 7 11 12 13 14 19 20 21 25 26
26 1 2 3 4 5 6 7 9 13 14 15 17 19 20 21 22 24 25 26 27 28 30 31 32 33 35
20 32 1 34 2 33 5 8 9 10 12 14 16 17 19 20 21 22 24 27 31
25 3 4 5 6 7 9 12 13 14 15 16 17 18 19 20 23 24 26 27 28 29 30 32 33 34
15 32 1 2 3 5 8 9 10 14 16 18 19 22 23 26
24 2 6 7 8 9 12 13 14 15 16 17 18 19 20 21 23 25 27 28 29 30 31 32 33
17 32 2 3 35 6 11 12 13 14 15 18 19 21 23 26 29 31
22 1 3 4 5 6 8 10 12 15 16 17 18 21 22 25 29 30 31 32 33 34 35
20 32 1 34 33 4 5 6 7 9 10 14 17 18 20 21 23 28 29 30 31
24 1 3 4 7 8 10 11 12 14 16 17 19 20 21 22 24 26 27 28 29 30 31 32 33
17 32 1 34 7 9 10 11 12 14 16 18 19 21 26 27 29 31
22 1 2 3 6 8 11 16 17 18 19 20 22 23 24 25 26 27 28 30 31 32 35
20 32 1 34 3 35 5 6 4 8 33 11 13 15 17 19 20 23 24 28 31
22 1 3 4 5 6 7 12 14 15 16 17 18 19 20 27 28 29 30 32 33 34 35
23 1 2 3 4 6 8 9 10 11 13 14 15 16 19 20 21 22 25 27 29 31 32 35
24 1 2 3 5 6 7 8 9 13 14 16 17 19 21 22 25 27 29 30 31 32 33 34 35
19 32 1 2 3 33 5 6 9 10 13 14 15 17 21 23 24 28 30 31
23 1 3 4 7 8 11 12 15 18 20 21 22 23 24 25 26 27 30 31 32 33 34 35
19 34 2 4 3 6 5 35 9 10 11 12 13 17 20 21 24 25 26 30
29 1 3 4 5 6 7 8 9 10 13 14 16 17 18 19 20 21 22 23 24 25 26 27 28 29 30 31 32 34
18 2 35 5 6 9 10 11 12 13 16 17 19 20 21 22 24 25 31
20 1 2 4 5 6 7 8 9 11 13 14 15 17 20 21 23 24 25 29 30
22 1 2 5 8 10 12 13 16 17 18 19 22 23 25 27 28 29 31 32 33 34 35
16 33 34 3 5 10 11 12 13 14 21 23 24 25 28 30 31
22 1 2 3 4 5 8 10 11 12 13 14 19 22 25 26 27 28 29 30 32 34 35
24 2 3 6 7 8 9 10 13 14 15 17 18 20 21 22 23 24 27 28 29 30 32 33 34
17 32 1 2 35 5 7 8 10 15 16 17 19 20 24 28 30 31
23 1 4 6 8 9 10 11 12 13 14 15 22 23 24 25 26 27 28 30 31 32 34 35
22 1 2 4 5 6 7 8 9 12 13 15 16 20 21 22 24 26 27 28 30 31 32
23 1 2 3 6 7 8 9 10 12 13 19 20 21 22 23 24 26 27 28 30 31 32 33
21 32 34 35 4 5 6 7 8 9 11 13 15 17 18 20 21 22 24 25 26 28
17 33 34 35 1 8 13 14 17 18 19 20 21 22 23 26 27 28
25 2 5 7 8 10 11 12 14 15 16 17 18 19 21 22 24 25 26 27 29 30 31 32 33 35
19 32 1 34 3 35 4 7 12 13 14 15 17 18 22 25 27 28 30 31
19 1 34 3 2 6 8 11 12 13 15 17 18 19 22 23 24 27 30 31
21 1 34 2 35 4 6 8 10 12 15 16 18 19 20 21 22 23 26 27 28 30
24 2 3 4 5 8 11 12 13 14 15 16 17 19 21 22 23 24 25 27 28 30 33 34 35
17 1 34 4 5 6 7 9 13 16 18 21 23 24 25 27 30 31
20 33 1 35 4 5 7 9 10 12 13 14 15 18 19 20 22 23 24 27 29
19 33 2 1 5 6 7 10 12 13 15 16 17 18 22 23 24 25 30 31
20 33 34 3 4 5 6 8 9 12 15 16 18 21 23 25 26 27 28 29 31
22 3 5 6 7 11 13 14 16 17 19 20 21 25 26 28 29 30 31 32 33 34 35
22 1 2 3 5 6 8 9 11 12 16 17 18 24 25 26 27 28 29 31 32 33 34
20 5 6 7 9 10 12 13 16 17 18 19 20 21 23 24 25 27 28 29 30
21 32 33 34 3 2 35 1 7 11 12 14 16 17 20 22 23 24 25 28 29 31
22 1 2 4 7 8 10 11 12 13 14 17 21 23 24 25 26 27 28 29 30 32 35
25 1 2 3 5 6 7 8 9 10 11 14 15 16 17 18 19 24 25 26 27 28 30 31 32 33
20 2 3 4 5 6 7 12 13 15 16 17 19 20 21 22 23 24 25 27 30
25 1 3 4 5 6 7 8 9 10 11 12 14 15 16 17 18 20 21 24 25 26 28 29 32 34
19 1 2 4 6 8 10 11 13 14 15 19 21 23 25 27 28 29 30 31
25 1 2 5 6 7 8 9 10 11 12 13 14 17 19 20 23 24 25 27 28 29 32 33 34 35
18 33 34 1 4 5 2 8 12 13 14 17 22 23 24 27 28 29 30
24 1 2 4 7 8 11 12 13 14 15 16 17 18 19 22 23 24 26 27 30 31 32 33 34
20 32 33 2 3 35 5 6 10 17 18 19 20 21 22 23 27 28 29 30 31
20 34 2 35 5 4 7 8 6 16 17 18 19 20 22 23 24 26 28 29 31
17 4 6 7 8 9 11 12 13 15 17 21 22 23 25 26 29 31
27 1 2 4 5 6 7 8 10 11 12 13 14 15 16 17 18 19 21 22 23 24 26 28 29 31 32 35
19 1 34 35 4 3 12 13 15 16 17 20 21 22 24 26 27 28 29 30
19 32 2 3 34 5 6 8 11 14 15 17 19 20 21 24 25 26 29 31
22 1 3 4 5 6 7 12 13 14 16 17 19 21 22 23 26 27 28 29 30 32 33
21 33 35 8 9 10 12 13 14 16 17 18 20 21 22 25 26 27 28 29 30 31
23 1 3 4 9 10 11 13 15 16 19 21 22 23 24 25 26 27 28 29 30 31 33 34
22 1 3 5 6 7 9 10 11 12 15 16 17 19 20 22 25 28 29 31 32 33 34
19 32 1 2 3 34 7 8 9 10 13 15 16 18 19 23 26 28 30 31
20 32 1 34 33 4 5 3 6 8 9 12 15 20 22 23 24 26 27 28 30
21 1 3 4 35 6 7 5 11 13 14 15 16 19 20 23 24 25 26 28 29 31
24 1 2 3 4 5 6 7 8 9 10 11 12 14 16 17 18 19 21 24 26 29 30 31 32
23 1 2 3 4 6 7 10 12 13 14 15 18 20 22 23 24 25 29 30 31 33 34 35
20 32 33 3 4 6 8 9 10 13 14 18 19 21 22 23 24 26 27 28 29
23 1 2 3 4 5 7 8 10 12 14 16 17 18 21 22 23 24 25 28 30 32 33 35
18 33 35 4 5 8 9 10 11 13 17 18 19 20 21 25 29 30 31
23 1 4 5 6 7 8 9 12 13 14 15 17 18 20 21 22 23 24 26 28 29 33 34
23 1 2 3 4 5 6 8 9 10 12 14 15 20 21 23 25 26 28 30 31 32 33 34
19 32 1 34 3 2 4 33 6 8 12 13 14 15 24 25 26 27 30 31
19 33 34 5 6 7 8 10 11 13 15 17 19 21 22 23 25 28 30 31
29 1 2 3 4 5 6 7 9 10 12 13 14 15 16 17 18 19 20 22 23 24 25 26 27 29 30 31 33 35
18 32 2 5 7 8 9 12 13 14 16 17 19 21 23 24 28 29 30
18 32 33 34 3 4 1 6 7 8 11 12 14 17 19 20 23 25 30
20 32 33 2 5 6 7 9 11 13 15 16 17 18 19 21 22 23 25 27 28
23 2 3 4 5 8 10 11 12 13 14 15 17 18 20 25 26 28 29 30 31 32 33 34
22 4 5 6 7 9 11 12 13 16 19 22 23 24 26 27 29 30 31 32 33 34 35
22 1 2 3 4 7 8 9 10 11 13 16 17 18 19 20 21 23 25 29 31 34 35
18 32 34 3 35 5 6 7 8 11 13 18 19 20 22 23 24 27 29
21 33 2 3 4 34 5 6 7 9 1 11 12 16 18 22 23 26 27 28 29 30
19 32 34 2 4 35 6 7 9 10 12 13 15 17 21 22 23 26 30 31
22 1 2 3 9 10 11 13 14 15 17 19 20 21 22 24 25 27 30 32 33 34 35
21 32 33 34 35 4 1 6 7 3 9 12 15 16 17 19 22 23 27 29 30 31
20 32 1 2 33 35 6 7 8 9 11 13 14 15 19 22 25 26 29 30 31
24 1 3 4 5 7 8 9 10 11 14 15 16 17 18 19 21 22 23 24 30 31 33 34 35
21 1 34 33 5 7 8 9 10 12 14 15 17 18 19 20 22 24 25 26 27 30
22 2 4 5 6 11 12 13 16 17 18 19 20 21 22 24 25 30 31 32 33 34 35
21 32 1 2 35 4 3 7 9 12 13 14 15 20 21 22 24 25 26 28 29 30
21 32 1 3 4 35 6 8 10 11 12 14 15 17 20 21 22 24 25 28 29 30
25 2 4 5 6 8 9 10 11 14 16 17 20 21 22 23 24 26 27 28 29 31 32 33 34 35
23 2 3 4 6 7 8 9 14 15 17 19 20 21 22 23 24 25 26 28 29 30 33 34
23 1 3 6 8 11 12 13 14 15 16 17 18 19 20 23 24 25 28 29 30 32 34 35
25 1 3 4 5 8 9 12 13 14 15 16 17 18 19 20 22 24 25 27 29 30 31 33 34 35
24 1 2 3 4 6 8 9 10 11 12 16 18 19 20 22 23 24 25 26 27 30 31 32 35
24 1 2 3 4 5 6 8 9 11 12 13 14 15 18 19 22 23 26 27 29 30 31 32 35
15 32 34 2 35 8 12 15 17 18 20 22 23 24 26 28
18 32 33 2 3 4 35 6 1 9 12 13 14 15 16 22 23 24 26
23 1 2 6 7 8 9 13 14 15 16 18 19 20 21 22 25 26 28 30 32 33 34 35
17 32 1 34 6 10 12 13 17 18 19 22 24 27 28 29 30 31
21 34 35 4 3 6 7 8 5 11 12 13 15 18 19 20 22 23 24 26 27 29
21 32 1 2 34 3 33 5 8 9 10 11 13 14 17 19 20 24 25 28 29 31
22 1 2 3 5 6 7 9 11 14 17 20 22 23 24 26 27 28 30 31 32 34 35
18 32 33 1 3 4 6 7 8 10 11 15 17 18 21 22 23 24 27
20 32 34 2 4 5 6 8 9 10 12 14 15 17 20 21 23 24 25 28 29
20 32 1 2 35 4 33 6 8 10 14 15 16 17 20 22 24 27 28 29 30
22 1 3 4 5 6 7 8 9 10 13 14 17 18 20 21 24 27 29 30 31 32 34
22 1 2 4 5 6 7 8 9 10 13 14 16 19 20 21 22 23 27 28 31 33 34
24 1 2 3 4 5 6 7 8 9 13 14 16 17 18 19 20 22 25 26 29 30 31 32 35
28 1 2 3 4 5 6 7 8 9 12 13 14 15 16 17 18 19 20 21 22 24 26 27 28 29 30 31 34
20 2 3 4 34 6 7 9 10 12 14 15 19 20 21 22 25 27 29 30 31
20 33 34 3 35 4 5 7 8 9 13 17 18 19 20 22 24 25 27 30 31
22 1 4 6 7 8 9 11 12 13 16 18 19 20 21 23 27 28 29 31 32 33 35
16 33 34 1 4 5 7 12 13 15 16 18 21 25 26 27 31
20 32 2 34 4 35 10 11 14 15 17 18 19 20 22 24 25 27 28 29 31
21 33 2 3 4 6 7 10 13 14 16 17 19 20 22 23 24 26 27 28 29 30
23 2 3 4 8 9 10 11 12 13 14 15 17 18 19 21 22 24 26 28 29 31 33 35
22 1 2 5 6 7 8 9 10 11 13 15 17 18 21 23 25 26 28 29 30 33 35
22 2 4 8 9 10 11 12 13 14 17 18 20 21 23 24 25 26 27 28 30 31 32
23 4 5 6 8 10 12 13 14 15 16 18 19 20 21 25 26 27 28 29 30 33 34 35
24 2 4 7 8 9 10 12 13 16 17 18 19 20 21 22 24 25 26 27 28 30 31 32 35
22 4 5 6 7 8 11 12 13 14 15 17 18 19 20 21 22 23 26 27 31 32 33
21 32 33 1 3 6 8 9 11 12 13 15 16 17 19 20 21 22 23 25 26 30
23 2 3 4 5 6 8 9 10 12 13 16 17 19 20 21 22 23 24 25 31 32 33 34
19 32 1 34 33 3 5 6 7 8 9 14 15 17 18 20 21 24 25 31
26 1 2 3 4 5 7 8 9 10 11 13 14 16 17 18 19 20 21 22 23 25 29 30 31 32 34
24 1 3 4 7 8 9 11 12 13 16 17 20 22 23 24 25 27 28 29 30 31 32 33 34
18 1 35 3 7 8 9 10 13 15 16 20 22 25 26 27 28 29 31
22 1 3 5 7 9 10 14 15 16 17 18 19 24 25 27 28 29 30 31 32 33 34
20 32 1 2 3 4 5 6 9 10 12 13 14 15 16 20 21 24 28 29 31
21 32 1 34 35 33 5 6 7 8 9 11 13 15 16 17 20 22 24 26 29 31
23 1 4 6 7 8 9 10 13 14 16 18 19 20 23 24 25 26 27 29 30 31 33 34
23 1 3 5 6 7 11 12 13 14 15 16 17 18 19 25 28 29 30 31 32 33 34 35
19 34 4 6 9 10 11 12 14 15 16 17 19 20 22 26 27 28 30 31
25 3 4 5 6 7 8 12 13 17 18 19 20 21 22 23 25 26 27 28 29 31 32 33 34 35
22 1 3 4 6 7 8 9 11 12 14 15 16 18 20 23 25 27 30 31 32 33 35
22 1 2 5 9 10 12 13 15 16 17 18 19 20 21 22 23 25 27 28 30 32 35
19 32 1 2 3 4 33 6 7 8 9 10 13 15 17 21 22 24 25 27
24 1 2 4 5 6 8 12 13 15 16 17 19 21 23 24 25 26 27 28 30 31 32 33 35
25 1 3 4 5 7 11 13 14 16 17 18 19 20 21 22 23 27 28 29 30 31 32 33 34 35
24 1 3 5 6 7 11 12 14 16 17 19 20 21 22 23 24 26 27 29 30 31 32 33 35
20 34 3 4 5 6 11 12 13 18 19 20 21 22 23 24 25 27 28 29 30
17 33 1 35 3 6 7 11 12 13 14 16 17 19 21 24 26 29
26 1 3 4 6 7 8 10 11 12 14 15 17 18 19 20 21 24 25 26 28 29 30 31 33 34 35
19 32 33 34 2 35 5 7 8 15 18 19 20 21 23 25 27 28 30 31
21 32 34 35 4 5 6 2 8 9 10 11 15 18 23 24 25 26 27 28 29 31
20 32 1 2 35 33 5 4 7 10 12 13 15 16 21 22 24 26 27 28 31
28 1 2 5 6 7 9 10 12 13 14 15 16 17 18 20 21 22 23 24 26 28 29 30 31 32 33 34 35
18 32 33 34 3 35 1 9 11 12 15 16 18 20 23 25 28 29 30
17 1 2 3 4 5 6 7 9 10 11 12 14 18 19 22 29 31
16 32 1 34 5 7 11 15 16 17 22 23 25 26 27 29 31
15 32 33 2 3 7 9 13 14 15 20 26 27 29 30 31
20 32 1 34 3 7 8 9 11 12 16 17 18 19 20 21 23 26 28 30 31
17 32 33 2 3 35 6 8 10 12 13 14 17 20 21 27 28 31
20 32 33 34 35 4 7 8 9 10 11 12 14 15 17 20 22 23 24 25 30
21 1 2 3 4 7 8 9 11 12 13 14 16 17 19 22 23 24 25 27 28 30
23 2 3 5 6 7 8 9 10 11 12 16 19 21 23 24 25 26 27 28 29 30 31 33
25 1 2 3 7 9 10 11 12 13 14 16 17 18 19 22 23 24 25 26 27 29 30 31 32 35
15 32 1 34 4 5 7 8 9 10 11 18 19 20 25 31
22 1 2 4 6 10 15 16 18 19 20 21 22 23 24 25 28 29 30 31 32 33 35
18 1 2 35 5 6 7 8 9 12 14 15 19 22 23 24 25 26 31
25 1 4 5 6 7 8 9 10 11 12 13 14 16 17 19 20 21 24 25 28 29 31 32 34 35
19 32 33 2 3 4 35 5 7 8 9 11 13 14 17 18 21 25 26 30
20 1 33 35 34 4 5 6 8 9 10 13 14 15 17 21 22 24 25 26 29
20 32 33 34 35 5 9 10 11 13 14 15 16 19 21 22 24 25 26 28 30
26 1 3 4 5 6 7 8 9 10 12 14 15 16 17 19 21 22 23 24 28 30 31 32 33 34 35
21 32 2 34 35 5 7 8 9 10 11 16 17 18 19 20 22 23 24 28 29 30
23 1 2 3 5 6 10 11 12 13 15 16 17 18 20 21 22 26 29 30 32 33 34 35
20 32 33 34 35 3 2 7 8 9 10 11 13 15 20 23 25 26 27 28 29
20 32 1 34 3 4 33 6 35 8 9 14 19 20 21 23 26 28 29 30 31
21 32 1 2 34 35 5 9 10 11 12 15 16 17 19 20 22 26 27 28 29 30
23 1 2 5 6 7 8 9 10 11 13 16 17 18 20 21 22 25 26 27 28 30 32 33
22 3 5 9 10 11 12 15 16 17 18 19 20 22 23 25 26 27 28 29 30 34 35
22 3 6 9 11 12 13 14 15 16 17 18 19 20 21 22 23 26 27 30 31 32 33
25 1 3 4 6 7 8 9 11 12 14 15 17 18 20 21 22 23 25 27 28 29 30 31 34 35
21 32 3 5 6 7 8 10 11 13 14 15 18 19 20 21 24 27 28 29 30 31
18 1 34 35 4 3 33 7 10 11 13 14 19 20 22 24 26 30 31
22 1 3 4 6 11 12 13 14 15 16 17 18 19 20 21 25 26 27 28 29 33 34
25 1 2 3 5 7 12 13 15 16 17 19 21 22 24 25 26 27 28 29 30 31 32 33 34 35
25 2 4 5 6 8 9 10 11 13 14 15 16 17 18 19 20 21 23 25 26 27 28 30 31 33
20 32 34 2 4 5 6 35 8 10 12 13 15 16 19 20 21 22 24 28 29
15 32 5 6 7 8 9 10 18 19 21 24 25 26 27 28
18 32 1 33 4 5 8 10 11 12 14 16 17 18 20 23 26 27 31
23 1 3 4 5 8 10 11 12 13 14 15 16 19 21 22 23 24 26 29 32 33 34 35
23 5 7 8 10 11 12 14 15 16 18 19 20 21 22 23 24 26 27 28 31 32 34 35
23 2 3 5 6 9 10 11 12 14 15 17 18 20 22 23 24 26 28 30 32 33 34 35
21 32 33 34 35 1 7 8 12 14 16 17 18 20 22 23 24 26 27 29 30 31
17 33 2 3 4 5 7 8 18 20 22 23 25 26 28 29 30 31
20 1 2 34 4 5 33 7 3 9 11 14 19 21 22 23 24 26 27 28 29
24 1 2 3 4 5 6 8 11 12 13 14 15 16 18 21 23 24 25 26 27 28 29 32 33
17 32 4 8 12 14 16 18 20 21 22 23 24 25 28 29 30 31
25 4 5 6 7 11 12 13 14 15 16 17 19 20 23 24 25 26 27 28 30 31 32 33 34 35
23 2 3 5 7 8 9 10 11 12 13 14 16 18 19 20 21 22 24 26 27 31 34 35
21 32 33 34 3 35 7 8 10 11 12 13 15 16 19 20 21 23 24 26 28 31
20 1 2 35 34 6 7 8 10 12 13 15 16 17 18 19 22 24 25 30 31
20 32 33 4 5 7 8 9 10 13 14 15 20 22 23 24 26 27 29 30 31
23 2 3 4 5 7 9 10 13 14 16 17 18 20 21 22 23 24 28 29 30 31 32 35
18 33 35 6 7 8 9 12 13 17 18 19 20 22 23 27 28 29 31
20 1 2 3 4 6 8 9 11 12 13 14 16 19 20 22 24 26 28 29 30
23 1 2 3 4 5 6 9 12 13 14 16 17 18 19 20 22 26 28 30 31 32 34 35
19 33 34 35 4 2 6 7 8 9 11 12 15 17 18 19 22 24 26 27
23 1 4 5 7 8 9 10 12 13 15 16 20 21 24 25 26 27 28 29 30 31 32 34
26 2 3 4 5 6 8 10 12 13 14 16 17 18 20 21 23 24 25 26 27 28 29 32 33 34 35
18 1 33 2 4 5 6 7 11 12 15 16 17 18 20 23 24 27 31
25 1 2 3 4 5 6 8 12 15 17 18 20 21 22 23 24 25 26 28 29 30 31 33 34 35
19 1 2 3 34 6 7 8 9 10 11 14 16 18 19 20 24 26 27 31
20 32 1 33 3 4 2 6 9 13 14 16 17 19 20 21 24 25 27 30 31
21 32 1 2 34 4 5 33 9 10 12 14 17 19 20 21 22 23 25 27 28 30
26 1 2 6 7 8 9 10 11 13 14 15 17 18 19 20 22 25 26 27 28 30 31 32 33 34 35
27 1 2 3 4 5 6 7 8 9 12 13 14 15 16 17 18 20 21 24 25 26 27 28 29 31 33 35
18 1 33 7 8 10 11 12 14 15 17 19 20 23 24 25 26 28 31
25 2 5 7 8 9 11 12 13 14 16 19 20 22 23 24 25 27 28 29 30 31 32 33 34 35
26 1 5 6 8 9 11 12 13 14 15 16 17 18 19 20 21 23 24 25 28 29 30 31 33 34 35
20 32 2 34 4 6 7 8 11 12 13 15 18 19 21 22 25 27 28 30 31
25 1 2 3 6 7 8 10 11 12 13 14 15 16 17 18 19 20 22 24 27 29 31 32 33 35
28 2 3 4 5 7 8 10 11 12 13 14 15 17 18 19 21 22 23 24 25 26 27 29 30 32 33 34 35
22 1 2 3 4 5 6 9 11 12 15 16 19 20 21 25 26 27 28 29 30 33 34
19 32 33 34 35 1 5 8 11 13 14 15 16 19 21 23 24 28 30 31
24 1 2 3 5 7 8 9 11 12 15 16 17 18 19 21 22 23 24 25 28 31 32 33 35
20 33 34 3 2 5 6 35 8 9 10 11 12 13 14 1 18 21 23 26 28
20 32 1 2 33 3 8 9 10 12 14 15 17 19 20 23 24 26 29 30 31
25 2 4 6 8 10 11 12 16 17 18 19 20 21 22 23 24 25 27 28 29 30 31 33 34 35
23 1 2 3 4 5 6 7 9 10 12 17 18 19 20 21 22 23 25 28 30 31 32 33
21 33 2 1 4 35 6 7 9 11 12 16 18 19 20 22 23 24 27 28 29 30
20 1 33 3 34 5 6 8 10 11 12 13 14 15 16 18 19 21 22 27 28
27 1 2 3 6 7 8 9 12 13 14 15 17 18 19 20 21 22 23 24 26 27 28 29 31 32 33 35
17 1 33 35 6 7 8 14 15 16 19 20 22 23 25 28 30 31
19 32 33 1 4 5 9 11 14 16 17 18 19 20 21 27 28 29 30 31
18 32 35 4 7 8 13 14 15 16 17 19 23 24 27 28 29 30 31
21 32 1 2 5 6 10 11 12 13 14 15 16 18 19 20 21 22 23 26 27 28
18 1 2 34 4 5 6 9 10 11 15 16 17 19 20 23 24 27 28
21 32 34 35 4 5 6 7 8 9 12 13 14 15 16 17 18 19 21 22 26 30
25 2 3 4 5 6 7 8 9 10 11 13 14 16 17 18 19 23 25 26 27 28 29 31 32 33
24 2 3 6 7 8 9 10 11 12 13 14 16 17 18 20 21 22 23 24 29 31 32 34 35
21 1 2 35 33 5 8 9 10 12 13 14 16 18 19 20 23 24 25 26 28 30
26 1 3 6 8 9 10 11 13 14 15 17 18 19 20 21 22 23 24 25 26 27 29 30 33 34 35
24 1 3 5 6 8 9 12 13 14 16 18 19 20 21 22 23 25 27 28 30 32 33 34 35
18 1 34 3 4 35 6 10 11 12 13 17 20 22 24 25 29 30 31
25 1 2 3 5 6 8 9 11 12 13 14 15 16 18 20 25 26 27 28 29 30 31 32 33 35
21 32 33 2 34 3 5 6 7 8 4 11 12 15 16 18 19 22 24 26 27 29
23 3 5 6 8 10 11 12 13 14 15 17 19 21 22 23 24 29 30 31 32 33 34 35
23 2 3 4 5 6 7 9 10 12 13 15 16 17 20 22 26 27 28 29 30 31 33 34
22 1 2 4 6 7 8 10 12 13 14 15 16 19 20 21 22 24 25 26 27 29 32
26 1 3 4 5 6 7 8 9 10 11 12 15 16 18 19 20 21 22 24 26 27 29 32 33 34 35
23 1 2 3 4 5 6 9 10 13 16 17 19 20 21 22 24 25 26 29 31 32 33 34
19 32 33 3 4 5 6 7 9 11 12 13 16 20 23 24 26 27 30 31
22 4 5 6 7 8 9 10 11 12 13 15 16 18 19 23 24 25 29 30 32 34 35
21 32 33 35 4 6 7 9 11 12 14 15 16 17 18 20 21 23 26 28 29 30
21 32 1 35 4 6 7 10 11 12 13 15 16 17 19 23 24 25 26 29 30 31
25 1 2 3 4 5 6 8 9 10 11 12 13 15 16 17 19 20 23 24 25 26 30 32 33 34
22 1 2 3 5 7 8 10 11 12 13 16 19 20 21 22 26 28 29 30 31 32 35
19 32 34 2 35 7 9 11 12 14 15 16 17 18 19 22 25 27 28 31
20 32 1 2 3 35 5 8 9 11 13 14 16 17 18 21 23 25 28 29 30
20 33 2 35 3 4 6 9 10 11 12 14 15 16 19 20 24 25 26 27 31
22 1 2 5 7 8 11 12 15 16 17 18 19 21 22 24 25 26 27 29 30 31 32
23 2 4 5 6 8 9 10 11 12 13 15 16 17 22 23 24 26 28 29 30 31 33 34
24 1 2 3 4 5 7 8 9 10 12 13 16 18 20 21 22 24 25 26 27 28 29 30 32
21 32 1 34 3 4 5 6 2 9 10 11 12 13 14 16 17 22 23 25 29 31
17 33 2 3 4 1 5 8 12 14 15 16 19 21 24 25 30 31
25 1 7 9 10 11 12 13 14 15 16 17 18 20 23 24 25 26 27 28 29 30 32 33 34 35
22 2 3 4 5 8 10 11 13 16 17 18 19 20 21 22 25 26 28 29 30 32 34
25 1 3 4 5 6 7 10 12 13 15 16 17 18 19 20 21 24 26 27 28 30 31 32 33 35
25 1 2 3 4 5 6 8 11 13 14 15 18 19 20 21 22 26 27 28 29 30 31 32 34 35
22 1 2 3 5 7 8 9 10 11 13 15 19 20 21 25 28 30 31 32 33 34 35
19 32 34 2 3 6 10 11 13 14 15 16 19 20 21 22 25 26 28 29
18 32 1 33 3 4 5 6 35 8 13 14 15 17 19 20 28 30 31
17 32 33 1 35 3 4 6 9 12 13 14 15 20 24 26 29 31
18 32 1 34 35 2 33 5 9 11 16 17 18 20 22 24 26 28 31
23 1 2 3 4 5 7 9 10 14 15 17 18 20 21 23 25 27 28 29 30 33 34 35
25 1 3 5 6 7 9 10 11 13 16 18 20 22 24 25 26 27 28 29 30 31 32 33 34 35
19 2 4 5 6 7 8 9 10 14 15 17 19 20 21 22 27 28 30 31
25 1 2 3 5 6 8 10 11 12 13 14 15 16 19 20 22 24 25 26 27 28 29 30 31 34
19 32 1 2 34 11 12 14 15 16 17 19 20 21 22 23 25 26 29 30
21 2 4 5 7 8 9 12 13 14 16 17 18 19 21 22 23 25 27 29 30 31
27 1 2 3 4 6 7 8 9 10 11 12 16 17 18 19 20 23 25 26 27 29 30 31 32 33 34 35
15 32 2 35 5 8 9 10 13 14 15 18 24 26 28 31
21 32 1 2 35 4 33 6 5 11 13 14 15 18 19 20 22 24 25 27 28 31
23 1 5 7 9 10 11 12 15 16 17 18 20 21 23 24 25 28 29 30 31 33 34 35
20 33 2 3 4 5 35 7 34 9 10 11 14 16 17 18 21 22 24 29 30
22 1 2 3 5 8 9 11 12 13 15 16 17 18 19 21 22 23 24 28 29 32 33
21 32 33 3 4 6 7 9 11 13 14 16 17 18 20 21 22 24 25 28 29 31
23 2 4 7 12 13 15 16 18 19 20 22 23 24 25 26 27 29 30 31 32 33 34 35
28 1 2 3 4 5 7 8 9 10 11 12 13 14 16 17 18 19 22 23 24 25 27 28 29 31 32 33 35
22 1 2 4 7 9 10 11 12 14 17 18 21 22 23 25 26 27 30 31 32 33 34
24 2 4 5 6 7 8 10 11 14 15 17 18 19 21 22 24 26 27 28 30 31 32 33 35
20 1 34 35 4 5 7 9 10 12 13 14 17 22 23 24 25 26 29 30 31
27 1 2 3 4 5 6 9 10 11 12 13 15 16 17 18 20 21 22 24 25 26 27 28 29 30 33 35
22 1 2 4 6 8 9 12 13 15 16 17 18 20 21 22 24 25 26 27 28 31 32
26 1 2 4 5 7 9 10 11 12 13 14 15 16 17 18 20 21 22 23 24 25 27 30 32 33 34
19 32 33 1 35 34 4 7 8 12 15 16 17 19 20 21 23 24 25 30
19 32 33 34 2 5 6 7 8 10 13 15 20 21 24 25 27 28 29 31
22 1 2 3 4 5 7 8 11 13 14 15 17 18 19 21 24 25 26 27 29 33 34
21 32 1 3 4 8 10 11 12 13 16 17 19 20 21 23 24 25 26 27 28 30
22 4 5 7 9 10 12 13 15 17 20 23 24 25 26 27 28 29 30 31 33 34 35
27 2 4 5 6 7 8 9 10 11 12 13 14 15 17 19 20 21 22 24 26 28 29 30 31 32 33 34
15 1 35 5 6 8 10 11 13 17 21 23 24 25 28 29
22 1 2 3 5 6 7 8 10 11 12 13 14 15 16 19 23 24 27 28 29 31 34
20 1 2 3 6 7 8 9 10 12 14 15 16 17 21 25 26 28 29 30 31
25 2 4 5 6 7 9 10 12 13 14 15 16 17 18 19 20 21 23 24 25 29 30 31 33 35
20 1 2 35 3 5 6 4 8 10 11 13 15 19 22 23 26 27 28 29 31
20 33 2 34 35 5 7 8 11 12 13 14 17 18 20 22 26 27 28 29 30
19 32 2 3 35 4 5 7 8 9 11 20 21 22 25 26 27 28 29 30
25 1 2 5 7 9 10 11 12 13 14 15 16 17 18 19 20 22 23 24 25 26 28 29 32 35
24 2 3 5 9 10 11 13 14 17 18 19 20 21 22 23 25 26 28 29 31 32 33 34 35
21 1 2 35 34 7 12 13 14 15 16 17 19 20 22 23 24 25 27 29 30 31
26 1 2 3 4 5 6 8 9 10 13 14 15 16 17 18 20 22 24 25 26 28 29 30 31 33 35
19 32 33 2 1 5 10 11 12 13 14 15 17 20 21 22 24 25 26 31
19 1 34 35 4 33 3 11 12 14 15 17 18 20 21 22 24 27 28 31
23 2 4 6 7 8 9 10 11 12 13 16 17 21 22 24 25 27 29 30 31 32 33 34
23 1 2 3 4 6 7 8 9 10 12 13 15 17 18 20 21 23 25 26 31 32 34 35
25 1 2 5 6 7 9 10 11 12 14 15 17 18 20 22 23 25 26 27 28 29 30 32 33 34
21 32 2 34 4 5 6 8 9 12 13 14 15 17 18 19 20 23 24 26 30 31
27 2 3 5 6 8 9 10 11 12 13 15 16 17 18 19 20 23 24 25 26 27 29 30 31 32 33 34
17 34 35 2 6 7 8 10 14 15 21 22 24 27 28 29 30 31
24 2 4 5 7 8 9 11 12 13 15 16 17 18 19 20 21 24 25 26 28 30 31 32 33
24 1 2 3 4 5 6 7 8 10 11 12 13 17 19 20 22 24 25 26 28 31 32 33 35
18 32 33 1 5 11 13 14 17 18 19 20 21 22 25 26 29 30 31
18 32 1 34 35 4 12 13 14 15 16 18 20 21 22 23 24 26 31
19 32 33 34 1 35 5 10 14 16 17 18 19 20 22 23 24 25 27 30
15 32 33 34 3 35 5 6 1 8 9 10 2 22 26 31
17 32 34 3 6 8 9 10 12 13 15 18 19 20 24 25 26 30
20 33 34 5 7 8 13 14 15 16 17 18 19 22 23 25 27 28 29 30 31
23 1 4 5 7 8 9 11 12 15 16 18 19 20 22 23 24 25 26 27 28 30 34 35
17 32 1 34 3 4 33 6 7 8 9 18 20 21 23 24 26 30
21 32 33 35 5 6 7 9 11 12 14 15 16 19 20 21 22 23 25 27 28 29
19 1 2 34 4 5 35 7 3 6 11 15 16 17 18 20 22 23 27 31
19 34 2 3 5 8 11 12 13 15 17 18 20 22 23 24 25 29 30 31
23 2 4 6 9 10 12 13 14 16 18 19 21 22 23 25 26 27 28 29 30 31 32 34
18 32 1 34 33 4 5 9 10 11 13 15 19 20 23 28 29 30 31
18 32 1 34 3 35 6 8 11 15 16 20 21 23 25 26 27 29 31
19 1 35 3 5 6 7 9 11 14 16 17 19 21 22 25 26 27 29 30
20 33 2 3 1 5 6 8 9 11 12 13 14 17 20 21 23 25 27 30 31
24 2 3 4 7 9 10 11 13 16 17 18 19 21 23 24 25 26 28 29 31 32 33 34 35
25 3 4 6 7 8 9 11 12 14 15 16 17 18 19 21 22 23 25 26 29 30 32 33 34 35
27 1 2 4 5 7 8 9 11 12 14 15 16 17 19 21 22 23 25 26 28 29 30 31 32 33 34 35
20 1 35 6 7 10 11 12 13 14 15 16 17 20 23 24 25 28 29 30 31
18 32 34 3 9 10 13 14 15 18 19 21 23 24 26 28 29 30 31
26 1 4 5 6 7 9 10 11 12 14 15 16 18 19 21 22 24 25 27 28 29 30 31 32 34 35
22 1 3 4 5 7 8 9 10 11 12 13 19 20 21 22 23 25 27 29 31 32 34
21 32 1 33 34 4 5 6 2 35 12 13 17 18 19 20 21 23 24 25 29 30
14 1 2 4 5 9 12 13 15 18 21 22 24 25 30
22 1 2 3 4 5 9 10 11 12 16 18 19 20 24 25 26 29 30 31 32 34 35
24 1 2 5 7 8 9 11 12 13 15 16 18 20 23 24 25 26 27 29 30 32 33 34 35
20 32 1 3 4 5 6 7 8 10 11 12 14 18 19 20 24 25 28 29 31
19 1 2 3 35 6 7 8 9 11 12 13 14 15 16 20 28 29 30 31
19 32 1 2 34 4 5 7 8 11 13 15 17 18 20 22 23 27 28 30
24 3 4 5 6 7 8 9 10 11 12 13 14 15 17 19 21 25 26 27 28 29 31 32 34
23 1 2 3 4 5 7 8 9 12 16 17 20 21 22 23 26 27 28 29 30 31 32 34
21 33 2 34 35 5 6 7 8 9 11 15 16 20 21 22 23 24 27 28 30 31
17 32 34 35 4 5 3 7 8 10 12 14 16 17 18 24 25 27
24 1 3 4 5 6 8 9 11 12 13 14 15 16 17 19 20 21 22 23 27 28 29 33 34
22 1 2 4 5 6 10 11 12 13 17 19 20 21 22 23 26 27 28 29 32 34 35
23 1 4 10 11 12 13 14 15 16 17 18 19 20 22 24 25 27 29 30 31 32 33 34
22 4 6 7 9 10 11 13 15 16 18 19 20 21 23 24 25 26 27 29 30 31 35
24 1 2 4 5 6 7 8 9 11 13 14 15 17 19 20 21 26 27 29 30 31 32 33 34
19 1 2 34 5 6 9 11 12 15 16 17 19 20 22 24 25 28 29 30
28 1 3 4 6 7 8 9 10 11 13 14 16 17 18 19 20 21 22 23 24 25 26 27 29 30 31 32 33
18 1 34 35 4 5 2 7 10 12 14 17 20 21 25 26 27 29 30
23 2 3 4 5 6 8 10 11 12 14 15 17 18 19 21 22 24 28 29 30 31 32 35
22 1 2 4 5 8 11 13 17 18 19 21 22 23 24 25 26 27 29 32 33 34 35
25 1 2 4 5 6 7 8 9 10 11 12 15 16 18 19 20 22 23 25 27 29 32 33 34 35
19 1 35 4 5 7 8 9 12 13 14 18 22 23 24 25 26 27 28 31
20 32 1 3 35 5 6 9 11 13 14 16 18 19 21 22 23 24 25 27 31
23 1 2 5 6 8 9 11 12 13 15 18 21 24 25 26 27 28 29 30 31 32 33 34
27 2 4 6 8 9 10 11 12 13 14 15 18 19 21 22 24 25 26 27 28 29 30 31 32 33 34 35
20 32 33 2 3 1 5 6 7 8 9 11 12 13 15 19 20 25 27 30 31
21 1 33 3 35 4 6 7 8 13 16 17 19 20 21 22 23 24 26 27 28 30
20 32 1 2 35 3 6 7 9 14 15 17 18 20 21 22 23 24 28 29 31
24 1 3 6 7 8 9 10 12 13 15 16 18 19 21 22 23 27 28 30 31 32 33 34 35
20 33 2 34 4 5 35 9 10 11 12 13 14 15 18 21 22 24 27 29 30
23 1 2 3 5 7 10 11 12 13 14 15 18 21 22 23 24 25 27 28 29 31 34 35
19 32 33 4 6 8 10 11 12 15 16 17 18 19 21 22 23 26 27 29
22 1 2 3 4 5 7 11 14 15 16 17 18 19 20 23 26 27 28 30 31 32 33
19 1 2 3 4 5 6 7 35 8 12 15 16 17 20 21 26 28 29 31
27 1 2 3 4 5 6 7 8 9 10 11 12 14 16 18 21 22 23 25 26 27 28 30 31 33 34 35
20 34 2 3 35 6 5 8 9 10 11 12 15 17 18 19 20 22 23 24 31
25 2 3 4 5 6 7 9 10 11 12 13 14 16 19 21 22 26 27 28 29 30 31 32 33 34
20 33 2 35 3 1 6 7 5 9 11 12 16 17 18 19 20 22 25 26 27
22 1 2 3 4 5 6 8 9 10 14 15 16 18 19 20 22 23 24 25 26 30 35
32 1 2 3 4 5 6 7 8 9 10 11 12 13 15 16 17 18 19 20 21 23 24 25 26 27 28 29 30 31 32 33 34
21 1 2 35 3 5 6 4 8 9 10 13 14 17 18 19 20 22 23 24 29 30
26 1 2 4 5 6 7 8 9 11 12 13 14 16 17 18 19 21 23 24 27 28 29 32 33 34 35
20 32 1 2 3 4 5 7 8 10 11 12 13 15 16 18 20 22 27 30 31
19 33 1 35 4 5 6 2 8 10 12 17 18 19 20 24 25 27 28 29
21 1 34 4 5 6 7 8 9 10 11 12 13 15 18 20 21 23 24 25 26 30
23 2 3 4 5 6 7 8 10 11 12 13 16 17 19 20 21 22 25 26 27 28 32 33
27 1 2 3 5 6 7 9 10 11 12 14 15 16 17 18 19 20 21 22 23 24 27 30 31 33 34 35
21 2 3 35 5 6 4 8 10 11 12 13 16 17 19 23 24 25 26 28 29 30
20 32 33 34 5 7 9 10 11 13 15 16 17 19 22 24 25 27 28 30 31
21 33 1 3 2 4 6 7 10 11 13 15 16 18 20 23 25 27 28 29 30 31
19 1 33 3 35 5 4 7 8 10 13 14 21 22 23 26 27 28 29 30
18 32 5 6 8 9 11 12 13 14 15 20 21 24 25 26 27 28 29
24 1 3 5 7 8 9 10 11 14 17 18 19 20 21 22 24 25 26 27 29 30 32 33 34
20 32 33 34 3 1 6 8 9 10 12 13 15 17 18 21 22 23 24 25 30
26 3 4 5 6 7 8 9 11 12 13 14 15 18 20 21 22 24 25 26 28 29 30 31 32 33 34
25 1 2 3 4 6 7 8 11 12 13 14 16 17 18 19 20 21 22 23 24 26 30 31 33 35
21 2 35 4 5 6 9 10 11 12 13 15 16 18 19 20 21 24 26 27 28 31
18 1 35 4 5 7 8 10 11 13 16 17 18 24 25 26 27 28 31
18 1 34 2 4 3 6 7 11 13 14 15 16 17 18 20 26 27 28
24 1 2 3 4 5 6 9 10 11 12 13 14 15 16 19 20 22 24 26 28 29 30 31 32
20 32 33 34 1 3 35 7 8 11 13 15 16 17 18 19 21 24 25 26 27
18 33 2 3 1 9 10 13 15 17 18 19 20 22 23 24 25 29 31
18 33 34 3 1 5 7 9 10 13 15 16 19 21 22 26 27 30 31
23 1 2 4 5 7 8 10 11 12 14 15 17 18 19 20 22 24 27 29 30 32 33 34
20 33 34 3 5 6 7 8 11 13 14 16 17 18 20 21 22 23 29 30 31
22 4 5 8 9 10 12 13 14 15 16 17 18 19 21 24 25 26 27 31 32 33 35
20 32 33 3 5 6 9 10 11 13 16 17 19 20 22 24 25 27 28 30 31
23 1 3 4 5 8 10 12 14 15 16 17 18 19 20 21 22 23 25 28 29 31 32 35
25 1 5 8 9 10 11 12 13 14 16 17 20 21 22 23 24 25 26 27 29 30 31 33 34 35
21 32 1 34 2 4 5 7 12 13 14 15 17 18 19 21 22 25 27 28 29 31
21 1 2 34 33 5 3 7 8 9 4 11 6 14 15 17 18 24 25 26 27 29
18 33 2 34 4 35 6 8 9 11 12 14 16 18 24 25 26 28 30
24 1 3 6 7 8 9 10 14 15 16 18 21 22 23 24 25 26 27 29 30 31 32 34 35
23 3 4 7 8 9 11 12 17 18 19 20 21 22 23 24 25 26 27 28 29 31 33 35
19 33 34 35 6 7 8 10 11 12 13 15 16 17 20 21 24 25 28 29
27 1 2 3 4 5 7 9 10 11 12 14 15 16 18 19 20 24 25 26 27 28 29 30 31 32 33 34
19 33 3 6 7 8 10 11 14 15 16 17 23 24 25 26 27 28 29 31
23 1 2 5 6 7 10 13 14 15 16 19 20 21 22 23 24 26 27 28 31 33 34 35
24 1 3 4 7 10 11 12 13 14 15 16 17 19 20 22 23 25 26 27 28 29 30 31 32
20 33 2 3 4 34 8 12 13 14 15 16 20 21 22 24 26 27 29 30 31
17 32 33 3 4 5 7 11 13 14 15 16 19 21 23 25 26 28
21 32 1 34 3 4 5 35 8 10 11 13 14 15 16 17 18 19 23 26 27 29
26 1 2 3 4 7 8 9 11 12 13 15 16 17 18 19 20 21 23 25 26 27 28 29 32 33 34
19 32 1 34 2 33 5 6 10 11 13 14 15 17 19 20 23 25 27 31
20 32 33 34 35 1 5 6 8 9 11 13 15 16 18 19 20 21 23 26 27
18 32 2 35 6 7 8 9 10 12 13 14 15 16 18 21 23 27 31
18 32 34 5 6 7 8 10 14 15 18 20 21 22 25 26 27 29 30
19 33 34 35 2 3 6 1 9 10 12 13 14 23 24 25 26 28 30 31
25 1 3 4 5 7 8 9 10 11 12 13 14 16 17 18 20 21 22 23 25 30 31 32 33 35
21 32 1 33 3 34 6 7 8 10 11 12 14 18 21 22 23 24 25 26 28 29
17 33 2 1 4 35 7 9 12 14 16 18 23 24 25 26 27 30
21 34 35 4 2 3 7 8 9 11 13 15 16 18 20 22 23 24 26 27 28 31
26 1 2 4 5 7 8 9 10 11 12 13 14 16 17 19 20 22 23 24 29 30 31 32 33 34 35
18 2 5 6 7 12 14 16 17 19 20 21 23 24 26 27 28 29 31
23 2 3 4 5 7 8 9 10 12 14 15 20 21 22 23 24 25 27 28 29 31 34 35
23 1 2 3 4 5 6 8 9 11 12 13 14 16 17 18 20 23 24 26 28 29 32 35
21 1 34 35 4 2 3 7 33 12 13 14 15 16 18 19 20 21 24 25 27 31
21 1 34 35 5 7 9 10 11 12 13 14 15 16 18 19 21 26 27 28 29 30
23 3 4 5 6 7 8 10 11 12 14 15 17 18 21 22 24 26 27 28 29 30 31 32
16 35 6 8 9 11 12 18 19 21 22 25 26 27 28 30 31
26 1 3 4 5 6 7 9 10 11 12 13 14 15 16 17 18 19 20 24 26 28 30 31 32 33 35
26 1 2 3 4 7 8 10 11 13 14 15 16 17 18 19 20 21 22 24 26 27 28 29 31 34 35
24 1 2 3 4 6 7 8 9 10 11 12 13 14 15 16 20 22 25 26 28 29 31 32 35
24 1 4 5 6 7 9 11 12 13 14 15 16 17 19 20 23 25 27 28 31 32 33 34 35
18 2 3 5 6 9 11 12 14 17 18 23 24 25 27 28 29 30 31
22 1 2 3 5 8 11 12 15 17 18 19 20 22 23 26 27 29 30 31 33 34 35
25 2 3 5 6 7 9 11 12 13 14 15 16 17 18 19 20 21 22 23 24 25 28 29 31 35
20 32 1 35 4 3 7 8 10 11 12 14 15 16 21 22 25 27 28 29 30
19 32 33 1 35 5 6 7 8 9 10 11 12 15 16 19 21 26 28 29
21 33 2 3 4 5 6 35 8 10 11 16 17 18 20 21 22 23 24 26 28 30
14 32 33 34 6 11 12 15 16 19 20 22 25 27 30
23 1 2 3 6 8 9 10 11 17 18 20 21 23 24 25 26 27 28 29 30 32 34 35
20 33 2 3 4 35 5 7 10 11 12 14 16 18 22 23 25 26 27 29 30
23 6 7 8 9 10 11 12 14 15 18 19 21 22 24 25 26 27 28 30 31 33 34 35
29 3 4 5 6 7 8 10 11 13 14 15 16 17 18 19 21 22 23 24 25 26 27 28 29 30 32 33 34 35
17 32 1 34 2 5 6 7 8 9 11 13 17 18 22 23 26 30
20 32 1 2 35 33 5 6 7 8 3 11 14 17 18 21 22 23 24 26 29
21 32 1 33 34 4 2 6 9 12 13 14 16 17 18 19 21 23 24 27 29 31
19 32 2 35 6 8 9 10 12 16 18 19 20 21 23 24 25 27 28 29
27 1 2 3 5 6 8 9 10 12 13 14 17 19 20 21 22 23 24 25 26 27 28 29 31 32 34 35
23 1 2 3 4 5 6 10 11 12 14 18 19 20 21 22 27 28 29 30 31 33 34 35
25 1 3 4 5 7 8 11 12 13 14 15 16 17 18 19 20 21 23 26 27 28 30 31 33 34
24 1 2 3 4 5 6 9 12 14 17 18 19 20 22 23 24 25 26 27 28 29 33 34 35
28 1 2 3 4 5 6 7 9 12 13 14 15 16 17 18 19 20 21 22 23 24 26 27 28 30 31 32 33
25 1 2 4 6 7 8 9 10 12 13 15 16 18 19 21 22 23 25 27 28 29 30 31 33 35
20 32 1 2 35 33 5 6 7 13 15 18 19 20 21 22 23 25 27 29 31
23 5 7 8 9 10 11 13 14 15 17 18 19 20 21 22 24 25 26 27 28 30 31 33
24 2 3 4 7 8 10 12 14 15 17 19 21 22 23 24 25 27 29 30 31 32 33 34 35
19 32 33 2 35 4 5 6 7 10 11 13 15 17 19 22 24 27 28 29
28 1 2 5 6 7 8 9 10 12 13 14 15 16 17 18 20 21 22 23 24 25 28 30 31 32 33 34 35
19 2 35 3 5 6 7 8 4 12 13 14 16 17 18 21 23 28 29 30
27 1 2 4 7 8 9 11 12 13 14 15 16 17 18 20 21 22 23 24 25 26 27 28 29 30 31 32
24 2 4 6 8 10 11 13 14 15 16 17 19 21 22 23 24 26 27 28 29 30 32 33 34
18 33 3 6 7 11 12 14 17 18 20 22 23 24 26 27 28 29 30
19 32 1 33 3 4 35 6 7 9 10 11 17 18 19 21 22 25 26 29
18 32 33 2 4 6 7 9 10 14 15 16 17 18 19 20 22 27 28
23 1 2 3 4 5 6 7 8 10 11 12 13 16 17 18 19 22 24 29 32 33 34 35
17 1 2 3 34 5 6 35 13 14 20 21 23 24 26 27 29 31
20 33 2 3 4 1 6 9 10 11 12 13 15 16 17 20 21 23 24 25 26
23 2 4 6 7 8 11 12 13 14 15 16 17 18 20 22 23 26 27 30 31 32 33 34
17 1 5 7 11 12 14 15 18 19 21 23 24 25 26 27 29 30
23 1 3 5 6 7 8 9 12 16 17 18 20 23 24 25 27 28 29 30 31 32 33 35
21 32 1 2 3 5 6 7 8 9 11 13 14 16 17 19 23 24 25 29 30 31
21 32 1 2 35 4 33 7 8 10 11 13 15 16 17 19 22 24 25 26 28 29
22 1 5 6 7 11 12 13 14 16 17 18 20 21 22 25 26 27 29 32 33 34 35
24 1 3 4 5 6 8 9 10 11 15 16 17 19 22 23 24 26 27 28 29 30 32 34 35
26 2 5 7 9 10 12 13 14 15 16 17 19 20 21 22 23 24 25 26 29 30 31 32 33 34 35
24 1 2 5 6 7 8 9 11 12 14 15 16 17 20 21 23 25 26 27 29 30 31 33 35
20 33 1 3 35 5 6 9 10 11 14 15 16 17 18 20 22 23 25 28 30
25 2 3 4 5 6 7 9 10 11 12 13 15 17 18 19 21 25 27 28 29 30 32 33 34 35
22 3 4 6 7 8 10 13 14 15 16 17 18 19 23 25 27 28 30 31 32 33 34
18 32 33 34 2 4 3 5 11 14 15 18 19 21 25 27 28 30 31
26 1 2 3 4 6 7 8 9 11 12 13 15 16 18 19 20 22 23 24 26 27 29 30 31 34 35
16 32 1 34 6 7 10 13 14 15 18 20 23 24 25 27 30
21 32 33 34 35 6 8 9 10 12 16 18 19 20 21 22 23 24 27 28 29 30
24 1 2 4 5 6 7 9 10 14 15 17 19 20 21 22 24 25 27 29 30 31 32 33 35
22 1 2 4 5 6 8 10 12 14 15 17 18 19 21 22 23 25 26 29 30 31 33
21 32 33 3 4 35 5 7 8 9 11 13 14 16 17 18 20 21 22 24 25 31
25 1 2 3 4 7 8 9 10 11 15 16 17 19 20 21 22 23 25 26 28 29 30 32 34 35
20 32 33 35 3 5 8 10 11 13 16 17 19 20 21 23 24 25 26 30 31
21 1 33 35 4 6 7 8 9 10 11 12 16 18 19 21 22 23 27 28 29 31
21 32 1 34 35 2 5 6 7 8 4 10 13 14 15 19 21 24 26 27 28 30
24 1 3 4 6 7 8 9 10 11 12 17 18 20 21 22 23 25 26 28 29 31 33 34 35
22 1 2 4 5 6 8 9 10 12 13 15 16 19 22 24 26 27 28 29 30 32 35
23 1 3 4 5 7 8 9 11 12 13 14 15 19 20 23 24 25 27 28 29 31 32 33
14 32 33 1 7 9 10 11 14 15 18 20 25 26 31
15 2 5 6 7 8 9 12 16 19 22 24 26 27 28 30
25 2 3 4 5 6 7 8 9 10 11 12 14 15 16 18 21 23 24 26 27 28 31 33 34 35
25 1 3 4 5 6 7 9 10 11 12 13 14 15 16 19 20 21 23 26 27 28 29 30 31 35
20 32 33 34 2 6 8 9 10 12 14 17 18 19 20 24 26 28 29 30 31
22 2 3 4 8 9 10 13 15 17 20 21 22 23 24 25 27 29 31 32 33 34 35
17 34 3 4 5 7 11 13 15 18 19 20 22 24 26 27 28 31
25 1 2 4 5 6 7 8 9 12 13 15 16 18 22 24 25 26 27 28 29 31 32 33 34 35
21 32 1 2 35 34 5 6 8 9 12 13 15 17 21 22 23 24 26 28 29 31
23 1 4 5 6 8 9 13 14 18 19 21 22 23 24 26 27 29 30 31 32 33 34 35
22 2 3 4 6 8 10 11 12 13 16 17 19 21 22 27 28 29 30 32 33 34 35
22 2 3 6 7 9 10 12 14 15 16 19 20 21 22 23 24 26 28 30 32 34 35
22 1 2 5 11 12 14 15 16 17 18 19 20 21 22 23 24 26 27 32 33 34 35
22 1 4 5 7 9 14 15 16 17 18 19 21 22 23 24 28 29 30 31 32 33 34
20 32 1 34 35 3 5 6 4 8 2 13 15 17 19 20 21 24 26 28 29
22 1 4 5 6 9 10 11 12 13 15 16 18 20 21 22 23 25 26 28 29 31 33
19 34 3 4 5 35 8 9 11 12 13 18 19 20 22 25 26 27 29 30
17 32 2 3 4 5 7 8 9 11 12 13 18 22 24 25 29 30
22 1 3 5 7 8 10 11 12 13 15 16 17 18 19 20 24 25 26 28 32 33 35
21 32 33 34 3 35 5 7 8 11 12 13 14 15 17 18 20 21 22 28 30 31
19 32 33 2 3 35 4 34 7 8 13 14 15 16 18 23 25 27 30 31
22 1 3 5 6 7 8 10 11 13 14 15 16 17 21 22 23 25 27 31 33 34 35
30 2 3 5 6 7 8 9 10 11 12 13 15 16 17 18 20 21 22 23 24 25 26 28 29 30 31 32 33 34 35
23 1 4 5 6 7 10 13 15 16 19 21 22 23 24 25 27 29 30 31 32 33 34 35
21 32 1 33 35 3 4 6 5 9 10 11 12 13 19 21 23 24 25 26 27 31
22 2 3 4 5 6 8 11 15 16 17 18 19 20 21 22 23 24 27 28 30 32 34
23 2 4 5 6 7 9 12 14 15 17 18 19 20 21 22 24 26 27 29 30 31 33 34
22 2 4 5 6 7 8 10 12 13 16 20 21 22 23 24 25 26 27 30 32 33 35
22 1 4 6 7 8 9 10 12 14 15 16 17 18 20 21 22 24 28 30 32 34 35
23 2 3 4 5 6 8 9 10 11 13 15 16 19 20 21 27 28 29 30 31 33 34 35
20 33 2 35 3 6 8 9 10 11 12 16 18 19 20 21 23 24 25 29 30
24 1 2 3 4 6 8 9 10 11 12 15 16 18 19 21 23 24 25 26 27 29 31 33 35
19 32 33 34 35 2 4 6 8 9 14 17 18 19 22 24 26 27 28 29
17 2 3 4 6 7 8 9 10 11 13 14 15 18 21 28 30 31
18 32 35 4 5 6 7 8 9 10 12 15 16 19 20 24 25 29 31
22 1 2 3 5 6 7 8 9 11 12 16 18 19 21 22 25 28 29 32 33 34 35
17 1 33 3 4 5 7 9 11 12 18 22 23 24 25 26 29 31
20 32 33 3 35 5 4 7 8 9 10 11 12 17 18 19 22 23 25 26 31
22 1 2 3 7 9 12 14 15 16 18 20 21 22 23 25 26 29 30 31 33 34 35
25 1 2 3 6 8 9 10 11 12 13 14 15 16 18 20 21 23 25 27 29 30 31 32 33 34
17 33 34 35 4 5 6 2 12 15 16 18 19 21 22 23 27 31
22 1 4 5 6 7 8 10 11 13 14 15 18 19 20 23 24 26 27 28 29 34 35
23 1 4 5 6 7 9 10 12 13 14 17 18 19 21 23 24 25 26 28 29 30 31 32
19 1 33 4 7 8 12 14 15 18 19 20 22 23 24 25 26 27 30 31
21 32 34 4 6 8 9 10 11 12 13 14 16 17 18 19 21 23 24 29 30 31
19 32 33 34 3 35 4 7 8 9 12 18 19 20 23 24 27 28 29 30
24 1 2 3 4 6 10 13 14 15 16 18 19 20 21 23 24 25 26 27 28 30 31 32 33
20 1 2 3 4 33 6 10 12 13 14 18 19 20 21 26 27 28 29 30 31
20 32 1 2 35 3 6 7 8 9 10 11 12 14 16 19 21 23 24 25 27
22 1 2 4 7 9 11 13 14 15 16 17 18 21 22 24 25 26 30 31 32 33 35
19 2 35 3 7 8 9 11 12 14 18 20 21 22 23 24 25 27 29 30
26 1 2 3 4 5 7 8 10 11 13 14 15 18 19 21 23 24 25 26 27 29 30 31 33 34 35
16 32 33 2 1 3 6 7 11 12 15 16 18 19 24 26 31
21 33 34 2 4 5 6 35 8 9 10 11 12 13 14 20 23 26 27 29 30 31
20 32 1 34 35 4 7 9 10 12 13 14 18 21 22 23 24 26 27 29 30
22 2 3 6 7 8 11 13 14 16 17 18 20 21 22 23 26 27 28 29 31 32 34
20 34 3 4 35 5 7 8 9 10 11 12 14 15 21 24 27 28 29 30 31
28 1 2 3 4 5 8 9 10 13 14 15 16 17 18 19 20 21 22 24 25 26 28 29 30 31 32 34 35
23 1 4 5 7 8 9 11 12 15 17 18 19 21 22 23 24 25 26 27 28 30 34 35
30 1 2 3 4 5 6 7 8 9 10 11 12 13 14 15 17 18 19 20 21 22 23 24 25 26 29 30 33 34 35
19 34 4 5 6 7 8 9 10 11 12 15 17 18 19 23 25 26 30 31
19 32 2 3 4 7 8 9 10 13 14 16 20 22 23 24 25 28 29 31
21 32 1 33 35 4 34 6 7 11 12 13 14 16 17 18 20 21 22 25 28 31
17 33 1 35 4 5 8 15 16 17 20 22 23 24 25 26 28 30
22 1 6 7 8 9 10 11 15 16 19 20 21 22 23 24 25 27 28 30 31 34 35
25 1 2 4 7 8 11 12 14 15 16 18 19 20 23 24 25 26 27 28 29 30 31 33 34 35
23 1 2 3 4 6 7 9 10 14 16 17 20 21 22 24 25 27 28 29 30 31 32 35
21 32 1 33 3 4 5 6 2 8 9 10 12 15 17 19 21 22 24 27 28 29
23 1 2 3 5 7 8 9 10 11 13 14 15 16 18 19 21 25 26 27 28 29 32 35
21 32 1 34 2 4 7 8 10 12 14 15 19 22 23 24 25 26 27 28 29 30
20 2 35 34 6 7 9 10 11 13 14 15 17 18 20 23 24 27 28 29 30
23 2 3 5 6 8 9 10 11 12 13 15 16 20 21 22 23 24 28 29 32 33 34 35
22 2 3 4 6 7 8 9 11 14 16 17 18 20 21 22 24 25 30 31 32 33 34
24 1 2 6 7 8 9 10 12 15 17 18 21 22 23 25 26 27 28 30 31 32 33 34 35
21 32 1 34 3 4 35 5 7 8 9 11 12 14 16 17 20 22 23 25 27 31
21 32 33 34 35 4 3 1 2 8 9 10 11 13 14 16 17 22 26 29 30 31
20 32 33 2 3 6 7 8 9 10 12 13 14 17 18 19 20 21 24 27 29
20 1 34 3 35 4 6 8 9 10 11 12 15 16 17 21 22 23 24 25 26
25 2 3 4 5 6 7 8 10 11 13 16 17 19 21 22 23 24 25 27 28 29 30 31 34 35
24 1 3 4 5 6 7 8 11 14 15 16 18 21 23 24 26 27 29 30 31 32 33 34 35
24 1 3 4 5 6 7 8 10 11 12 15 19 20 21 22 24 25 27 28 31 32 33 34 35
19 32 34 35 3 4 2 7 10 11 13 16 18 20 21 22 24 26 28 29
21 32 1 33 3 4 5 6 7 2 10 11 12 18 19 20 21 23 26 27 30 31
23 2 5 7 8 9 12 13 14 15 16 17 18 19 20 21 23 24 26 29 30 32 33 34
21 32 2 35 3 5 7 8 12 13 14 15 17 19 20 21 22 24 25 27 28 30
23 1 2 4 8 9 11 12 13 14 15 16 18 20 21 24 25 26 27 28 29 30 33 35
22 1 3 4 5 7 9 10 13 14 15 16 17 18 23 24 25 26 28 30 33 34 35
24 2 4 5 6 8 13 14 15 16 17 18 20 21 23 24 25 26 27 28 29 30 32 34 35
23 1 3 4 5 6 8 11 12 14 15 16 17 20 21 23 24 25 26 29 31 32 33 35
18 1 2 35 4 5 7 11 14 15 17 18 19 20 21 23 25 26 29
22 1 2 3 4 6 8 10 12 13 16 17 18 19 22 24 25 27 28 29 30 32 33
23 1 2 3 6 7 8 11 12 13 14 15 16 17 18 20 21 22 24 25 28 29 32 34
17 32 33 2 35 6 9 12 13 14 15 18 21 22 24 25 28 31
19 32 3 4 6 7 8 9 11 12 14 15 16 17 20 21 23 24 25 27
23 1 2 3 5 6 9 11 12 14 15 16 18 19 20 22 23 24 26 27 31 32 34 35
21 32 33 1 35 2 5 6 7 8 9 10 11 12 16 18 19 21 24 28 29 30
22 2 3 5 7 9 12 13 15 16 17 18 20 21 23 24 25 26 27 30 31 32 33
21 32 1 35 6 8 12 13 14 16 18 19 20 22 24 25 26 27 28 29 30 31
22 4 5 6 8 11 15 16 17 20 21 22 23 24 25 26 27 28 30 31 32 34 35
26 2 3 5 7 9 10 11 12 14 15 16 17 18 19 20 21 22 25 27 28 29 30 31 33 34 35
22 1 2 4 5 7 10 11 13 15 16 17 18 19 22 23 24 25 26 28 29 31 34
23 1 2 3 7 8 9 10 11 12 13 14 15 18 19 22 24 25 27 28 29 32 33 34
21 32 1 2 3 4 8 12 14 16 17 18 19 20 21 23 25 27 28 29 30 31
24 1 2 4 5 6 7 8 9 13 14 15 16 18 20 21 22 24 26 27 30 31 33 34 35
21 32 1 2 3 35 5 7 8 9 11 12 15 16 17 18 22 24 25 26 28 30
23 1 2 4 5 9 10 12 13 16 19 20 22 23 24 25 26 28 29 30 31 32 34 35
20 1 34 33 6 9 10 11 12 13 14 16 17 18 19 21 23 24 26 28 30
23 1 3 4 5 7 8 9 10 11 13 14 15 16 18 19 21 23 25 26 27 29 34 35
19 32 2 35 3 4 34 7 5 9 12 14 16 20 22 23 24 26 29 31
29 1 2 3 4 6 8 9 10 12 13 14 15 16 17 18 19 20 21 22 23 24 25 28 30 31 32 33 34 35
23 1 2 3 5 8 9 10 11 12 15 16 17 19 20 21 25 28 29 30 31 32 33 35
22 2 3 4 6 7 9 12 14 16 17 18 19 21 22 24 25 26 27 28 29 33 34
24 1 3 4 6 7 8 9 11 13 16 17 21 22 23 26 27 28 29 30 31 32 33 34 35
23 2 4 5 7 8 11 12 13 14 15 16 17 18 19 21 22 23 24 26 27 30 32 33
22 1 3 4 7 8 9 12 13 14 15 20 22 23 25 26 27 28 30 32 33 34 35
20 33 35 5 6 7 9 10 14 15 16 17 18 20 21 25 26 27 28 30 31
18 34 35 3 7 8 11 12 13 14 15 16 17 18 19 25 26 28 29
19 32 34 3 4 7 8 9 10 11 14 15 18 19 23 24 25 26 29 30
21 1 2 3 4 5 6 7 10 11 13 16 17 19 21 22 23 24 25 26 27 28
22 2 3 4 5 7 8 10 11 15 16 17 18 20 21 22 24 26 28 29 30 32 34
24 2 3 4 6 8 9 10 12 13 14 16 17 18 19 20 21 22 23 24 26 28 29 32 34
26 1 2 3 5 6 7 8 9 10 11 12 13 15 16 20 21 22 23 24 26 28 29 30 33 34 35
24 2 3 4 5 7 8 9 10 11 12 15 18 19 21 23 24 27 28 30 31 32 33 34 35
17 32 35 8 9 10 13 14 17 19 20 22 23 24 27 29 30 31
23 3 4 5 6 7 8 9 12 13 14 15 17 18 19 21 25 26 27 28 29 30 33 35
19 33 2 34 3 1 9 12 13 15 16 17 18 22 23 24 26 29 30 31
23 1 4 5 6 7 8 9 12 14 16 17 18 22 24 25 27 29 30 31 32 33 34 35
21 1 2 33 3 5 8 9 11 14 17 18 19 21 22 23 25 27 28 29 30 31
22 1 2 3 8 9 10 11 12 13 14 17 18 19 21 23 27 29 30 31 32 33 35
22 1 5 7 8 9 10 11 12 13 14 15 17 18 20 22 23 24 25 26 30 32 35
23 1 2 3 5 6 7 8 11 13 14 15 17 18 20 21 22 23 24 26 28 30 32 34
23 2 4 5 6 7 9 10 11 12 13 14 15 17 18 19 20 21 24 25 26 27 33 34
18 1 34 2 4 5 6 11 12 14 15 17 18 24 25 27 28 30 31
25 1 2 3 4 7 8 9 12 15 16 17 18 19 20 22 26 27 28 29 30 31 32 33 34 35
25 1 2 3 4 5 6 7 8 9 11 12 13 14 15 16 17 19 20 21 22 23 24 26 29 31
18 1 2 5 6 8 9 11 14 16 17 18 23 24 25 26 27 30 31
24 1 7 9 10 12 13 14 15 16 17 18 19 20 23 24 26 27 28 29 30 31 32 34 35
24 1 2 4 5 6 7 8 11 12 13 14 16 17 19 20 22 23 24 28 29 30 33 34 35
20 1 2 3 5 6 7 9 13 15 16 17 19 20 22 25 26 27 28 29 30
25 2 5 7 8 10 11 12 13 14 15 16 17 18 19 20 22 24 25 27 28 29 32 33 34 35
27 1 2 4 5 8 10 12 13 14 15 16 17 18 19 20 21 22 23 24 25 26 27 28 29 31 34 35
24 1 3 4 6 7 8 9 10 11 12 13 14 15 19 20 23 24 25 26 29 30 32 33 35
21 32 1 2 35 34 4 7 9 10 14 15 16 17 21 23 24 25 26 27 28 29
24 2 3 4 5 7 8 10 11 12 13 14 15 17 21 22 23 24 25 27 29 30 31 32 34
20 32 1 3 35 8 10 11 13 14 15 18 19 20 21 22 25 28 29 30 31
20 32 2 34 5 7 9 11 13 14 15 16 17 18 21 22 24 26 27 30 31
21 32 1 2 3 35 4 6 7 8 9 5 12 13 15 20 21 23 24 25 26 31
18 34 2 6 7 8 11 12 18 19 20 21 22 23 24 26 27 29 31
24 1 2 3 4 5 7 8 9 11 14 17 19 20 23 25 26 27 28 30 31 32 33 34 35
24 1 2 3 4 6 9 10 11 12 14 17 18 19 20 21 23 24 26 29 30 31 32 34 35
26 3 4 5 6 8 9 10 11 12 13 14 15 16 17 18 19 20 23 24 25 27 29 30 31 33 35
22 1 4 5 8 9 11 12 15 16 17 18 19 20 23 24 25 26 27 29 30 32 33
23 1 2 3 5 6 7 9 10 12 14 16 17 18 20 21 25 26 27 28 30 31 32 35
19 32 33 2 35 5 6 7 9 10 11 13 14 17 18 19 20 21 22 24
25 1 2 3 6 10 11 12 13 15 17 18 19 20 21 23 24 25 26 27 28 29 31 32 33 34
21 1 2 3 35 34 6 4 5 9 14 15 16 18 19 20 21 25 26 27 28 30
23 1 2 4 6 7 8 10 12 13 15 16 17 18 20 22 25 26 28 29 30 32 33 35
19 32 34 35 4 8 9 10 11 12 13 16 18 19 22 24 25 28 30 31
24 1 3 4 5 6 9 10 11 14 15 16 17 18 19 20 21 22 25 26 29 31 32 34 35
17 33 35 4 7 10 11 13 14 18 19 20 23 27 28 29 30 31
21 32 33 34 35 4 5 11 12 13 14 15 17 18 20 23 26 27 28 29 30 31
21 33 34 3 4 5 6 1 2 11 12 13 15 16 19 20 23 24 25 28 29 30
26 1 2 3 5 7 8 10 11 12 13 14 15 16 19 20 21 22 23 25 26 27 29 31 32 33 35
24 1 2 4 5 6 8 9 12 13 14 15 16 17 18 20 22 24 27 28 30 32 33 34 35
22 1 3 4 6 8 11 13 14 15 18 19 20 21 23 24 27 28 29 30 31 32 33
23 1 2 3 4 8 9 10 12 13 14 17 18 19 21 22 23 25 27 29 30 31 32 34
22 1 2 4 5 7 8 9 10 11 12 13 14 16 18 19 20 21 22 25 28 29 32
20 33 2 3 4 35 5 7 8 9 12 14 15 20 21 23 24 26 27 28 29
22 1 2 4 5 7 8 10 11 12 14 17 19 20 21 26 27 28 29 30 31 32 35
