512 479
22 129 385 10 26 293 421 171 47 187 63 193 69 73 333 336 212 216 479 365 242 115 116
19 320 129 3 291 165 264 233 107 108 396 206 175 429 397 468 155 380 221 255
19 191 121 194 357 329 460 16 208 240 306 52 87 57 313 187 348 476 318 286
17 418 162 262 391 167 43 15 241 370 433 436 405 17 248 187 158 30
29 262 264 140 404 278 414 290 296 43 304 53 310 438 57 316 446 318 456 204 336 474 93 96 227 355 230 359 231 378
7 193 452 325 135 270 274 210
14 418 130 36 139 460 205 239 465 82 276 340 218 187 252
22 260 139 268 145 153 282 418 421 43 312 63 200 470 218 477 355 228 106 110 111 370 122
14 450 135 360 361 139 112 468 84 116 248 92 413 478 286
11 417 227 327 329 74 110 398 433 404 153 26
21 2 68 292 457 11 332 237 238 79 432 17 336 115 51 405 402 241 339 219 318 351
20 288 65 224 131 389 103 392 391 12 365 206 80 81 338 51 151 122 27 476 62
20 128 321 223 225 229 102 328 424 264 13 302 47 437 440 441 345 379 125 414 415
21 64 169 138 11 267 139 235 111 400 304 370 83 49 469 470 309 436 313 442 16 414
24 260 264 270 144 406 23 409 29 35 185 314 316 330 334 335 208 84 479 226 233 364 117 376 250
17 224 317 62 164 325 71 139 428 399 303 400 53 309 374 125 414 319
21 452 7 9 74 76 77 172 79 44 113 49 146 436 149 374 242 217 379 252 188 159
18 354 195 451 454 6 298 143 369 145 403 241 339 277 23 470 217 313 346
15 227 195 197 101 137 169 14 46 368 400 404 309 216 251 191
16 449 39 136 106 13 302 111 367 210 467 146 373 21 55 92 319
21 322 98 452 197 166 6 71 327 269 366 109 174 401 434 176 374 311 314 412 220 446
24 385 395 272 404 38 441 317 452 332 464 342 89 346 347 476 228 231 239 367 241 117 118 375 123
16 290 130 293 6 109 397 399 272 205 146 404 407 24 55 124 445
9 320 67 325 168 170 397 77 273 402
23 394 396 281 282 291 164 295 301 46 302 436 184 187 193 197 453 71 456 205 335 86 355 125
19 96 131 419 229 5 36 106 44 239 464 437 470 23 472 471 59 380 60 30
20 321 132 229 4 455 166 137 395 76 206 238 335 338 340 308 440 344 250 411 476
20 258 226 389 390 5 134 10 331 172 206 303 468 149 20 279 120 372 220 413 446
19 322 229 358 102 295 423 166 168 268 44 205 179 372 149 56 249 282 250 409
24 129 2 10 269 277 409 155 285 167 431 309 54 200 204 79 464 216 475 349 352 246 380 381 383
21 227 453 296 169 297 267 44 235 73 211 309 54 214 151 182 282 411 153 374 190 478
23 132 264 267 11 14 271 18 161 42 431 304 186 193 194 323 453 331 338 214 86 472 89 230
27 131 276 404 279 154 26 294 41 299 309 444 61 450 197 454 331 461 462 211 470 214 86 351 230 112 382 383
26 387 137 140 25 281 410 284 290 164 429 431 60 449 197 457 334 82 216 91 349 101 105 233 237 116 125
10 449 36 165 391 298 428 333 336 381 222
22 384 260 391 11 395 13 16 407 283 158 168 46 442 188 68 346 230 236 372 246 247 255
18 256 34 130 228 71 362 363 396 463 400 435 308 309 278 85 152 217 249
20 449 450 131 225 6 167 296 361 265 299 429 211 470 120 473 27 348 316 382 61
18 192 228 69 6 9 361 142 303 336 465 114 436 247 56 409 250 219 316
18 160 194 5 40 297 202 424 108 364 429 140 272 440 313 474 251 123 28
14 31 129 261 391 299 110 277 469 246 25 251 156 28 191
27 390 6 398 14 275 25 412 37 422 168 43 435 185 446 191 193 69 325 71 454 473 95 241 116 120 122 380
22 394 139 143 274 279 163 36 420 424 49 309 438 190 193 194 72 340 470 345 358 380 383
11 163 70 295 8 136 279 216 248 348 284 382
14 131 420 325 452 168 108 270 16 177 276 438 343 344 90
14 320 257 287 134 331 333 338 114 277 85 407 311 253 191
15 385 291 4 390 358 361 363 269 399 276 277 23 29 446 445
26 3 138 270 398 277 33 418 425 298 173 301 432 176 434 178 183 314 317 63 453 81 83 469 349 356 371
13 256 322 291 10 172 399 340 20 54 152 217 380 94
23 393 140 21 23 284 160 33 418 291 162 421 182 442 64 327 74 208 94 352 98 235 245 124
14 388 6 137 236 109 83 244 214 153 410 315 252 185 254
27 131 394 267 141 405 22 284 34 39 424 306 310 62 447 451 67 327 72 328 459 463 227 229 358 106 119 382
20 192 196 169 426 203 108 429 268 367 81 370 404 181 405 23 151 443 60 157 447
16 322 101 425 301 334 397 304 208 115 89 378 250 412 285 28 191
26 384 4 13 14 15 271 19 155 28 414 32 289 160 428 434 51 178 311 317 73 202 470 343 89 355 127
30 260 136 397 141 406 409 154 35 293 167 169 301 430 435 61 447 322 455 71 458 466 83 212 216 220 355 229 378 252 253
17 257 321 132 265 74 169 76 45 141 367 110 209 370 212 309 282 443
17 161 258 387 326 12 461 46 47 44 209 273 467 243 436 214 184 58
19 94 257 452 6 296 169 140 174 143 113 274 307 212 373 241 279 187 350 126
23 129 131 132 5 393 15 156 33 165 422 40 176 313 207 339 212 85 343 344 101 108 113 114
15 194 323 67 261 358 263 102 293 21 55 377 121 285 61 479
14 257 130 453 262 294 362 429 270 49 114 437 187 315 95
25 384 134 8 145 19 21 284 159 292 422 167 172 431 186 77 462 213 89 356 101 365 248 378 251 380
21 192 2 424 328 330 235 395 170 72 136 337 469 86 470 246 57 473 441 155 185 347
16 33 386 131 130 194 7 238 271 432 305 368 182 474 283 350 383
20 384 449 257 355 131 196 104 9 299 15 208 111 371 20 214 247 215 186 350 287
11 384 290 387 259 165 66 199 296 105 71 311
22 277 283 285 157 161 304 309 439 63 327 329 461 79 211 88 106 111 242 371 116 380 255
21 289 356 453 230 136 296 365 81 369 435 116 181 210 151 152 218 474 123 477 94 349
19 451 100 324 387 233 105 235 460 329 395 147 21 117 183 152 309 218 476 477
22 130 7 10 406 415 287 435 320 69 198 71 200 70 470 215 347 221 226 228 357 238 121
23 7 145 276 408 25 292 164 294 304 178 51 181 63 76 206 350 478 98 103 235 241 120 126
23 128 386 8 266 142 275 148 153 284 418 163 423 434 317 189 319 320 196 204 85 222 234 380
20 129 101 134 360 329 363 395 236 235 239 464 76 17 180 469 26 250 93 221 31
13 416 289 128 259 133 199 109 209 49 19 308 342 443
14 257 290 294 7 102 234 43 428 267 138 80 49 61 351
23 5 269 154 289 296 426 427 47 306 442 314 321 449 329 460 208 219 91 352 364 244 251 253
19 416 105 9 139 427 44 400 305 337 80 148 53 278 84 247 281 315 284 91
18 64 98 259 298 235 304 465 273 19 115 306 53 440 313 58 251 414 191
15 259 420 6 455 391 457 205 303 17 212 406 377 60 189 31
18 416 63 354 99 132 36 201 43 333 143 244 182 470 185 28 157 350 189
22 26 162 310 185 58 455 204 333 463 336 215 218 93 223 96 353 363 368 114 246 119 251
13 352 2 34 40 9 43 427 109 143 178 469 152 283
22 386 142 23 180 53 310 437 314 443 197 71 460 212 470 473 356 230 358 236 239 245 248
23 14 19 276 404 153 410 33 422 423 299 306 54 185 319 451 326 76 464 228 361 241 245 248
12 449 130 131 195 41 430 19 53 439 24 121 446
13 324 452 134 326 426 330 459 81 402 374 28 156 124
16 99 451 388 326 296 329 42 393 205 239 337 434 403 61 189 159
20 384 161 224 35 450 322 166 263 34 429 142 302 368 301 206 246 118 155 381 190
21 386 131 67 322 455 137 266 109 46 398 270 334 434 54 151 88 89 217 411 27 414
25 383 386 389 14 408 292 36 428 302 178 442 60 452 332 461 206 467 341 215 225 98 99 244 378 255
18 161 354 451 167 40 234 396 76 302 175 108 178 248 217 250 344 249 287
14 66 100 69 360 361 13 47 113 146 468 23 280 408 410
26 266 272 144 151 30 418 164 296 169 43 300 46 432 50 200 204 461 468 469 87 345 94 362 244 119 125
15 97 34 35 170 139 43 300 46 398 236 52 150 60 317 95
19 95 289 193 132 390 327 167 458 204 14 369 146 114 436 116 246 408 346 191
13 128 478 326 364 333 460 372 309 215 27 157 62 351
19 96 448 290 355 100 5 99 299 395 205 235 271 16 338 181 123 252 476 155
20 32 5 134 391 263 201 106 363 204 394 46 298 307 84 183 24 311 347 188 191
17 258 323 324 36 134 390 322 231 66 355 461 402 437 277 354 281 412
24 261 9 19 410 156 31 417 425 427 171 430 189 192 337 219 92 349 479 224 99 360 363 371 244
19 192 32 226 452 293 200 427 171 237 80 242 51 308 21 312 121 184 123 220
19 67 4 165 261 104 73 297 139 395 110 143 210 52 278 216 121 347 443 381
22 2 133 264 284 286 417 421 301 174 302 432 49 309 456 332 212 345 347 220 96 113 255
17 352 42 171 44 267 77 143 175 335 205 276 213 86 216 346 91 378
20 225 258 451 358 230 72 166 173 78 335 272 146 18 52 19 120 441 28 93 190
18 288 5 38 426 170 237 302 142 403 371 184 377 218 314 252 61 475 158
22 389 8 274 408 410 292 166 423 439 63 447 68 199 205 207 468 86 478 351 223 246 382
18 161 2 353 292 68 230 396 397 272 50 435 180 373 118 347 348 188 349
21 419 133 358 423 326 294 427 139 77 365 399 144 303 13 12 45 181 149 183 407 91
14 256 32 162 388 197 111 368 208 213 182 471 120 217 351
17 225 36 326 70 391 393 233 135 334 144 273 176 309 376 218 314 94
14 64 258 67 388 69 262 4 11 207 401 436 315 60 283
13 97 2 451 36 200 73 360 267 107 204 270 115 438
28 385 17 146 148 277 151 157 33 39 167 178 307 436 438 56 65 451 325 72 333 83 472 474 234 363 367 369 244
25 1 7 135 11 13 416 301 434 50 53 56 447 193 455 342 475 357 358 360 364 108 378 252 126 383
18 162 322 166 199 428 236 366 14 273 375 152 55 58 90 282 285 60 63
19 288 353 320 227 132 385 168 456 201 239 112 305 463 272 244 311 473 221 30
15 320 387 69 166 261 360 393 12 13 208 305 51 115 83 190
20 224 131 291 357 329 11 171 269 177 210 437 86 87 342 441 217 219 349 382 95
20 352 33 387 36 37 166 453 296 233 362 76 205 430 237 80 434 54 220 413 415
29 392 267 268 22 280 25 34 42 432 436 437 57 318 447 67 200 334 467 477 224 225 353 227 363 110 111 238 115 120
23 136 137 16 277 280 29 37 38 169 49 307 188 63 321 73 75 466 473 476 220 355 113 382
26 392 402 29 161 418 168 299 52 183 440 441 443 189 193 71 203 459 85 476 221 95 225 234 371 119 120
16 385 67 388 457 393 44 364 268 204 208 113 80 115 83 116 31
20 257 354 451 196 452 357 455 197 392 232 41 396 9 234 432 436 244 342 221 158
15 353 386 101 230 70 169 299 301 209 150 374 443 29 318 159
21 128 31 290 349 4 165 422 39 456 101 356 274 371 309 151 442 155 28 317 254 351
10 37 70 11 460 398 177 433 216 27 127
28 387 133 390 400 20 276 23 282 416 426 431 303 53 55 56 186 189 67 197 198 201 203 77 478 362 121 250 253
22 137 11 12 13 273 18 155 422 174 48 179 182 311 194 197 457 78 211 104 235 365 114
15 319 385 134 105 235 463 335 143 276 404 216 123 349 413 223
22 258 269 17 409 154 30 32 418 174 57 443 318 191 343 345 474 349 479 102 366 111 251
19 288 323 292 3 166 293 169 170 395 433 305 148 247 471 346 474 122 93 447
11 4 37 41 202 75 431 275 122 187 124 381
19 288 33 34 3 100 323 322 101 200 205 17 210 19 148 181 279 61 382 447
13 363 108 45 208 81 338 148 180 86 58 187 443 127
21 449 418 41 332 333 12 172 236 47 307 308 245 438 439 471 467 26 379 93 317 255
13 98 261 454 7 239 113 82 243 437 311 186 317 446
18 96 418 387 162 357 226 34 200 10 365 463 240 402 115 216 282 444 61
23 260 267 140 141 407 415 34 167 179 440 58 316 193 452 72 331 76 79 342 359 104 116 379
13 448 479 319 290 2 167 73 337 275 184 248 92 223
26 386 389 262 274 19 150 26 413 30 166 168 50 56 189 69 326 199 456 457 458 338 105 236 246 251 252
17 319 413 354 161 198 426 333 111 338 53 341 24 58 124 253 60 125
22 3 261 397 19 31 292 298 176 437 439 316 455 74 75 80 232 362 109 371 377 251 252
17 320 64 328 361 10 107 140 392 143 207 49 118 279 185 314 379 415
24 386 389 263 17 149 22 410 286 162 290 35 47 318 195 197 328 200 330 343 218 350 361 240 123
17 225 290 41 107 204 206 401 402 435 148 84 21 213 156 221 126 447
11 383 130 100 168 206 273 402 51 87 281 319
19 352 64 68 229 11 76 13 236 462 173 85 151 439 313 471 247 476 382 158
15 162 35 66 101 102 430 48 338 435 148 437 117 27 251 190
20 225 258 321 97 452 6 39 72 137 237 269 207 179 339 344 312 378 219 478 286
16 96 320 452 229 230 391 107 364 464 465 434 19 212 116 344 253
20 352 67 420 70 423 393 367 16 308 181 21 149 119 120 58 342 276 253 414 479
26 388 9 141 270 15 419 169 298 175 303 51 54 182 440 442 443 207 337 82 212 362 367 113 372 245 253
26 391 10 139 16 403 404 157 288 289 295 298 305 310 441 318 64 73 75 461 341 217 477 367 119 123 382
18 66 3 164 5 262 41 42 203 299 76 297 80 337 208 83 218 27 478
13 418 453 230 171 204 338 115 306 442 219 381 190 223
14 290 167 74 202 332 397 334 47 237 113 338 207 156 285
21 96 129 130 163 1 288 135 359 361 362 300 333 463 48 400 82 432 175 23 280 154
24 1 386 132 5 137 266 268 147 165 422 295 301 182 194 341 470 344 348 104 365 376 377 126 383
20 162 3 325 135 105 234 107 330 462 112 305 146 468 405 54 85 344 123 444 28
18 318 1 319 202 235 12 45 238 270 208 243 22 471 376 59 443 62 415
22 386 135 266 16 273 160 35 292 40 41 298 175 60 197 333 472 101 102 104 115 126 127
23 9 11 141 398 271 286 417 418 293 40 300 430 47 302 436 182 63 65 454 473 218 116 382
17 387 420 421 167 72 42 267 236 238 78 242 178 180 279 123 189 126
22 257 9 19 277 157 160 163 164 452 76 466 473 91 475 98 105 362 106 366 369 118 374
18 194 454 262 363 236 203 428 78 176 400 211 244 470 184 282 26 125 382
16 419 451 325 455 136 73 106 397 174 46 304 271 146 237 153 30
22 393 15 400 144 274 18 401 410 154 289 36 434 188 322 199 74 89 475 233 105 243 375
16 224 451 293 453 391 425 202 459 393 239 402 343 444 349 318 255
22 392 267 24 158 291 427 303 433 183 440 311 439 442 325 461 336 342 358 231 368 121 253
17 226 5 261 38 392 171 11 208 433 145 243 340 116 279 26 379 27
27 139 145 146 407 409 153 283 412 410 162 295 425 297 52 438 200 74 332 461 89 222 106 365 367 370 247 123
27 398 145 404 25 156 158 287 166 300 430 174 50 180 56 61 318 198 205 334 468 84 342 217 369 242 253 254
15 417 131 132 134 135 265 75 398 334 114 115 343 443 475 415
21 163 195 229 165 197 296 40 266 11 139 305 277 151 407 217 312 475 187 61 414 29
20 321 162 420 229 165 71 391 9 42 11 204 429 301 174 302 363 395 470 152 479
28 129 133 262 392 8 145 147 20 287 160 164 303 307 56 448 450 67 78 341 472 102 233 234 362 370 246 121 252
17 96 66 452 454 295 394 299 206 239 369 50 216 57 185 92 380 478
22 257 265 17 288 417 293 37 421 41 169 42 43 64 323 71 330 470 226 231 233 381 255
27 390 391 276 150 406 29 416 293 451 196 198 329 334 466 468 347 220 476 223 97 356 233 109 244 376 250 122
17 384 193 386 259 5 102 38 330 11 76 43 42 17 247 154 443 286
17 64 225 67 391 298 333 109 51 275 149 22 55 442 380 476 317 287
18 352 164 261 326 263 72 166 202 198 457 205 207 463 278 408 24 56 382
18 448 416 451 40 107 236 78 338 274 146 373 374 311 184 152 218 60 413
26 7 137 140 400 18 25 155 304 437 444 445 317 319 197 70 200 458 465 87 88 96 234 106 240 374 376
16 223 34 67 261 389 42 14 271 142 338 150 282 28 252 350 286
17 32 195 388 4 199 137 331 363 462 303 336 306 55 119 409 184 94
17 448 416 418 256 384 263 232 16 369 50 467 245 117 347 59 29 254
15 161 450 3 165 390 294 328 170 108 48 114 275 54 217 251
17 288 33 228 262 425 106 394 108 13 366 433 468 438 279 313 90 222
28 258 131 6 11 18 147 159 289 419 164 37 40 170 427 47 306 446 450 220 95 226 100 236 108 241 243 121 380
16 102 198 393 364 114 83 148 277 342 406 468 282 59 28 29 31
17 160 137 106 139 363 265 271 400 207 370 468 57 27 220 285 30 93
16 224 2 195 162 100 199 234 428 269 368 241 146 466 212 24 445
11 450 167 238 306 371 213 277 342 91 125 253
16 162 196 392 363 299 77 335 175 176 434 149 54 25 346 187 286
13 356 7 167 265 266 16 401 338 245 118 408 156 31
18 95 259 131 420 294 71 268 366 80 337 19 84 213 20 313 346 58 415
29 128 2 6 154 155 414 165 39 41 298 43 428 434 306 181 185 317 64 449 323 210 86 217 220 225 100 358 362 249
16 255 65 419 358 7 75 432 305 146 19 376 346 283 92 318 191
19 32 321 260 390 295 327 393 138 362 333 13 303 402 18 377 186 444 222 383
25 256 2 258 268 13 143 399 401 146 280 153 283 36 307 436 191 320 195 68 468 469 98 372 122 123
27 130 8 271 274 406 156 164 292 168 44 303 48 431 438 444 455 330 215 472 353 99 360 233 235 372 244 118
22 401 146 147 404 280 282 37 424 429 437 184 440 449 68 73 342 343 218 232 112 124 125
19 321 38 167 106 107 426 202 462 366 242 306 245 406 410 154 348 253 414 158
25 130 386 265 269 143 19 277 279 152 24 26 172 428 176 306 51 187 61 196 203 82 468 353 243 371
17 417 323 71 359 9 425 263 140 43 363 336 401 340 212 246 119 406
20 384 67 419 261 389 328 136 361 203 267 269 142 458 272 308 21 118 184 444 253
22 128 1 398 405 23 290 291 425 428 304 441 316 65 457 462 466 86 227 360 247 249 121
13 96 322 387 420 71 360 107 172 142 274 217 124 254
21 383 255 33 389 71 41 77 366 302 80 174 82 243 20 50 246 374 407 55 185 319
17 226 451 99 390 336 241 369 276 309 470 119 438 373 122 187 347 346
19 416 162 68 421 38 39 358 170 298 271 464 239 84 374 247 151 249 155 159
23 389 263 146 20 278 281 410 413 414 163 36 423 303 181 55 455 211 84 343 89 349 226 375
11 298 174 208 50 307 21 153 220 125 189 222
16 191 162 323 388 4 134 195 453 104 426 367 275 84 375 317 95
24 386 3 8 137 284 413 161 292 428 302 48 313 315 324 327 456 77 210 222 95 107 111 112 254
18 320 1 195 3 457 106 203 427 77 269 82 403 340 20 377 475 477 223
20 448 157 317 452 392 74 235 138 337 275 149 310 150 312 282 250 475 61 94 31
13 418 204 208 49 402 241 52 465 246 346 316 93 445
18 384 194 38 230 13 270 80 17 114 209 276 470 120 409 57 281 156 155
20 321 131 294 358 457 395 172 461 206 143 369 50 403 276 212 372 84 24 122 90
19 33 356 422 263 9 233 462 207 336 111 50 51 370 210 150 311 120 253 191
20 160 193 65 259 326 199 457 458 336 306 243 84 276 148 85 313 26 219 382 159
20 160 353 321 69 390 389 325 427 304 401 113 17 339 53 470 55 153 249 474 190
24 136 270 273 408 29 414 285 286 413 299 177 184 313 58 185 59 455 456 460 77 354 101 112 121
24 258 270 408 409 37 422 295 172 176 179 309 53 183 438 452 329 343 222 102 358 104 105 106 374
18 32 65 418 229 359 72 39 263 203 172 174 15 24 409 187 285 414 95
16 351 353 258 286 225 101 69 302 335 433 52 21 53 181 382 447
23 133 135 19 410 158 416 36 174 432 177 436 182 57 60 190 62 320 329 458 223 362 368 380
16 260 324 360 40 395 204 48 241 49 50 22 474 91 123 61 188
17 192 290 106 76 269 173 367 111 146 435 440 153 90 120 28 93 350
24 256 135 8 13 142 271 277 406 158 167 186 78 340 84 468 90 222 95 94 230 360 362 363 254
19 451 227 37 422 167 104 297 42 203 202 101 336 308 474 410 316 349 413 379
17 64 164 420 198 5 76 398 400 18 211 50 402 278 315 188 382 383
22 262 11 396 16 148 150 407 408 30 415 419 318 321 322 72 332 82 83 351 352 374 247
15 192 417 161 295 425 11 461 112 17 464 275 310 218 186 382
19 225 2 129 196 389 422 133 135 169 395 364 142 111 176 337 368 83 17 403
22 385 258 135 406 290 34 420 421 41 298 46 440 60 81 92 359 361 233 110 366 240 124
21 350 66 451 7 169 73 139 396 174 303 176 305 276 373 117 152 441 475 444 126 159
22 256 257 386 129 400 152 156 42 305 433 442 199 327 207 338 468 215 472 223 230 109 122
11 130 196 292 230 8 428 143 239 79 250 447
17 417 290 67 452 391 173 46 271 401 309 54 440 216 315 60 412 222
23 263 148 21 283 33 423 40 54 312 188 198 199 74 81 469 349 97 98 364 237 238 236 255
23 7 10 395 11 13 19 406 167 175 178 185 66 327 199 467 232 104 107 364 109 240 372 382
29 128 392 398 274 148 280 287 32 161 33 163 37 296 42 177 49 435 58 453 345 90 217 354 101 108 368 116 372 382
26 129 3 136 273 283 28 286 158 32 287 424 172 50 308 310 56 57 441 316 448 193 325 327 461 344 105
18 416 161 3 324 201 75 206 430 48 241 370 244 85 278 373 411 381 286
13 255 34 324 167 423 361 265 141 465 434 120 285 447
20 192 225 450 195 353 5 70 160 455 44 365 241 145 115 275 82 21 440 476 62
17 67 230 326 328 137 362 460 77 78 13 114 275 375 471 119 25 88
15 324 167 328 138 11 300 172 463 208 18 436 469 474 219 413
17 418 130 420 325 264 328 266 301 334 16 115 83 277 213 118 123 125
20 452 391 8 170 236 108 396 335 366 465 79 372 341 22 245 377 411 124 445 221
18 129 257 3 420 392 394 365 333 431 20 404 148 152 281 474 409 249 31
15 385 98 419 324 354 104 296 239 144 369 467 85 57 124 63
15 66 387 451 453 10 298 364 12 371 275 373 87 377 410 189
14 288 297 141 366 306 213 245 149 152 155 411 475 446 478
15 447 414 161 357 74 44 110 367 465 434 54 279 474 30 127
17 193 353 99 165 230 454 296 265 177 310 152 345 186 411 347 412 156
17 32 4 262 135 328 230 170 172 173 461 272 81 122 475 442 445 380
21 288 193 226 36 132 394 362 269 111 176 208 112 403 54 153 218 249 156 189 381 317
15 320 2 391 360 73 42 235 363 109 19 211 437 381 126 95
18 64 225 389 326 106 170 234 205 365 431 144 306 403 275 183 154 60 158
19 223 33 419 165 230 232 9 234 429 142 145 50 147 276 17 281 189 62 285
32 263 264 265 395 15 271 406 23 410 416 292 422 424 429 304 313 441 316 317 450 324 201 81 469 470 471 96 355 356 239 243 382
23 385 387 388 267 268 270 146 403 412 37 45 320 192 450 453 204 461 210 472 221 224 240 114
21 128 161 419 293 421 296 458 427 365 176 401 114 178 144 85 469 246 378 379 93 479
23 3 266 141 275 149 151 410 28 416 170 46 48 49 181 182 57 325 456 208 466 221 115 251
27 128 132 146 274 405 22 407 417 290 42 311 442 60 193 449 329 77 335 465 349 95 97 233 369 116 381 255
18 64 257 386 67 289 37 259 361 203 396 398 176 112 434 82 51 245 405
22 143 147 281 409 418 163 422 166 426 52 317 195 81 338 474 91 479 97 106 240 369 373
22 134 16 148 405 157 414 294 300 45 302 46 58 443 188 321 347 477 223 354 231 361 111
13 321 162 292 135 425 367 208 370 339 307 83 89 95
22 133 8 395 141 402 153 291 293 38 294 429 51 315 443 191 319 67 196 474 350 112 380
14 322 163 420 324 166 231 361 458 460 175 52 439 183 316
19 33 2 161 353 231 136 169 364 13 272 211 20 117 439 377 282 153 446 63
27 384 3 265 142 146 412 158 425 44 54 311 58 317 191 320 72 211 351 225 230 102 371 247 248 378 381 253
17 160 289 98 451 261 327 10 171 76 46 337 405 184 120 283 284 446
23 386 3 388 270 279 410 154 285 291 294 56 188 444 70 199 333 461 223 102 114 243 373 125
19 383 321 162 323 420 419 234 11 363 463 112 402 245 309 407 60 381 286 351
18 194 386 2 198 390 362 427 172 268 365 367 208 113 81 311 123 252 187
27 263 142 400 404 405 278 27 286 160 422 424 40 299 174 304 65 70 201 73 78 79 89 348 220 354 119 251
23 270 399 274 402 278 407 152 37 38 428 309 443 316 61 342 88 473 353 354 361 368 249 250
15 96 449 2 323 102 73 362 74 426 205 10 425 57 442 191
16 355 133 102 359 390 302 49 116 85 20 214 24 121 372 92 93
20 321 99 71 424 457 137 171 236 46 463 240 239 18 143 341 406 375 25 474 59
14 2 228 70 296 168 75 268 461 174 343 154 378 475 380
29 3 133 262 400 23 279 410 159 161 34 293 178 313 318 322 67 197 73 80 344 222 97 98 231 234 239 243 375 254
23 385 140 402 277 424 40 42 298 301 176 312 449 451 326 76 469 89 346 349 477 229 103 108
17 66 132 358 394 267 141 430 110 302 17 432 143 244 345 378 313 413
22 128 4 135 409 282 414 290 418 304 308 53 194 325 73 202 332 78 206 225 109 366 378
22 129 137 401 18 277 151 410 33 440 318 193 195 198 199 209 224 352 354 246 122 378 124
20 290 322 356 261 422 453 201 42 237 174 239 430 175 113 307 436 468 83 344 57
14 33 130 39 264 42 273 433 342 152 409 379 124 188 479
23 144 275 20 284 414 166 430 432 50 53 57 188 192 454 74 461 471 349 354 240 371 373 246
23 139 269 400 273 20 309 56 442 59 449 74 459 212 87 347 351 227 358 233 372 373 123 381
16 226 291 4 131 454 260 360 428 241 370 339 244 401 154 474 188
23 391 139 268 269 277 281 413 32 44 437 312 317 449 321 210 467 212 92 224 366 367 112 118
23 256 3 265 20 279 158 32 427 300 49 178 195 71 214 216 88 475 233 366 243 118 247 251
27 136 395 269 274 148 279 282 287 427 174 47 309 186 187 198 199 332 463 470 220 93 96 225 356 103 106 127
19 126 385 195 228 232 171 428 332 204 12 16 51 344 154 58 124 316 350 381
19 2 355 452 101 168 105 75 14 274 83 148 21 466 23 146 278 28 317 446
17 64 357 390 268 461 206 208 400 50 276 213 471 23 345 125 189 29
17 96 129 66 451 162 167 168 138 234 77 206 110 338 339 473 475 254
24 134 8 265 151 43 172 177 181 54 184 57 445 191 333 214 216 97 357 233 234 239 113 241 126
18 127 385 419 421 358 229 205 81 146 52 213 121 442 219 474 61 382 30
20 224 33 34 258 421 5 327 329 458 330 364 173 365 467 151 408 441 474 189 95
27 385 5 13 406 151 28 29 414 415 174 303 53 315 189 190 65 196 198 455 200 77 463 336 343 474 113 376
14 94 479 191 168 16 144 400 49 438 442 316 381 380 63
22 129 260 272 281 282 410 30 158 289 36 297 426 53 190 73 74 81 217 351 98 227 102
26 130 134 6 402 278 287 32 165 421 45 304 181 182 441 313 61 197 69 338 213 119 379 124 252 126 123
20 384 129 195 68 133 166 198 132 421 330 11 102 463 401 242 50 180 53 59 61
28 260 263 272 20 406 30 160 168 430 303 432 49 306 443 188 61 317 196 329 78 223 360 233 108 115 374 120 253
23 133 263 268 13 276 164 172 438 320 66 197 201 206 345 218 220 478 360 111 121 250 251 127
20 448 68 261 38 392 138 267 204 206 208 178 116 437 117 407 88 24 377 283 349
23 386 390 7 10 152 34 290 171 429 433 308 443 199 334 213 472 475 357 238 370 373 123 381
20 354 259 292 452 199 232 169 329 141 239 209 243 212 117 438 345 251 59 189 159
16 161 323 68 134 327 295 137 426 300 461 14 340 152 188 254 383
22 385 7 137 401 405 167 301 303 446 72 203 460 76 464 209 347 348 244 116 120 377 126
18 226 292 297 396 300 430 400 112 144 276 183 184 440 312 410 444 446 127
25 129 134 140 397 15 401 145 275 276 21 153 30 289 292 295 170 432 52 310 194 70 76 468 96 364
15 384 420 102 423 392 166 74 459 398 432 114 437 23 410 63
18 320 225 258 390 232 73 393 362 137 8 400 144 304 403 48 181 86 185
16 479 449 254 291 292 293 135 75 140 244 311 315 156 317 189 383
21 422 107 300 76 14 399 335 306 18 434 53 22 118 216 153 374 347 60 188 252 319
13 96 257 323 100 332 238 175 17 20 437 249 157 94
31 256 1 140 271 272 145 274 25 30 414 419 291 39 424 43 301 306 438 62 191 198 201 463 470 221 351 364 115 375 376 126
16 417 385 70 392 139 427 236 207 48 373 185 26 473 28 318 127
23 2 390 134 138 143 18 20 148 36 423 304 50 178 53 319 450 204 206 211 360 245 246 126
23 259 388 401 147 21 407 412 414 420 169 52 440 315 193 68 70 71 84 85 86 216 360 380
18 417 289 98 129 296 169 394 140 205 110 336 337 18 83 368 315 347 446
17 450 326 103 424 394 172 76 46 140 17 402 178 82 214 56 282 91
18 450 419 452 197 359 361 142 302 275 340 150 216 89 248 376 220 93 25
25 136 272 147 278 25 26 285 161 42 45 431 48 60 62 452 73 345 475 477 98 228 108 111 368 382
24 2 389 266 272 401 17 275 287 35 36 68 198 465 89 474 351 352 227 230 359 361 233 367 240
19 193 162 131 67 133 329 362 334 208 336 114 275 245 182 56 408 412 253 316
21 37 294 424 296 202 43 429 271 143 273 81 117 118 119 375 217 85 443 284 221 381
19 321 35 389 135 456 73 392 9 142 367 144 147 116 373 377 156 285 254 63
19 449 194 356 37 456 105 457 44 366 113 466 371 469 150 439 24 250 475 156
21 225 34 66 356 262 70 328 199 137 102 431 399 306 114 149 86 311 88 217 61 319
24 6 7 395 151 156 36 421 422 296 297 298 431 57 185 463 85 221 356 230 361 107 112 371 372
20 64 33 128 99 228 422 423 70 398 399 430 149 406 247 118 216 28 221 317 95
20 64 416 450 419 322 257 262 134 421 167 11 460 12 300 305 278 56 473 28 349
15 64 127 66 394 362 399 177 307 472 345 409 411 413 189 126
22 388 394 274 275 21 154 284 292 49 451 195 457 201 461 338 470 351 97 102 114 124 127
30 133 136 406 282 285 286 288 164 298 302 176 183 447 68 325 200 72 334 462 466 211 84 340 90 91 228 360 234 249 122
21 96 470 259 452 293 166 294 105 107 460 464 438 86 311 57 313 187 251 59 279 447
24 392 9 14 291 420 297 307 308 439 330 332 333 84 212 471 474 90 353 355 356 239 121 254 383
26 386 391 272 19 23 408 154 415 35 437 58 314 447 320 75 203 336 81 466 212 347 229 358 247 124 382
17 448 257 98 4 456 138 10 76 271 47 406 152 186 155 444 91 30
9 290 425 459 171 401 243 85 150 252
15 65 98 324 7 391 426 13 237 15 305 338 467 17 218 190
20 161 387 227 133 423 199 266 394 460 302 271 240 338 467 150 248 314 59 411 94
19 479 68 421 263 104 456 295 331 172 429 138 367 305 274 245 246 53 57 95
15 97 354 103 456 296 362 137 398 178 115 276 85 338 27 219
18 192 417 127 128 36 197 454 231 103 426 15 241 145 26 58 221 286 383
21 384 439 37 295 426 80 112 306 403 339 273 22 151 119 182 410 123 347 381 156 31
21 352 417 226 420 134 359 392 234 235 170 109 373 118 439 182 313 122 155 187 189 95
22 130 139 267 279 29 286 159 418 168 169 304 436 444 321 449 195 70 335 209 360 250 252
16 385 225 100 389 427 171 429 435 344 57 152 410 60 477 412 156
20 320 33 38 198 425 460 237 206 463 401 113 83 50 469 309 56 379 476 253 350
21 191 225 286 94 324 6 167 265 204 334 367 208 142 244 52 183 57 185 124 30 63
25 257 388 261 138 276 148 25 421 42 55 60 190 447 192 65 323 202 467 83 346 92 228 234 368 124
24 2 10 271 148 28 429 46 438 54 322 452 328 330 461 206 80 210 339 220 94 109 374 125 254
14 32 188 386 294 326 41 273 241 177 83 220 61 412 127
9 453 458 43 367 178 277 56 312 190
16 99 197 200 235 460 142 367 464 143 180 469 86 409 187 283 94
20 224 225 34 227 195 226 159 94 233 394 43 425 252 310 440 474 444 316 350 222
17 33 289 199 360 394 203 398 431 15 177 403 86 441 378 156 478 479
20 384 319 169 363 172 203 430 47 335 276 373 22 24 89 442 440 123 349 222 287
19 192 97 386 387 388 229 162 418 321 298 171 267 211 340 312 57 441 286 351
23 1 3 260 262 17 274 407 283 297 170 175 180 187 445 62 65 453 477 97 230 359 251 124
28 1 386 258 392 10 11 400 405 149 407 154 286 420 292 295 427 172 435 449 195 331 462 209 469 347 220 352 224
18 320 97 411 5 263 11 397 142 339 22 151 312 154 282 443 475 62 191
17 448 352 450 328 201 203 107 333 142 301 305 433 145 438 470 89 90
23 131 137 265 290 41 428 316 445 191 447 453 198 335 471 344 474 90 350 229 110 121 252 380
19 288 451 4 421 390 327 168 291 165 332 78 435 20 181 470 183 84 315 285
21 63 287 416 195 356 133 265 394 233 331 397 77 47 336 49 177 434 437 214 315 319
16 96 447 450 163 69 326 359 204 461 333 370 51 246 281 476 479
17 416 315 37 108 113 18 115 147 151 24 184 88 90 443 381 478 222
14 3 200 265 267 365 78 239 16 273 211 20 85 317 285
20 192 350 388 293 166 132 103 169 42 100 44 271 435 118 343 216 376 220 414 479
17 383 353 163 419 102 360 138 43 173 144 146 118 152 441 285 222 127
15 449 291 259 133 389 455 8 232 107 140 235 429 110 281 217
22 4 10 16 401 18 274 277 408 24 35 305 315 189 191 72 80 208 215 92 95 103 365
21 383 254 322 259 292 293 197 73 364 239 48 145 434 20 183 442 346 316 348 350 63
21 448 289 419 228 6 295 456 458 170 203 429 301 175 304 432 463 465 462 336 219 124
25 403 156 159 296 298 427 45 58 443 320 321 194 69 332 333 208 82 217 218 479 100 238 368 115 127
15 32 321 73 457 206 432 468 213 85 469 437 441 283 475 221
21 416 1 194 2 37 390 133 328 232 106 5 239 208 241 276 214 343 152 311 470 59
26 129 387 133 134 15 399 20 414 415 416 288 421 167 429 188 325 74 463 86 473 347 111 373 381 126 383
16 320 130 323 67 163 102 391 71 10 307 182 440 472 284 285 94
17 64 128 258 100 139 236 112 465 275 436 149 308 435 311 312 187 220
24 259 393 13 405 31 293 170 431 49 180 58 316 68 453 330 205 345 218 232 361 119 121 251 125
20 252 193 219 387 100 388 230 267 82 341 86 215 24 153 250 56 378 245 158 383
28 129 133 261 264 138 397 400 145 146 404 277 155 419 171 45 438 319 191 325 197 75 461 462 338 466 470 230 375
29 1 131 270 146 151 411 35 421 422 165 43 172 432 178 308 310 54 184 324 469 87 474 350 354 364 237 112 375 380
22 259 5 134 263 143 401 279 293 38 40 173 46 302 437 71 210 88 220 94 116 123 127
14 384 66 163 42 206 16 209 177 403 113 471 346 380 95
17 66 228 165 36 455 72 9 197 268 238 176 50 466 149 251 123 93
16 96 164 421 389 135 170 299 107 108 426 111 181 54 21 124 445
20 288 385 130 323 420 451 227 355 168 297 202 333 142 243 468 117 214 57 315 188
22 14 273 24 281 287 38 422 299 304 305 310 190 198 455 462 81 89 223 355 232 249 254
27 258 4 262 15 274 22 152 25 27 411 422 172 431 186 318 65 195 455 469 341 96 352 360 237 240 244 118
17 385 324 294 392 393 235 428 144 339 147 85 470 149 472 282 350 447
27 385 259 265 395 144 19 407 158 34 40 297 428 431 305 310 55 185 68 460 208 475 102 360 106 235 379 124
21 416 414 64 292 263 328 201 456 395 43 332 114 179 275 307 182 471 474 443 62 158
22 15 18 153 159 172 428 302 180 189 319 453 460 333 216 92 222 224 362 107 243 377 379
20 384 417 2 355 351 358 8 106 45 111 272 17 211 437 277 151 471 313 184 31
30 130 138 394 268 403 148 19 20 409 159 33 52 57 188 448 68 200 204 77 334 84 469 85 90 91 95 115 374 120 253
26 5 150 25 159 163 294 296 431 434 436 311 184 452 453 455 201 84 351 225 99 234 238 123 253 126 381
13 256 258 358 102 142 239 335 175 242 467 150 54 121
20 416 165 359 136 361 71 108 205 46 396 404 21 438 183 149 313 90 89 92 415
20 32 35 422 103 136 137 297 425 268 77 397 205 302 433 51 116 406 408 474 285
18 192 34 387 66 103 170 11 298 269 337 273 49 372 117 470 150 472 151
20 449 129 3 451 293 326 393 331 396 78 110 176 145 402 83 433 20 465 375 154
14 32 34 389 233 364 333 462 146 243 181 21 377 414 191
17 130 164 424 8 264 332 45 366 401 309 22 373 376 151 284 317 254
19 223 225 132 135 394 107 365 15 337 306 244 151 247 442 443 476 93 382 62
27 388 389 265 9 269 403 156 284 29 288 169 42 305 58 66 323 459 465 471 90 93 98 101 231 359 110 254
23 131 392 9 11 142 426 298 314 322 198 199 74 335 464 470 89 92 479 225 234 110 372 245
19 288 226 99 68 327 328 8 138 170 333 14 464 16 240 404 438 119 343 125
8 7 426 14 465 55 410 347 319
13 287 32 256 330 299 12 240 274 116 374 279 379 95
15 106 42 13 431 466 403 275 85 278 276 375 153 378 445 383
18 32 450 36 72 11 268 300 46 397 203 177 179 180 181 342 377 59 61
24 128 2 386 9 141 14 20 281 35 171 432 58 73 465 466 337 340 350 232 239 368 244 378 125
19 192 323 132 198 423 10 76 205 429 111 271 465 239 334 210 309 281 158 127
19 64 353 293 70 391 326 171 429 238 369 115 469 310 120 441 312 28 477 444
14 64 417 128 289 140 333 334 462 305 402 244 148 474 220
18 352 192 419 452 355 358 295 168 326 236 45 401 178 146 115 408 89 189
19 97 163 291 261 196 421 72 228 106 453 462 79 177 467 277 410 412 157 447
17 451 291 267 44 462 15 47 144 178 210 243 142 213 439 247 401 252
15 474 216 451 166 200 400 310 280 409 472 187 380 412 446 441
22 141 399 146 28 413 35 168 46 175 50 51 182 189 452 457 74 76 211 341 218 94 101
14 160 194 2 355 3 72 238 432 146 210 471 120 94 383
19 256 449 96 163 292 261 4 456 394 301 111 307 84 438 472 219 349 318 254
24 136 142 33 172 176 49 308 436 190 322 457 459 79 207 84 351 229 113 242 241 377 378 124 383
13 66 197 71 359 333 14 116 181 117 85 60 28 318
11 353 74 170 300 301 338 404 181 470 214 25
31 260 7 136 8 402 150 27 161 290 163 171 48 305 179 441 447 320 71 201 202 203 73 333 464 337 338 349 479 231 369 119
15 450 130 100 452 391 458 111 272 369 399 149 183 24 477 318
14 449 2 197 207 240 337 82 19 52 85 437 182 318 479
15 448 289 423 169 173 272 273 468 439 280 24 345 347 343 478
15 195 99 389 4 228 392 10 141 206 335 273 338 403 407 319
19 192 383 290 384 415 42 426 141 15 112 51 214 183 121 314 27 410 445 31
19 384 257 101 71 103 329 331 268 78 175 368 400 206 437 470 312 123 413 221
10 416 289 194 135 41 53 438 215 27 350
21 449 1 451 5 358 264 328 170 329 460 456 13 175 239 298 178 55 280 92 29 351
19 352 225 2 131 35 359 328 173 335 274 467 371 405 117 247 440 346 29 254
23 259 262 16 28 34 168 297 309 60 317 451 196 71 327 457 332 335 345 96 355 364 123 126
19 219 386 266 172 397 14 49 115 404 436 374 372 184 26 282 92 189 382 127
9 452 69 358 39 297 170 237 141 274
21 479 224 3 232 360 42 299 107 429 174 145 370 147 469 373 151 376 441 408 94 319
11 133 105 331 240 177 146 338 210 438 216 126
23 136 11 143 412 292 296 433 178 50 184 315 207 464 90 91 350 95 110 368 370 372 375 254
20 385 98 451 99 325 230 390 363 460 269 48 176 406 279 88 313 250 347 411 478
21 258 163 194 326 328 73 300 428 206 367 12 144 306 18 53 22 86 312 406 474 412
13 33 164 132 14 206 146 372 469 373 87 57 474 221
19 160 448 63 355 387 64 390 100 389 79 400 337 117 149 470 344 315 446 158
22 2 268 399 161 35 170 427 302 444 190 321 199 456 459 77 81 471 87 348 223 353 121
16 227 36 424 333 177 50 243 275 437 241 311 407 89 250 27 381
19 451 69 7 43 45 207 175 79 341 54 247 343 473 470 283 438 445 374 440
20 128 321 386 387 352 225 294 167 232 362 363 234 400 145 402 54 152 216 90 443
22 394 139 10 268 19 282 290 36 298 172 301 309 438 56 442 330 202 205 340 217 99 234
16 161 5 425 207 176 209 404 342 343 278 121 218 57 346 157 286
12 162 3 328 137 140 310 375 408 183 285 125 319
20 382 289 450 259 163 418 328 206 15 302 17 275 182 312 344 186 376 477 158 94
16 386 356 421 69 168 267 269 367 432 113 81 51 245 85 61 190
20 96 449 67 70 103 72 8 455 6 230 200 425 79 176 115 119 89 186 123 61
19 226 131 454 103 266 267 202 237 364 207 240 210 18 342 56 27 59 348 222
20 196 262 134 136 362 428 108 14 337 306 19 372 307 281 217 379 27 317 59 319
15 416 191 287 38 71 40 332 109 396 271 210 116 405 278 479
13 158 67 132 324 169 11 429 270 335 466 148 30 319
18 65 325 390 200 105 424 363 45 79 207 468 53 150 341 212 153 156 223
14 449 226 101 362 395 46 335 112 116 85 374 378 123 159
19 64 159 130 355 324 138 107 396 460 368 179 246 471 248 217 343 443 314 479
21 258 67 39 8 200 234 12 45 365 175 48 304 82 211 276 302 83 402 376 121 285
19 160 97 98 452 101 134 105 362 234 236 205 142 74 464 457 435 156 220 383
13 225 130 260 357 395 139 236 398 112 152 59 316 479
14 383 289 322 354 132 454 72 234 337 23 26 60 350 479
19 448 354 67 291 358 73 330 237 47 368 16 276 20 119 311 59 380 125 315
15 290 386 230 426 394 46 400 209 244 216 155 220 29 254 383
13 259 390 295 328 171 43 302 177 148 149 374 26 474
16 227 420 356 70 332 108 44 303 177 369 212 404 340 27 444 94
25 392 399 144 403 281 158 415 428 432 448 452 456 72 74 76 79 81 211 340 348 224 229 103 375 379
13 322 226 67 231 360 266 107 141 302 82 278 123 223
25 258 387 131 130 267 144 21 414 161 297 170 299 174 303 52 436 438 184 446 454 199 465 213 228 360
19 448 261 262 133 296 266 331 298 141 427 238 113 178 21 471 55 472 221 413
18 2 35 324 227 326 194 171 235 462 143 144 273 18 370 112 146 470 152
35 385 3 392 9 12 20 278 158 291 426 300 45 428 303 304 305 306 440 184 314 190 452 325 73 331 332 206 338 348 96 355 230 103 363 247
28 387 134 269 15 404 277 279 280 26 411 157 415 34 162 166 170 182 198 199 213 217 345 479 98 355 362 364 367
23 384 385 141 142 277 281 413 29 30 427 437 53 318 321 450 327 86 90 220 232 106 236 237
17 193 259 100 132 388 327 331 175 432 242 214 472 216 188 61 30 286
19 450 2 132 101 103 13 77 79 176 177 307 19 85 86 278 375 378 284 30
23 1 389 7 265 267 280 286 421 293 176 435 311 440 196 197 454 71 324 329 470 93 357 112
16 417 97 67 194 196 38 359 431 240 50 242 213 24 283 157 446
13 35 420 421 200 424 360 305 337 373 407 216 186 351
17 352 353 129 8 456 203 428 46 144 19 148 182 407 472 408 253 159
21 163 388 165 38 199 295 201 426 43 12 235 333 75 369 209 180 116 36 311 251 254
13 288 384 61 291 36 356 255 366 334 464 477 318 93
18 352 226 387 228 421 35 197 452 393 266 170 12 42 202 463 308 58 476
27 384 1 393 266 398 19 153 160 33 290 164 295 297 43 428 311 317 190 64 80 467 88 350 233 373 249 378
20 192 320 26 453 456 137 168 44 13 16 241 82 19 215 154 283 347 90 93 351
21 287 355 39 104 8 264 395 429 237 15 45 307 117 182 21 23 26 378 221 349 351
12 226 454 295 296 105 73 369 466 280 124 253 446
18 128 98 322 100 453 391 232 170 365 432 274 211 340 85 470 54 249 253
20 287 162 227 324 39 8 426 398 399 144 110 306 51 54 119 344 345 285 350 381
20 417 97 386 420 325 292 70 232 331 76 236 107 369 17 211 468 411 476 253 29
